Random Naive Bayes Logistic Regression  NN 8  NN 16  NN 32  NN 64  NN 128 

42.0  85.0  63.0  74.0  76.0  77.0  69.0  73.0  

Random Naive Bayes Logistic Regression  NN 8  NN 16  NN 32  NN 64  NN 128 

55.0  80.0  65.0  75.0  77.0  74.0  73.0  75.0  

Random Naive Bayes Logistic Regression  NN 8  NN 16  NN 32  NN 64  NN 128 

51.0  77.0  59.0  68.0  70.0  62.0  66.0  69.0  

37.0  79.0  52.0  74.0  74.0  70.0  69.0  71.0 


46.0  68.0  57.0  62.0  70.0  73.0  67.0  66.0  

52.0  77.0  56.0  79.0  76.0  78.0  71.0  73.0  

58.0  74.0  64.0  74.0  71.0  70.0  73.0  77.0  

54.0  66.0  62.0  72.0  72.0  74.0  65.0  72.0  

54.0  83.0  52.0  70.0  71.0  71.0  71.0  67.0  

57.0  72.0  66.0  69.0  73.0  78.0  75.0  71.0  

44.0  76.0  68.0  76.0  68.0  70.0  70.0  73.0  

55.0  74.0  63.0  72.0  72.0  72.0  78.0  73.0  

48.0  73.0  59.0  73.0  72.0  69.0  69.0  66.0  

49.0  88.0  63.0  83.0  79.0  80.0  71.0  77.0  

39.0  76.0  65.0  72.0  74.0  75.0  73.0  71.0  

43.0  68.0  55.0  73.0  65.0  67.0  65.0  62.0  

50.0  73.0  65.0  72.0  68.0  67.0  64.0  71.0  

45.0  74.0  70.0 Random Naive Bayes Logistic Regression  NN 8  NN 16  NN 32  NN 64  NN 128 

47.0  71.0  62.0  75.0  72.0  68.0  69.0  66.0  

57.0  70.0  58.0  72.0  65.0  64.0  66.0  65.0  

49.0  76.0  60.0  71.0  75.0  70.0  70.0  72.0  

52.0  78.0  61.0  73.0  73.0  69.0  70.0  66.0  

52.0  71.0  53.0  72.0  75.0  68.0  69.0  70.0  

55.0  74.0  61.0  76.0  78.0  69.0  72.0  68.0  

50.0  78.0  67.0  71.0  72.0  70.0  67.0  73.0  

54.0  80.0  64.0  75.0  72.0  71.0  79.0  81.0  

63.0  79.0  66.0  74.0  67.0  75.0  79.0  71.0  

52.0  81.0  53.0  71.0  72.0  71.0  70.0  77.0  

45.0  76.0  57.0  78.0  74.0  72.0  72.0  82.0  

48.0  76.0  56.0  74.0  76.0  75.0  71.0  71.0  

50.0  77.0  52.0  69.0  65.0  64.0  63.0  65.0  

38.0  78.0  54.0  74.0  73.0  77.0  74.0  72.0  

45.0  77.0  55.0  69.0  71.0  70.0  72.0  76.0  

61.0  74.0  60.0  65.0  70.0  69.0  60.0  65.0  

53.0  78.0  59.0  73.0  76.0  70.0  67.0  68.0  

52.0  74.0  56.0  70.0  70.0  69.0  73.0  76.0  

59.0  77.0  71.0  75.0  73.0  77.0  75.0  73.0  

55.0  79.0  61.0  68.0  65.0  71.0  70.0  70.0  

39.0  73.0  61.0  72.0  69.0  72.0  63.0  68.0  

50.0  72.0  58.0  74.0  69.0  64.0  68.0  74.0  

48.0  76.0  57.0  73.0  70.0  70.0  73.0  63.0  

49.0  74.0  68.0  75.0  75.0  71.0  71.0  74.0  

48.0  65.0  56.0  70.0  73.0  63.0  66.0  67.0  

49.0  79.0  60.0  75.0  72.0  76.0  62.0  67.0  

50.0  76.0  64.0  80.0  78.0  71.0  74.0  76.0  

48.0  81.0  63.0  73.0  77.0  74.0  67.0  68.0  

48.0  74.0  62.0  78.0  77.0  71.0  74.0  75.0  

43.0  76.0  66.0  73.0  76.0  70.0  66.0  71.0  

39.0  79.0  53.0  72.0  77.0  73.0  72.0  70.0  

57.0  67.0  68.0  76.0  74.0  68.0  67.0  68.0  

42.0  74.0  65.0  68.0  64.0  62.0  62.0  64.0  

50.0  76.0  55.0  75.0  77.0  66.0  75.0  68.0  

49.0  74.0  58.0  74.0  71.0  66.0  64.0  72.0  

51.0  72.0  62.0  74.0  67.0  65.0  71.0  68.0  

50.0  68.0  56.0  68.0  68.0 