100535338638690515335
101626577406833098387
103236949470535942612
103241736833663734962
103752943025677384806
104226133029319075907
104607825525972194062
107223200089245371832
107362628080904735459
109596373340495798827
110538600381916983600
111048918866742956374
111091089527727420853
112573107772208475213
113597493946570654755
113799277735885972934
113881433443048137993
115121555137256496805
115360471097759949621
115455024457484679647
115573545440464933254
116315897040732668413
116825083494890429556
118107045405823607895
118379821279745746467
