1.895304e-51 1.160161e-10
0 0
0.9999129 0.9568723
6.819807e-41 1.362224e-12
1 0.9999998
0.9999766 0.001108321
3.705135e-21 3.547799e-20
1.175087e-09 0
1 1.682774e-84
1.224398e-08 2.844688e-08
0 0
3.254197e-28 8.681782e-13
1.458602e-19 9.368079e-61
0.2540059 9.242373e-35
3.363276e-112 6.105669e-18
0 0
2.535072e-199 5.95404e-98
0.01890079 1.457776e-07
0.7108466 0.1047838
0 0
9.512191e-300 5.769715e-266
0.002265455 1.096153e-07
0.9999998 0.002141476
5.742633e-06 0.000433904
1 0.2152107
