1.000000E+00
1.000000E+00
1.000000E+00
6.585389E-01
8.571429E-01
1.000000E+00
1.000000E+00
6.527140E-01
6.527140E-01
6.708204E-01
1.000000E+00
7.027284E-01
6.859943E-01
6.555548E-01
6.508541E-01
1.000000E+00
6.508541E-01
1.000000E+00
6.508541E-01
8.838835E-01
7.027284E-01
6.708204E-01
7.091957E-01
7.027284E-01
6.666667E-01
1.000000E+00
6.708204E-01
6.555548E-01
1.000000E+00
8.089011E-01
6.708204E-01
6.585389E-01
7.168604E-01
7.603453E-01
6.708204E-01
1.000000E+00
6.508541E-01
6.708204E-01
1.000000E+00
7.603453E-01
7.027284E-01
1.000000E+00
6.708204E-01
7.603453E-01
6.508541E-01
1.000000E+00
7.603453E-01
6.555548E-01
1.000000E+00
1.000000E+00
1.000000E+00
6.718548E-01
8.000000E-01
1.000000E+00
1.000000E+00
6.555548E-01
6.555548E-01
6.250000E-01
1.000000E+00
6.388766E-01
7.180220E-01
6.285394E-01
6.403124E-01
1.000000E+00
6.403124E-01
1.000000E+00
6.403124E-01
8.498366E-01
5.270463E-01
6.250000E-01
7.100227E-01
6.388766E-01
6.880209E-01
1.000000E+00
6.250000E-01
6.285394E-01
1.000000E+00
7.693093E-01
6.250000E-01
6.718548E-01
7.071068E-01
6.871843E-01
6.250000E-01
1.000000E+00
6.403124E-01
6.250000E-01
1.000000E+00
6.871843E-01
6.388766E-01
1.000000E+00
6.250000E-01
6.871843E-01
6.403124E-01
1.000000E+00
6.871843E-01
6.285394E-01
1.000000E+00
1.000000E+00
1.000000E+00
7.856742E-01
5.000000E-01
1.000000E+00
1.000000E+00
7.603453E-01
7.603453E-01
6.324555E-01
1.000000E+00
5.590170E-01
8.374896E-01
6.871843E-01
7.284314E-01
1.000000E+00
7.284314E-01
1.000000E+00
7.284314E-01
7.453560E-01
5.590170E-01
6.324555E-01
7.905694E-01
5.590170E-01
8.062258E-01
1.000000E+00
6.324555E-01
6.871843E-01
1.000000E+00
7.071068E-01
6.324555E-01
7.856742E-01
7.693093E-01
4.714045E-01
6.324555E-01
1.000000E+00
7.284314E-01
6.324555E-01
1.000000E+00
4.714045E-01
5.590170E-01
1.000000E+00
6.324555E-01
4.714045E-01
7.284314E-01
1.000000E+00
4.714045E-01
6.871843E-01
0.000000E+00
0.000000E+00
0.000000E+00
1.000000E+00
1.000000E+00
0.000000E+00
0.000000E+00
1.000000E+00
1.000000E+00
1.000000E+00
0.000000E+00
1.000000E+00
1.000000E+00
1.000000E+00
1.000000E+00
0.000000E+00
1.000000E+00
0.000000E+00
1.000000E+00
1.000000E+00
1.000000E+00
1.000000E+00
1.000000E+00
1.000000E+00
1.000000E+00
0.000000E+00
1.000000E+00
1.000000E+00
0.000000E+00
1.000000E+00
1.000000E+00
1.000000E+00
1.000000E+00
1.000000E+00
1.000000E+00
0.000000E+00
1.000000E+00
1.000000E+00
0.000000E+00
1.000000E+00
1.000000E+00
0.000000E+00
1.000000E+00
1.000000E+00
1.000000E+00
0.000000E+00
1.000000E+00
1.000000E+00
1.000000E+00
1.000000E+00
1.000000E+00
6.617173E-01
8.333333E-01
1.000000E+00
1.000000E+00
6.508541E-01
6.508541E-01
6.478835E-01
1.000000E+00
6.731456E-01
6.987712E-01
6.403124E-01
6.428243E-01
1.000000E+00
6.428243E-01
1.000000E+00
6.428243E-01
8.689661E-01
6.731456E-01
6.478835E-01
7.071068E-01
6.731456E-01
6.738558E-01
1.000000E+00
6.478835E-01
6.403124E-01
1.000000E+00
7.905694E-01
6.478835E-01
6.617173E-01
7.100227E-01
7.284314E-01
6.478835E-01
1.000000E+00
6.428243E-01
6.478835E-01
1.000000E+00
7.284314E-01
6.731456E-01
1.000000E+00
6.478835E-01
7.284314E-01
6.428243E-01
1.000000E+00
7.284314E-01
6.403124E-01
0.000000E+00
0.000000E+00
0.000000E+00
1.000000E+00
1.000000E+00
0.000000E+00
0.000000E+00
1.000000E+00
1.000000E+00
1.000000E+00
0.000000E+00
1.000000E+00
1.000000E+00
1.000000E+00
1.000000E+00
0.000000E+00
1.000000E+00
0.000000E+00
1.000000E+00
1.000000E+00
1.000000E+00
1.000000E+00
1.000000E+00
1.000000E+00
1.000000E+00
0.000000E+00
1.000000E+00
1.000000E+00
0.000000E+00
1.000000E+00
1.000000E+00
1.000000E+00
1.000000E+00
1.000000E+00
1.000000E+00
0.000000E+00
1.000000E+00
1.000000E+00
0.000000E+00
1.000000E+00
1.000000E+00
0.000000E+00
1.000000E+00
1.000000E+00
1.000000E+00
0.000000E+00
1.000000E+00
1.000000E+00
1.000000E+00
1.000000E+00
1.000000E+00
7.256909E-01
8.498366E-01
1.000000E+00
1.000000E+00
7.168604E-01
7.168604E-01
7.114582E-01
1.000000E+00
7.288690E-01
7.551904E-01
7.071068E-01
7.100227E-01
1.000000E+00
7.100227E-01
1.000000E+00
7.100227E-01
8.498366E-01
7.288690E-01
7.114582E-01
6.403124E-01
7.288690E-01
7.354022E-01
1.000000E+00
7.114582E-01
7.071068E-01
1.000000E+00
6.871843E-01
7.114582E-01
7.256909E-01
6.285394E-01
7.693093E-01
7.114582E-01
1.000000E+00
7.100227E-01
7.114582E-01
1.000000E+00
7.693093E-01
7.288690E-01
1.000000E+00
7.114582E-01
7.693093E-01
7.100227E-01
1.000000E+00
7.693093E-01
7.071068E-01
1.000000E+00
1.000000E+00
1.000000E+00
6.617173E-01
8.333333E-01
1.000000E+00
1.000000E+00
6.508541E-01
6.508541E-01
6.478835E-01
1.000000E+00
6.731456E-01
6.987712E-01
6.403124E-01
6.428243E-01
1.000000E+00
6.428243E-01
1.000000E+00
6.428243E-01
8.689661E-01
6.731456E-01
6.478835E-01
6.428243E-01
6.731456E-01
6.738558E-01
1.000000E+00
6.478835E-01
6.403124E-01
1.000000E+00
7.905694E-01
6.478835E-01
6.617173E-01
7.100227E-01
7.284314E-01
6.478835E-01
1.000000E+00
6.428243E-01
6.478835E-01
1.000000E+00
7.284314E-01
6.731456E-01
1.000000E+00
6.478835E-01
7.284314E-01
5.656854E-01
1.000000E+00
7.284314E-01
6.403124E-01
1.000000E+00
1.000000E+00
1.000000E+00
7.083291E-01
9.055385E-01
1.000000E+00
1.000000E+00
7.126096E-01
7.126096E-01
7.576044E-01
1.000000E+00
7.905694E-01
7.106335E-01
7.354022E-01
7.211103E-01
1.000000E+00
7.211103E-01
1.000000E+00
7.211103E-01
9.055385E-01
7.905694E-01
7.576044E-01
6.738558E-01
7.905694E-01
7.071068E-01
1.000000E+00
7.576044E-01
7.354022E-01
1.000000E+00
8.062258E-01
7.576044E-01
7.083291E-01
6.880209E-01
8.381404E-01
7.576044E-01
1.000000E+00
7.211103E-01
7.576044E-01
1.000000E+00
8.381404E-01
7.905694E-01
1.000000E+00
7.576044E-01
8.381404E-01
7.211103E-01
1.000000E+00
8.381404E-01
7.354022E-01
0.000000E+00
0.000000E+00
0.000000E+00
1.000000E+00
1.000000E+00
0.000000E+00
0.000000E+00
1.000000E+00
1.000000E+00
1.000000E+00
0.000000E+00
1.000000E+00
1.000000E+00
1.000000E+00
1.000000E+00
0.000000E+00
1.000000E+00
0.000000E+00
1.000000E+00
1.000000E+00
1.000000E+00
1.000000E+00
1.000000E+00
1.000000E+00
1.000000E+00
0.000000E+00
1.000000E+00
1.000000E+00
0.000000E+00
1.000000E+00
1.000000E+00
1.000000E+00
1.000000E+00
1.000000E+00
1.000000E+00
0.000000E+00
1.000000E+00
1.000000E+00
0.000000E+00
1.000000E+00
1.000000E+00
0.000000E+00
1.000000E+00
1.000000E+00
1.000000E+00
0.000000E+00
1.000000E+00
1.000000E+00
1.000000E+00
1.000000E+00
1.000000E+00
7.083291E-01
9.055385E-01
1.000000E+00
1.000000E+00
7.126096E-01
7.126096E-01
7.576044E-01
1.000000E+00
7.905694E-01
7.106335E-01
6.880209E-01
7.211103E-01
1.000000E+00
7.211103E-01
1.000000E+00
7.211103E-01
9.055385E-01
7.905694E-01
7.576044E-01
7.211103E-01
7.905694E-01
7.071068E-01
1.000000E+00
7.576044E-01
7.354022E-01
1.000000E+00
8.381404E-01
7.576044E-01
7.083291E-01
6.880209E-01
8.381404E-01
7.576044E-01
1.000000E+00
7.211103E-01
7.576044E-01
1.000000E+00
8.381404E-01
7.905694E-01
1.000000E+00
7.576044E-01
8.381404E-01
7.211103E-01
1.000000E+00
8.381404E-01
7.354022E-01
0.000000E+00
0.000000E+00
0.000000E+00
1.000000E+00
1.000000E+00
0.000000E+00
0.000000E+00
1.000000E+00
1.000000E+00
1.000000E+00
0.000000E+00
1.000000E+00
1.000000E+00
1.000000E+00
1.000000E+00
0.000000E+00
1.000000E+00
0.000000E+00
1.000000E+00
1.000000E+00
1.000000E+00
1.000000E+00
1.000000E+00
1.000000E+00
1.000000E+00
0.000000E+00
1.000000E+00
1.000000E+00
0.000000E+00
1.000000E+00
1.000000E+00
1.000000E+00
1.000000E+00
1.000000E+00
1.000000E+00
0.000000E+00
1.000000E+00
1.000000E+00
0.000000E+00
1.000000E+00
1.000000E+00
0.000000E+00
1.000000E+00
1.000000E+00
1.000000E+00
0.000000E+00
1.000000E+00
1.000000E+00
0.000000E+00
0.000000E+00
0.000000E+00
1.000000E+00
1.000000E+00
0.000000E+00
0.000000E+00
1.000000E+00
1.000000E+00
1.000000E+00
0.000000E+00
1.000000E+00
1.000000E+00
1.000000E+00
1.000000E+00
0.000000E+00
1.000000E+00
0.000000E+00
1.000000E+00
1.000000E+00
1.000000E+00
1.000000E+00
1.000000E+00
1.000000E+00
1.000000E+00
0.000000E+00
1.000000E+00
1.000000E+00
0.000000E+00
1.000000E+00
1.000000E+00
1.000000E+00
1.000000E+00
1.000000E+00
1.000000E+00
0.000000E+00
1.000000E+00
1.000000E+00
0.000000E+00
1.000000E+00
1.000000E+00
0.000000E+00
1.000000E+00
1.000000E+00
1.000000E+00
0.000000E+00
1.000000E+00
1.000000E+00
1.000000E+00
1.000000E+00
1.000000E+00
7.030868E-01
9.285714E-01
1.000000E+00
1.000000E+00
7.158911E-01
7.158911E-01
7.848038E-01
1.000000E+00
8.220592E-01
6.833841E-01
7.556373E-01
7.330731E-01
1.000000E+00
7.330731E-01
1.000000E+00
7.330731E-01
9.357113E-01
8.220592E-01
7.848038E-01
7.615773E-01
8.220592E-01
6.938335E-01
1.000000E+00
7.848038E-01
7.556373E-01
1.000000E+00
8.838835E-01
7.848038E-01
7.030868E-01
7.824247E-01
8.692270E-01
7.848038E-01
1.000000E+00
7.330731E-01
7.848038E-01
1.000000E+00
8.692270E-01
8.220592E-01
1.000000E+00
7.848038E-01
8.692270E-01
7.330731E-01
1.000000E+00
8.692270E-01
7.556373E-01
1.000000E+00
1.000000E+00
1.000000E+00
7.083291E-01
9.055385E-01
1.000000E+00
1.000000E+00
7.126096E-01
7.126096E-01
7.576044E-01
1.000000E+00
7.905694E-01
7.106335E-01
7.354022E-01
7.211103E-01
1.000000E+00
7.211103E-01
1.000000E+00
7.211103E-01
9.055385E-01
7.905694E-01
7.576044E-01
6.738558E-01
7.905694E-01
7.071068E-01
1.000000E+00
7.576044E-01
7.354022E-01
1.000000E+00
8.062258E-01
7.576044E-01
7.083291E-01
6.880209E-01
8.381404E-01
7.576044E-01
1.000000E+00
7.211103E-01
7.576044E-01
1.000000E+00
8.381404E-01
7.905694E-01
1.000000E+00
7.576044E-01
8.381404E-01
7.211103E-01
1.000000E+00
8.381404E-01
7.354022E-01
0.000000E+00
0.000000E+00
0.000000E+00
1.000000E+00
1.000000E+00
0.000000E+00
0.000000E+00
1.000000E+00
1.000000E+00
1.000000E+00
0.000000E+00
1.000000E+00
1.000000E+00
1.000000E+00
1.000000E+00
0.000000E+00
1.000000E+00
0.000000E+00
1.000000E+00
1.000000E+00
1.000000E+00
1.000000E+00
1.000000E+00
1.000000E+00
1.000000E+00
0.000000E+00
1.000000E+00
1.000000E+00
0.000000E+00
1.000000E+00
1.000000E+00
1.000000E+00
1.000000E+00
1.000000E+00
1.000000E+00
0.000000E+00
1.000000E+00
1.000000E+00
0.000000E+00
1.000000E+00
1.000000E+00
0.000000E+00
1.000000E+00
1.000000E+00
1.000000E+00
0.000000E+00
1.000000E+00
1.000000E+00
1.000000E+00
1.000000E+00
1.000000E+00
7.856742E-01
5.000000E-01
1.000000E+00
1.000000E+00
7.603453E-01
7.603453E-01
6.324555E-01
1.000000E+00
5.590170E-01
8.374896E-01
6.871843E-01
7.284314E-01
1.000000E+00
7.284314E-01
1.000000E+00
7.284314E-01
7.453560E-01
5.590170E-01
6.324555E-01
7.905694E-01
5.590170E-01
8.062258E-01
1.000000E+00
6.324555E-01
6.871843E-01
1.000000E+00
7.071068E-01
6.324555E-01
7.856742E-01
7.693093E-01
4.714045E-01
6.324555E-01
1.000000E+00
7.284314E-01
6.324555E-01
1.000000E+00
4.714045E-01
5.590170E-01
1.000000E+00
6.324555E-01
4.714045E-01
7.284314E-01
1.000000E+00
4.714045E-01
6.871843E-01
1.000000E+00
1.000000E+00
1.000000E+00
7.856742E-01
5.000000E-01
1.000000E+00
1.000000E+00
7.603453E-01
7.603453E-01
6.324555E-01
1.000000E+00
5.590170E-01
8.374896E-01
6.871843E-01
7.284314E-01
1.000000E+00
7.284314E-01
1.000000E+00
7.284314E-01
7.453560E-01
5.590170E-01
6.324555E-01
7.905694E-01
5.590170E-01
8.062258E-01
1.000000E+00
6.324555E-01
6.871843E-01
1.000000E+00
7.071068E-01
6.324555E-01
7.856742E-01
7.693093E-01
4.714045E-01
6.324555E-01
1.000000E+00
7.284314E-01
6.324555E-01
1.000000E+00
4.714045E-01
5.590170E-01
1.000000E+00
6.324555E-01
4.714045E-01
7.284314E-01
1.000000E+00
4.714045E-01
6.871843E-01
1.000000E+00
1.000000E+00
1.000000E+00
7.142857E-01
8.689661E-01
1.000000E+00
1.000000E+00
7.091957E-01
7.091957E-01
7.211103E-01
1.000000E+00
7.453560E-01
7.370567E-01
7.100227E-01
7.071068E-01
1.000000E+00
6.428243E-01
1.000000E+00
7.071068E-01
8.689661E-01
7.453560E-01
7.211103E-01
7.071068E-01
7.453560E-01
7.211103E-01
1.000000E+00
7.211103E-01
7.100227E-01
1.000000E+00
7.905694E-01
7.211103E-01
7.142857E-01
7.100227E-01
7.905694E-01
7.211103E-01
1.000000E+00
7.071068E-01
7.211103E-01
1.000000E+00
7.905694E-01
7.453560E-01
1.000000E+00
7.211103E-01
7.905694E-01
7.071068E-01
1.000000E+00
7.905694E-01
7.100227E-01
1.000000E+00
1.000000E+00
1.000000E+00
7.391304E-01
9.395810E-01
1.000000E+00
1.000000E+00
7.524066E-01
7.524066E-01
8.170618E-01
1.000000E+00
8.498366E-01
7.154260E-01
7.905694E-01
7.693093E-01
1.000000E+00
7.693093E-01
1.000000E+00
7.693093E-01
9.395810E-01
8.498366E-01
8.170618E-01
7.433034E-01
8.498366E-01
7.288690E-01
1.000000E+00
8.170618E-01
7.905694E-01
1.000000E+00
8.772293E-01
8.170618E-01
7.391304E-01
7.663274E-01
8.901615E-01
8.170618E-01
1.000000E+00
7.693093E-01
8.170618E-01
1.000000E+00
8.901615E-01
8.498366E-01
1.000000E+00
8.170618E-01
8.901615E-01
7.693093E-01
1.000000E+00
8.901615E-01
7.905694E-01
0.000000E+00
0.000000E+00
0.000000E+00
1.000000E+00
1.000000E+00
0.000000E+00
0.000000E+00
1.000000E+00
1.000000E+00
1.000000E+00
0.000000E+00
1.000000E+00
1.000000E+00
1.000000E+00
1.000000E+00
0.000000E+00
1.000000E+00
0.000000E+00
1.000000E+00
1.000000E+00
1.000000E+00
1.000000E+00
1.000000E+00
1.000000E+00
1.000000E+00
0.000000E+00
1.000000E+00
1.000000E+00
0.000000E+00
1.000000E+00
1.000000E+00
1.000000E+00
1.000000E+00
1.000000E+00
1.000000E+00
0.000000E+00
1.000000E+00
1.000000E+00
0.000000E+00
1.000000E+00
1.000000E+00
0.000000E+00
1.000000E+00
1.000000E+00
1.000000E+00
0.000000E+00
1.000000E+00
1.000000E+00
0.000000E+00
0.000000E+00
0.000000E+00
1.000000E+00
1.000000E+00
0.000000E+00
0.000000E+00
1.000000E+00
1.000000E+00
1.000000E+00
0.000000E+00
1.000000E+00
1.000000E+00
1.000000E+00
1.000000E+00
0.000000E+00
1.000000E+00
0.000000E+00
1.000000E+00
1.000000E+00
1.000000E+00
1.000000E+00
1.000000E+00
1.000000E+00
1.000000E+00
0.000000E+00
1.000000E+00
1.000000E+00
0.000000E+00
1.000000E+00
1.000000E+00
1.000000E+00
1.000000E+00
1.000000E+00
1.000000E+00
0.000000E+00
1.000000E+00
1.000000E+00
0.000000E+00
1.000000E+00
1.000000E+00
0.000000E+00
1.000000E+00
1.000000E+00
1.000000E+00
0.000000E+00
1.000000E+00
1.000000E+00
1.000000E+00
1.000000E+00
1.000000E+00
8.750000E-01
0.000000E+00
1.000000E+00
1.000000E+00
8.571429E-01
8.571429E-01
7.500000E-01
1.000000E+00
6.666667E-01
9.090909E-01
8.000000E-01
8.333333E-01
1.000000E+00
8.333333E-01
1.000000E+00
8.333333E-01
7.071068E-01
6.666667E-01
7.500000E-01
8.689661E-01
6.666667E-01
8.888889E-01
1.000000E+00
7.500000E-01
8.000000E-01
1.000000E+00
7.453560E-01
7.500000E-01
8.750000E-01
8.498366E-01
5.000000E-01
7.500000E-01
1.000000E+00
8.333333E-01
7.500000E-01
1.000000E+00
5.000000E-01
6.666667E-01
1.000000E+00
7.500000E-01
5.000000E-01
8.333333E-01
1.000000E+00
5.000000E-01
8.000000E-01
0.000000E+00
0.000000E+00
0.000000E+00
1.000000E+00
1.000000E+00
0.000000E+00
0.000000E+00
1.000000E+00
1.000000E+00
1.000000E+00
0.000000E+00
1.000000E+00
1.000000E+00
1.000000E+00
1.000000E+00
0.000000E+00
1.000000E+00
0.000000E+00
1.000000E+00
1.000000E+00
1.000000E+00
1.000000E+00
1.000000E+00
1.000000E+00
1.000000E+00
0.000000E+00
1.000000E+00
1.000000E+00
0.000000E+00
1.000000E+00
1.000000E+00
1.000000E+00
1.000000E+00
1.000000E+00
1.000000E+00
0.000000E+00
1.000000E+00
1.000000E+00
0.000000E+00
1.000000E+00
1.000000E+00
0.000000E+00
1.000000E+00
1.000000E+00
1.000000E+00
0.000000E+00
1.000000E+00
1.000000E+00
0.000000E+00
0.000000E+00
0.000000E+00
1.000000E+00
1.000000E+00
0.000000E+00
0.000000E+00
1.000000E+00
1.000000E+00
1.000000E+00
0.000000E+00
1.000000E+00
1.000000E+00
1.000000E+00
1.000000E+00
0.000000E+00
1.000000E+00
0.000000E+00
1.000000E+00
1.000000E+00
1.000000E+00
1.000000E+00
1.000000E+00
1.000000E+00
1.000000E+00
0.000000E+00
1.000000E+00
1.000000E+00
0.000000E+00
1.000000E+00
1.000000E+00
1.000000E+00
1.000000E+00
1.000000E+00
1.000000E+00
0.000000E+00
1.000000E+00
1.000000E+00
0.000000E+00
1.000000E+00
1.000000E+00
0.000000E+00
1.000000E+00
1.000000E+00
1.000000E+00
0.000000E+00
1.000000E+00
1.000000E+00
1.000000E+00
1.000000E+00
1.000000E+00
7.453560E-01
8.246211E-01
1.000000E+00
1.000000E+00
7.329325E-01
7.329325E-01
7.071068E-01
1.000000E+00
7.142857E-01
7.803133E-01
7.114582E-01
7.211103E-01
1.000000E+00
6.478835E-01
1.000000E+00
7.211103E-01
8.246211E-01
7.142857E-01
7.071068E-01
6.478835E-01
7.142857E-01
7.576044E-01
1.000000E+00
7.071068E-01
7.114582E-01
1.000000E+00
6.324555E-01
7.071068E-01
7.453560E-01
6.250000E-01
7.453560E-01
7.071068E-01
1.000000E+00
7.211103E-01
7.071068E-01
1.000000E+00
7.453560E-01
7.142857E-01
1.000000E+00
7.071068E-01
7.453560E-01
7.211103E-01
1.000000E+00
7.453560E-01
7.114582E-01
1.000000E+00
1.000000E+00
1.000000E+00
6.585389E-01
8.571429E-01
1.000000E+00
1.000000E+00
6.527140E-01
6.527140E-01
6.708204E-01
1.000000E+00
7.027284E-01
6.859943E-01
6.555548E-01
6.508541E-01
1.000000E+00
6.508541E-01
1.000000E+00
6.508541E-01
8.838835E-01
7.027284E-01
6.708204E-01
6.508541E-01
7.027284E-01
6.666667E-01
1.000000E+00
6.708204E-01
6.555548E-01
1.000000E+00
8.089011E-01
6.708204E-01
6.585389E-01
7.168604E-01
7.603453E-01
6.708204E-01
1.000000E+00
6.508541E-01
6.708204E-01
1.000000E+00
7.603453E-01
7.027284E-01
1.000000E+00
6.708204E-01
7.603453E-01
5.821022E-01
1.000000E+00
7.603453E-01
6.555548E-01
1.000000E+00
1.000000E+00
1.000000E+00
7.856742E-01
5.000000E-01
1.000000E+00
1.000000E+00
7.603453E-01
7.603453E-01
6.324555E-01
1.000000E+00
5.590170E-01
8.374896E-01
6.871843E-01
7.284314E-01
1.000000E+00
7.284314E-01
1.000000E+00
7.284314E-01
7.453560E-01
5.590170E-01
6.324555E-01
7.905694E-01
5.590170E-01
8.062258E-01
1.000000E+00
6.324555E-01
6.871843E-01
1.000000E+00
7.071068E-01
6.324555E-01
7.856742E-01
7.693093E-01
4.714045E-01
6.324555E-01
1.000000E+00
7.284314E-01
6.324555E-01
1.000000E+00
4.714045E-01
5.590170E-01
1.000000E+00
6.324555E-01
4.714045E-01
7.284314E-01
1.000000E+00
4.714045E-01
6.871843E-01
1.000000E+00
1.000000E+00
1.000000E+00
7.083291E-01
9.055385E-01
1.000000E+00
1.000000E+00
7.126096E-01
7.126096E-01
7.576044E-01
1.000000E+00
7.905694E-01
7.106335E-01
7.354022E-01
7.211103E-01
1.000000E+00
7.211103E-01
1.000000E+00
7.211103E-01
9.055385E-01
7.905694E-01
7.576044E-01
6.738558E-01
7.905694E-01
7.071068E-01
1.000000E+00
7.576044E-01
7.354022E-01
1.000000E+00
8.062258E-01
7.576044E-01
7.083291E-01
6.880209E-01
8.381404E-01
7.576044E-01
1.000000E+00
7.211103E-01
7.576044E-01
1.000000E+00
8.381404E-01
7.905694E-01
1.000000E+00
7.576044E-01
8.381404E-01
7.211103E-01
1.000000E+00
8.381404E-01
7.354022E-01
0.000000E+00
0.000000E+00
0.000000E+00
1.000000E+00
1.000000E+00
0.000000E+00
0.000000E+00
1.000000E+00
1.000000E+00
1.000000E+00
0.000000E+00
1.000000E+00
1.000000E+00
1.000000E+00
1.000000E+00
0.000000E+00
1.000000E+00
0.000000E+00
1.000000E+00
1.000000E+00
1.000000E+00
1.000000E+00
1.000000E+00
1.000000E+00
1.000000E+00
0.000000E+00
1.000000E+00
1.000000E+00
0.000000E+00
1.000000E+00
1.000000E+00
1.000000E+00
1.000000E+00
1.000000E+00
1.000000E+00
0.000000E+00
1.000000E+00
1.000000E+00
0.000000E+00
1.000000E+00
1.000000E+00
0.000000E+00
1.000000E+00
1.000000E+00
1.000000E+00
0.000000E+00
1.000000E+00
1.000000E+00
0.000000E+00
0.000000E+00
0.000000E+00
1.000000E+00
1.000000E+00
0.000000E+00
0.000000E+00
1.000000E+00
1.000000E+00
1.000000E+00
0.000000E+00
1.000000E+00
1.000000E+00
1.000000E+00
1.000000E+00
0.000000E+00
1.000000E+00
0.000000E+00
1.000000E+00
1.000000E+00
1.000000E+00
1.000000E+00
1.000000E+00
1.000000E+00
1.000000E+00
0.000000E+00
1.000000E+00
1.000000E+00
0.000000E+00
1.000000E+00
1.000000E+00
1.000000E+00
1.000000E+00
1.000000E+00
1.000000E+00
0.000000E+00
1.000000E+00
1.000000E+00
0.000000E+00
1.000000E+00
1.000000E+00
0.000000E+00
1.000000E+00
1.000000E+00
1.000000E+00
0.000000E+00
1.000000E+00
1.000000E+00
1.000000E+00
1.000000E+00
1.000000E+00
7.856742E-01
5.000000E-01
1.000000E+00
1.000000E+00
7.603453E-01
7.603453E-01
6.324555E-01
1.000000E+00
5.590170E-01
8.374896E-01
6.871843E-01
7.284314E-01
1.000000E+00
7.284314E-01
1.000000E+00
7.284314E-01
7.453560E-01
5.590170E-01
6.324555E-01
7.905694E-01
5.590170E-01
8.062258E-01
1.000000E+00
6.324555E-01
6.871843E-01
1.000000E+00
7.071068E-01
6.324555E-01
7.856742E-01
7.693093E-01
4.714045E-01
6.324555E-01
1.000000E+00
7.284314E-01
6.324555E-01
1.000000E+00
4.714045E-01
5.590170E-01
1.000000E+00
6.324555E-01
4.714045E-01
7.284314E-01
1.000000E+00
4.714045E-01
6.871843E-01
1.000000E+00
1.000000E+00
1.000000E+00
6.617173E-01
8.333333E-01
1.000000E+00
1.000000E+00
6.508541E-01
6.508541E-01
6.478835E-01
1.000000E+00
6.731456E-01
6.987712E-01
6.403124E-01
6.428243E-01
1.000000E+00
6.428243E-01
1.000000E+00
6.428243E-01
8.689661E-01
5.890151E-01
6.478835E-01
7.071068E-01
6.731456E-01
6.738558E-01
1.000000E+00
6.478835E-01
6.403124E-01
1.000000E+00
7.905694E-01
6.478835E-01
6.617173E-01
7.100227E-01
7.284314E-01
6.478835E-01
1.000000E+00
6.428243E-01
6.478835E-01
1.000000E+00
7.284314E-01
6.731456E-01
1.000000E+00
6.478835E-01
7.284314E-01
6.428243E-01
1.000000E+00
7.284314E-01
6.403124E-01
1.000000E+00
1.000000E+00
1.000000E+00
6.643841E-01
8.888889E-01
1.000000E+00
1.000000E+00
6.666667E-01
6.666667E-01
7.120003E-01
1.000000E+00
7.496556E-01
6.740131E-01
6.880209E-01
6.738558E-01
1.000000E+00
6.738558E-01
1.000000E+00
6.738558E-01
9.055385E-01
7.496556E-01
7.120003E-01
7.211103E-01
7.496556E-01
6.655123E-01
1.000000E+00
7.120003E-01
6.880209E-01
1.000000E+00
8.381404E-01
7.120003E-01
6.146363E-01
7.354022E-01
8.062258E-01
7.120003E-01
1.000000E+00
6.738558E-01
7.120003E-01
1.000000E+00
8.062258E-01
7.496556E-01
1.000000E+00
7.120003E-01
8.062258E-01
6.738558E-01
1.000000E+00
8.062258E-01
6.880209E-01
1.000000E+00
1.000000E+00
1.000000E+00
8.958064E-01
7.071068E-01
1.000000E+00
1.000000E+00
8.838835E-01
8.838835E-01
8.246211E-01
1.000000E+00
7.905694E-01
9.204468E-01
8.498366E-01
8.689661E-01
1.000000E+00
8.689661E-01
1.000000E+00
8.689661E-01
7.071068E-01
7.905694E-01
8.246211E-01
8.333333E-01
7.905694E-01
9.055385E-01
1.000000E+00
8.246211E-01
8.498366E-01
1.000000E+00
5.000000E-01
8.246211E-01
8.958064E-01
8.000000E-01
7.453560E-01
8.246211E-01
1.000000E+00
8.689661E-01
8.246211E-01
1.000000E+00
7.453560E-01
7.905694E-01
1.000000E+00
8.246211E-01
7.453560E-01
8.689661E-01
1.000000E+00
7.453560E-01
8.498366E-01
0.000000E+00
0.000000E+00
0.000000E+00
1.000000E+00
1.000000E+00
0.000000E+00
0.000000E+00
1.000000E+00
1.000000E+00
1.000000E+00
0.000000E+00
1.000000E+00
1.000000E+00
1.000000E+00
1.000000E+00
0.000000E+00
1.000000E+00
0.000000E+00
1.000000E+00
1.000000E+00
1.000000E+00
1.000000E+00
1.000000E+00
1.000000E+00
1.000000E+00
0.000000E+00
1.000000E+00
1.000000E+00
0.000000E+00
1.000000E+00
1.000000E+00
1.000000E+00
1.000000E+00
1.000000E+00
1.000000E+00
0.000000E+00
1.000000E+00
1.000000E+00
0.000000E+00
1.000000E+00
1.000000E+00
0.000000E+00
1.000000E+00
1.000000E+00
1.000000E+00
0.000000E+00
1.000000E+00
1.000000E+00
0.000000E+00
0.000000E+00
0.000000E+00
1.000000E+00
1.000000E+00
0.000000E+00
0.000000E+00
1.000000E+00
1.000000E+00
1.000000E+00
0.000000E+00
1.000000E+00
1.000000E+00
1.000000E+00
1.000000E+00
0.000000E+00
1.000000E+00
0.000000E+00
1.000000E+00
1.000000E+00
1.000000E+00
1.000000E+00
1.000000E+00
1.000000E+00
1.000000E+00
0.000000E+00
1.000000E+00
1.000000E+00
0.000000E+00
1.000000E+00
1.000000E+00
1.000000E+00
1.000000E+00
1.000000E+00
1.000000E+00
0.000000E+00
1.000000E+00
1.000000E+00
0.000000E+00
1.000000E+00
1.000000E+00
0.000000E+00
1.000000E+00
1.000000E+00
1.000000E+00
0.000000E+00
1.000000E+00
1.000000E+00
1.000000E+00
1.000000E+00
1.000000E+00
6.599663E-01
8.750000E-01
1.000000E+00
1.000000E+00
6.585389E-01
6.585389E-01
6.923430E-01
1.000000E+00
7.280110E-01
6.781420E-01
6.718548E-01
6.617173E-01
1.000000E+00
6.617173E-01
1.000000E+00
6.617173E-01
8.958064E-01
7.280110E-01
6.923430E-01
7.142857E-01
7.280110E-01
6.643841E-01
1.000000E+00
6.923430E-01
6.718548E-01
1.000000E+00
8.246211E-01
6.324555E-01
6.599663E-01
7.256909E-01
7.856742E-01
6.923430E-01
1.000000E+00
6.617173E-01
6.923430E-01
1.000000E+00
7.856742E-01
7.280110E-01
1.000000E+00
6.923430E-01
7.856742E-01
6.617173E-01
1.000000E+00
7.856742E-01
6.718548E-01
0.000000E+00
0.000000E+00
0.000000E+00
1.000000E+00
1.000000E+00
0.000000E+00
0.000000E+00
1.000000E+00
1.000000E+00
1.000000E+00
0.000000E+00
1.000000E+00
1.000000E+00
1.000000E+00
1.000000E+00
0.000000E+00
1.000000E+00
0.000000E+00
1.000000E+00
1.000000E+00
1.000000E+00
1.000000E+00
1.000000E+00
1.000000E+00
1.000000E+00
0.000000E+00
1.000000E+00
1.000000E+00
0.000000E+00
1.000000E+00
1.000000E+00
1.000000E+00
1.000000E+00
1.000000E+00
1.000000E+00
0.000000E+00
1.000000E+00
1.000000E+00
0.000000E+00
1.000000E+00
1.000000E+00
0.000000E+00
1.000000E+00
1.000000E+00
1.000000E+00
0.000000E+00
1.000000E+00
1.000000E+00
0.000000E+00
0.000000E+00
0.000000E+00
1.000000E+00
1.000000E+00
0.000000E+00
0.000000E+00
1.000000E+00
1.000000E+00
1.000000E+00
0.000000E+00
1.000000E+00
1.000000E+00
1.000000E+00
1.000000E+00
0.000000E+00
1.000000E+00
0.000000E+00
1.000000E+00
1.000000E+00
1.000000E+00
1.000000E+00
1.000000E+00
1.000000E+00
1.000000E+00
0.000000E+00
1.000000E+00
1.000000E+00
0.000000E+00
1.000000E+00
1.000000E+00
1.000000E+00
1.000000E+00
1.000000E+00
1.000000E+00
0.000000E+00
1.000000E+00
1.000000E+00
0.000000E+00
1.000000E+00
1.000000E+00
0.000000E+00
1.000000E+00
1.000000E+00
1.000000E+00
0.000000E+00
1.000000E+00
1.000000E+00
1.000000E+00
1.000000E+00
1.000000E+00
6.718548E-01
8.000000E-01
1.000000E+00
1.000000E+00
6.555548E-01
6.555548E-01
6.250000E-01
1.000000E+00
6.388766E-01
7.180220E-01
6.285394E-01
6.403124E-01
1.000000E+00
6.403124E-01
1.000000E+00
6.403124E-01
8.498366E-01
6.388766E-01
6.250000E-01
7.100227E-01
6.388766E-01
6.880209E-01
1.000000E+00
6.250000E-01
6.285394E-01
1.000000E+00
7.693093E-01
6.250000E-01
6.098367E-01
7.071068E-01
6.871843E-01
6.250000E-01
1.000000E+00
6.403124E-01
6.250000E-01
1.000000E+00
6.871843E-01
6.388766E-01
1.000000E+00
6.250000E-01
6.871843E-01
6.403124E-01
1.000000E+00
6.871843E-01
6.285394E-01
1.000000E+00
1.000000E+00
1.000000E+00
8.958064E-01
7.071068E-01
1.000000E+00
1.000000E+00
8.838835E-01
8.838835E-01
8.246211E-01
1.000000E+00
7.905694E-01
9.204468E-01
8.498366E-01
8.689661E-01
1.000000E+00
8.689661E-01
1.000000E+00
8.689661E-01
7.071068E-01
7.905694E-01
8.246211E-01
8.689661E-01
7.905694E-01
9.055385E-01
1.000000E+00
8.246211E-01
8.498366E-01
1.000000E+00
7.453560E-01
8.246211E-01
8.958064E-01
8.498366E-01
7.453560E-01
8.246211E-01
1.000000E+00
8.689661E-01
8.246211E-01
1.000000E+00
7.453560E-01
7.905694E-01
1.000000E+00
8.246211E-01
7.453560E-01
8.689661E-01
1.000000E+00
7.453560E-01
8.498366E-01
0.000000E+00
0.000000E+00
0.000000E+00
1.000000E+00
1.000000E+00
0.000000E+00
0.000000E+00
1.000000E+00
1.000000E+00
1.000000E+00
0.000000E+00
1.000000E+00
1.000000E+00
1.000000E+00
1.000000E+00
0.000000E+00
1.000000E+00
0.000000E+00
1.000000E+00
1.000000E+00
1.000000E+00
1.000000E+00
1.000000E+00
1.000000E+00
1.000000E+00
0.000000E+00
1.000000E+00
1.000000E+00
0.000000E+00
1.000000E+00
1.000000E+00
1.000000E+00
1.000000E+00
1.000000E+00
1.000000E+00
0.000000E+00
1.000000E+00
1.000000E+00
0.000000E+00
1.000000E+00
1.000000E+00
0.000000E+00
1.000000E+00
1.000000E+00
1.000000E+00
0.000000E+00
1.000000E+00
1.000000E+00
1.000000E+00
1.000000E+00
1.000000E+00
7.030868E-01
9.285714E-01
1.000000E+00
1.000000E+00
7.158911E-01
7.158911E-01
7.848038E-01
1.000000E+00
8.220592E-01
6.833841E-01
7.556373E-01
7.330731E-01
1.000000E+00
7.330731E-01
1.000000E+00
7.330731E-01
9.357113E-01
8.220592E-01
7.848038E-01
7.615773E-01
8.220592E-01
6.938335E-01
1.000000E+00
7.848038E-01
7.556373E-01
1.000000E+00
8.838835E-01
7.848038E-01
7.030868E-01
7.824247E-01
8.692270E-01
7.848038E-01
1.000000E+00
7.330731E-01
7.848038E-01
1.000000E+00
8.692270E-01
8.220592E-01
1.000000E+00
7.848038E-01
8.692270E-01
7.330731E-01
1.000000E+00
8.692270E-01
7.556373E-01
0.000000E+00
0.000000E+00
0.000000E+00
1.000000E+00
1.000000E+00
0.000000E+00
0.000000E+00
1.000000E+00
1.000000E+00
1.000000E+00
0.000000E+00
1.000000E+00
1.000000E+00
1.000000E+00
1.000000E+00
0.000000E+00
1.000000E+00
0.000000E+00
1.000000E+00
1.000000E+00
1.000000E+00
1.000000E+00
1.000000E+00
1.000000E+00
1.000000E+00
0.000000E+00
1.000000E+00
1.000000E+00
0.000000E+00
1.000000E+00
1.000000E+00
1.000000E+00
1.000000E+00
1.000000E+00
1.000000E+00
0.000000E+00
1.000000E+00
1.000000E+00
0.000000E+00
1.000000E+00
1.000000E+00
0.000000E+00
1.000000E+00
1.000000E+00
1.000000E+00
0.000000E+00
1.000000E+00
1.000000E+00
1.000000E+00
1.000000E+00
1.000000E+00
6.706914E-01
9.000000E-01
1.000000E+00
1.000000E+00
6.760409E-01
6.760409E-01
7.297564E-01
1.000000E+00
7.682954E-01
6.726812E-01
7.034898E-01
6.863753E-01
1.000000E+00
6.863753E-01
1.000000E+00
6.863753E-01
9.136251E-01
7.682954E-01
7.297564E-01
6.863753E-01
7.682954E-01
6.689775E-01
1.000000E+00
7.297564E-01
7.034898E-01
1.000000E+00
8.498366E-01
7.297564E-01
6.706914E-01
7.453560E-01
8.232168E-01
7.297564E-01
1.000000E+00
6.863753E-01
7.297564E-01
1.000000E+00
8.232168E-01
7.682954E-01
1.000000E+00
7.297564E-01
8.232168E-01
6.388766E-01
1.000000E+00
8.232168E-01
7.034898E-01
1.000000E+00
1.000000E+00
1.000000E+00
6.718548E-01
8.000000E-01
1.000000E+00
1.000000E+00
6.555548E-01
6.555548E-01
6.250000E-01
1.000000E+00
6.388766E-01
7.180220E-01
6.285394E-01
6.403124E-01
1.000000E+00
6.403124E-01
1.000000E+00
6.403124E-01
8.498366E-01
6.388766E-01
6.250000E-01
7.100227E-01
6.388766E-01
6.880209E-01
1.000000E+00
6.250000E-01
6.285394E-01
1.000000E+00
7.693093E-01
6.250000E-01
6.098367E-01
7.071068E-01
6.871843E-01
6.250000E-01
1.000000E+00
6.403124E-01
6.250000E-01
1.000000E+00
6.871843E-01
6.388766E-01
1.000000E+00
6.250000E-01
6.871843E-01
6.403124E-01
1.000000E+00
6.871843E-01
6.285394E-01
1.000000E+00
1.000000E+00
1.000000E+00
7.767276E-01
7.905694E-01
1.000000E+00
1.000000E+00
7.615773E-01
7.615773E-01
7.142857E-01
1.000000E+00
7.071068E-01
8.144110E-01
7.288690E-01
7.453560E-01
1.000000E+00
7.453560E-01
1.000000E+00
7.453560E-01
7.905694E-01
7.071068E-01
7.142857E-01
7.453560E-01
7.071068E-01
7.905694E-01
1.000000E+00
7.142857E-01
7.288690E-01
1.000000E+00
7.211103E-01
7.142857E-01
7.767276E-01
7.288690E-01
7.211103E-01
7.142857E-01
1.000000E+00
7.453560E-01
7.142857E-01
1.000000E+00
7.211103E-01
7.071068E-01
1.000000E+00
7.142857E-01
7.211103E-01
7.453560E-01
1.000000E+00
7.211103E-01
7.288690E-01
1.000000E+00
1.000000E+00
1.000000E+00
6.599663E-01
8.750000E-01
1.000000E+00
1.000000E+00
6.585389E-01
6.585389E-01
6.923430E-01
1.000000E+00
7.280110E-01
6.781420E-01
6.718548E-01
6.617173E-01
1.000000E+00
6.617173E-01
1.000000E+00
6.617173E-01
8.958064E-01
7.280110E-01
6.923430E-01
7.142857E-01
7.280110E-01
6.643841E-01
1.000000E+00
6.923430E-01
6.718548E-01
1.000000E+00
8.246211E-01
6.923430E-01
6.599663E-01
7.256909E-01
7.856742E-01
6.923430E-01
1.000000E+00
6.617173E-01
6.923430E-01
1.000000E+00
7.856742E-01
7.280110E-01
1.000000E+00
6.923430E-01
7.856742E-01
6.617173E-01
1.000000E+00
7.856742E-01
6.718548E-01
0.000000E+00
0.000000E+00
0.000000E+00
1.000000E+00
1.000000E+00
0.000000E+00
0.000000E+00
1.000000E+00
1.000000E+00
1.000000E+00
0.000000E+00
1.000000E+00
1.000000E+00
1.000000E+00
1.000000E+00
0.000000E+00
1.000000E+00
0.000000E+00
1.000000E+00
1.000000E+00
1.000000E+00
1.000000E+00
1.000000E+00
1.000000E+00
1.000000E+00
0.000000E+00
1.000000E+00
1.000000E+00
0.000000E+00
1.000000E+00
1.000000E+00
1.000000E+00
1.000000E+00
1.000000E+00
1.000000E+00
0.000000E+00
1.000000E+00
1.000000E+00
0.000000E+00
1.000000E+00
1.000000E+00
0.000000E+00
1.000000E+00
1.000000E+00
1.000000E+00
0.000000E+00
1.000000E+00
1.000000E+00
1.000000E+00
1.000000E+00
1.000000E+00
6.585389E-01
8.571429E-01
1.000000E+00
1.000000E+00
6.527140E-01
6.527140E-01
6.708204E-01
1.000000E+00
7.027284E-01
6.859943E-01
6.555548E-01
6.508541E-01
1.000000E+00
6.508541E-01
1.000000E+00
6.508541E-01
8.838835E-01
7.027284E-01
6.708204E-01
7.091957E-01
7.027284E-01
6.666667E-01
1.000000E+00
6.708204E-01
6.555548E-01
1.000000E+00
8.089011E-01
6.708204E-01
6.585389E-01
7.168604E-01
7.603453E-01
6.708204E-01
1.000000E+00
6.508541E-01
5.983516E-01
1.000000E+00
7.603453E-01
7.027284E-01
1.000000E+00
6.708204E-01
7.603453E-01
6.508541E-01
1.000000E+00
7.603453E-01
6.555548E-01
0.000000E+00
0.000000E+00
0.000000E+00
1.000000E+00
1.000000E+00
0.000000E+00
0.000000E+00
1.000000E+00
1.000000E+00
1.000000E+00
0.000000E+00
1.000000E+00
1.000000E+00
1.000000E+00
1.000000E+00
0.000000E+00
1.000000E+00
0.000000E+00
1.000000E+00
1.000000E+00
1.000000E+00
1.000000E+00
1.000000E+00
1.000000E+00
1.000000E+00
0.000000E+00
1.000000E+00
1.000000E+00
0.000000E+00
1.000000E+00
1.000000E+00
1.000000E+00
1.000000E+00
1.000000E+00
1.000000E+00
0.000000E+00
1.000000E+00
1.000000E+00
0.000000E+00
1.000000E+00
1.000000E+00
0.000000E+00
1.000000E+00
1.000000E+00
1.000000E+00
0.000000E+00
1.000000E+00
1.000000E+00
1.000000E+00
1.000000E+00
1.000000E+00
7.867124E-01
9.615385E-01
1.000000E+00
1.000000E+00
8.034350E-01
7.908162E-01
8.682537E-01
1.000000E+00
8.957097E-01
6.995998E-01
8.439326E-01
8.224225E-01
1.000000E+00
7.998216E-01
1.000000E+00
8.224225E-01
9.636750E-01
8.957097E-01
8.682537E-01
8.224225E-01
8.957097E-01
7.720238E-01
1.000000E+00
8.682537E-01
8.439326E-01
1.000000E+00
9.313146E-01
8.682537E-01
7.867124E-01
8.540776E-01
9.266664E-01
8.682537E-01
1.000000E+00
8.224225E-01
8.682537E-01
1.000000E+00
9.266664E-01
8.957097E-01
1.000000E+00
8.682537E-01
9.266664E-01
8.110350E-01
1.000000E+00
9.266664E-01
8.439326E-01
1.000000E+00
1.000000E+00
1.000000E+00
7.856742E-01
5.000000E-01
1.000000E+00
1.000000E+00
7.603453E-01
7.603453E-01
6.324555E-01
1.000000E+00
5.590170E-01
8.374896E-01
6.871843E-01
7.284314E-01
1.000000E+00
7.284314E-01
1.000000E+00
7.284314E-01
7.453560E-01
3.333333E-01
6.324555E-01
7.905694E-01
5.590170E-01
8.062258E-01
1.000000E+00
6.324555E-01
6.871843E-01
1.000000E+00
7.071068E-01
6.324555E-01
7.856742E-01
7.693093E-01
4.714045E-01
6.324555E-01
1.000000E+00
7.284314E-01
6.324555E-01
1.000000E+00
4.714045E-01
5.590170E-01
1.000000E+00
6.324555E-01
4.714045E-01
7.284314E-01
1.000000E+00
4.714045E-01
6.871843E-01
0.000000E+00
0.000000E+00
0.000000E+00
1.000000E+00
1.000000E+00
0.000000E+00
0.000000E+00
1.000000E+00
1.000000E+00
1.000000E+00
0.000000E+00
1.000000E+00
1.000000E+00
1.000000E+00
1.000000E+00
0.000000E+00
1.000000E+00
0.000000E+00
1.000000E+00
1.000000E+00
1.000000E+00
1.000000E+00
1.000000E+00
1.000000E+00
1.000000E+00
0.000000E+00
1.000000E+00
1.000000E+00
0.000000E+00
1.000000E+00
1.000000E+00
1.000000E+00
1.000000E+00
1.000000E+00
1.000000E+00
0.000000E+00
1.000000E+00
1.000000E+00
0.000000E+00
1.000000E+00
1.000000E+00
0.000000E+00
1.000000E+00
1.000000E+00
1.000000E+00
0.000000E+00
1.000000E+00
1.000000E+00
0.000000E+00
0.000000E+00
0.000000E+00
1.000000E+00
1.000000E+00
0.000000E+00
0.000000E+00
1.000000E+00
1.000000E+00
1.000000E+00
0.000000E+00
1.000000E+00
1.000000E+00
1.000000E+00
1.000000E+00
0.000000E+00
1.000000E+00
0.000000E+00
1.000000E+00
1.000000E+00
1.000000E+00
1.000000E+00
1.000000E+00
1.000000E+00
1.000000E+00
0.000000E+00
1.000000E+00
1.000000E+00
0.000000E+00
1.000000E+00
1.000000E+00
1.000000E+00
1.000000E+00
1.000000E+00
1.000000E+00
0.000000E+00
1.000000E+00
1.000000E+00
0.000000E+00
1.000000E+00
1.000000E+00
0.000000E+00
1.000000E+00
1.000000E+00
1.000000E+00
0.000000E+00
1.000000E+00
1.000000E+00
0.000000E+00
0.000000E+00
0.000000E+00
1.000000E+00
1.000000E+00
0.000000E+00
0.000000E+00
1.000000E+00
1.000000E+00
1.000000E+00
0.000000E+00
1.000000E+00
1.000000E+00
1.000000E+00
1.000000E+00
0.000000E+00
1.000000E+00
0.000000E+00
1.000000E+00
1.000000E+00
1.000000E+00
1.000000E+00
1.000000E+00
1.000000E+00
1.000000E+00
0.000000E+00
1.000000E+00
1.000000E+00
0.000000E+00
1.000000E+00
1.000000E+00
1.000000E+00
1.000000E+00
1.000000E+00
1.000000E+00
0.000000E+00
1.000000E+00
1.000000E+00
0.000000E+00
1.000000E+00
1.000000E+00
0.000000E+00
1.000000E+00
1.000000E+00
1.000000E+00
0.000000E+00
1.000000E+00
1.000000E+00
0.000000E+00
0.000000E+00
0.000000E+00
1.000000E+00
1.000000E+00
0.000000E+00
0.000000E+00
1.000000E+00
1.000000E+00
1.000000E+00
0.000000E+00
1.000000E+00
1.000000E+00
1.000000E+00
1.000000E+00
0.000000E+00
1.000000E+00
0.000000E+00
1.000000E+00
1.000000E+00
1.000000E+00
1.000000E+00
1.000000E+00
1.000000E+00
1.000000E+00
0.000000E+00
1.000000E+00
1.000000E+00
0.000000E+00
1.000000E+00
1.000000E+00
1.000000E+00
1.000000E+00
1.000000E+00
1.000000E+00
0.000000E+00
1.000000E+00
1.000000E+00
0.000000E+00
1.000000E+00
1.000000E+00
0.000000E+00
1.000000E+00
1.000000E+00
1.000000E+00
0.000000E+00
1.000000E+00
1.000000E+00
1.000000E+00
1.000000E+00
1.000000E+00
7.856742E-01
5.000000E-01
1.000000E+00
1.000000E+00
7.603453E-01
7.603453E-01
6.324555E-01
1.000000E+00
5.590170E-01
8.374896E-01
6.871843E-01
7.284314E-01
1.000000E+00
7.284314E-01
1.000000E+00
7.284314E-01
7.453560E-01
5.590170E-01
6.324555E-01
7.905694E-01
5.590170E-01
8.062258E-01
1.000000E+00
6.324555E-01
6.871843E-01
1.000000E+00
7.071068E-01
6.324555E-01
7.856742E-01
7.693093E-01
4.714045E-01
6.324555E-01
1.000000E+00
7.284314E-01
6.324555E-01
1.000000E+00
4.714045E-01
5.590170E-01
1.000000E+00
6.324555E-01
4.714045E-01
7.284314E-01
1.000000E+00
4.714045E-01
6.871843E-01
1.000000E+00
1.000000E+00
1.000000E+00
6.923430E-01
7.500000E-01
1.000000E+00
1.000000E+00
6.708204E-01
6.708204E-01
6.060915E-01
1.000000E+00
6.009252E-01
7.091957E-01
6.250000E-01
6.478835E-01
1.000000E+00
6.478835E-01
1.000000E+00
6.478835E-01
8.246211E-01
6.009252E-01
6.060915E-01
7.211103E-01
6.009252E-01
7.120003E-01
1.000000E+00
6.060915E-01
6.250000E-01
1.000000E+00
7.453560E-01
6.060915E-01
6.324555E-01
7.114582E-01
6.324555E-01
6.060915E-01
1.000000E+00
6.478835E-01
6.060915E-01
1.000000E+00
6.324555E-01
6.009252E-01
1.000000E+00
6.060915E-01
6.324555E-01
6.478835E-01
1.000000E+00
6.324555E-01
6.250000E-01
1.000000E+00
1.000000E+00
1.000000E+00
7.030868E-01
9.285714E-01
1.000000E+00
1.000000E+00
7.158911E-01
7.158911E-01
7.848038E-01
1.000000E+00
8.220592E-01
6.833841E-01
7.556373E-01
7.330731E-01
1.000000E+00
7.330731E-01
1.000000E+00
7.330731E-01
9.357113E-01
8.220592E-01
7.848038E-01
7.615773E-01
8.220592E-01
6.938335E-01
1.000000E+00
7.848038E-01
7.556373E-01
1.000000E+00
8.838835E-01
7.848038E-01
7.030868E-01
7.824247E-01
8.692270E-01
7.848038E-01
1.000000E+00
7.330731E-01
7.848038E-01
1.000000E+00
8.692270E-01
8.220592E-01
1.000000E+00
7.603453E-01
8.692270E-01
7.330731E-01
1.000000E+00
8.692270E-01
7.556373E-01
1.000000E+00
1.000000E+00
1.000000E+00
6.599663E-01
8.750000E-01
1.000000E+00
1.000000E+00
6.585389E-01
6.585389E-01
6.923430E-01
1.000000E+00
7.280110E-01
6.781420E-01
6.718548E-01
6.617173E-01
1.000000E+00
6.617173E-01
1.000000E+00
6.617173E-01
8.958064E-01
7.280110E-01
6.923430E-01
6.617173E-01
7.280110E-01
6.643841E-01
1.000000E+00
6.923430E-01
6.718548E-01
1.000000E+00
8.246211E-01
6.324555E-01
6.599663E-01
7.256909E-01
7.856742E-01
6.923430E-01
1.000000E+00
6.617173E-01
6.923430E-01
1.000000E+00
7.856742E-01
7.280110E-01
1.000000E+00
6.923430E-01
7.856742E-01
6.009252E-01
1.000000E+00
7.856742E-01
6.718548E-01
0.000000E+00
0.000000E+00
0.000000E+00
1.000000E+00
1.000000E+00
0.000000E+00
0.000000E+00
1.000000E+00
1.000000E+00
1.000000E+00
0.000000E+00
1.000000E+00
1.000000E+00
1.000000E+00
1.000000E+00
0.000000E+00
1.000000E+00
0.000000E+00
1.000000E+00
1.000000E+00
1.000000E+00
1.000000E+00
1.000000E+00
1.000000E+00
1.000000E+00
0.000000E+00
1.000000E+00
1.000000E+00
0.000000E+00
1.000000E+00
1.000000E+00
1.000000E+00
1.000000E+00
1.000000E+00
1.000000E+00
0.000000E+00
1.000000E+00
1.000000E+00
0.000000E+00
1.000000E+00
1.000000E+00
0.000000E+00
1.000000E+00
1.000000E+00
1.000000E+00
0.000000E+00
1.000000E+00
1.000000E+00
