1.000000E+00
7.603453E-01
1.000000E+00
7.603453E-01
6.666667E-01
1.000000E+00
1.000000E+00
7.603453E-01
6.708204E-01
8.838835E-01
1.000000E+00
1.000000E+00
1.000000E+00
8.571429E-01
7.243558E-01
1.000000E+00
1.000000E+00
7.027284E-01
7.027284E-01
7.329325E-01
1.000000E+00
6.585389E-01
1.000000E+00
1.000000E+00
7.027284E-01
6.585389E-01
1.000000E+00
7.603453E-01
7.615773E-01
6.555548E-01
7.091957E-01
6.708204E-01
7.603453E-01
7.243558E-01
6.585389E-01
1.000000E+00
1.000000E+00
7.243558E-01
6.555548E-01
7.603453E-01
6.585389E-01
1.000000E+00
1.000000E+00
1.000000E+00
1.000000E+00
3.952847E-01
1.000000E+00
7.253117E-01
5.892557E-01
6.555548E-01
6.760409E-01
1.000000E+00
7.091957E-01
1.000000E+00
1.000000E+00
1.000000E+00
8.571429E-01
1.000000E+00
6.555548E-01
1.000000E+00
6.666667E-01
8.571429E-01
7.027284E-01
1.000000E+00
8.571429E-01
7.091957E-01
5.830952E-01
1.000000E+00
6.434769E-01
7.603453E-01
7.091957E-01
8.838835E-01
1.000000E+00
0.000000E+00
1.000000E+00
0.000000E+00
1.000000E+00
1.000000E+00
0.000000E+00
0.000000E+00
1.000000E+00
1.000000E+00
1.000000E+00
0.000000E+00
0.000000E+00
0.000000E+00
1.000000E+00
1.000000E+00
0.000000E+00
0.000000E+00
1.000000E+00
1.000000E+00
1.000000E+00
0.000000E+00
1.000000E+00
0.000000E+00
0.000000E+00
1.000000E+00
1.000000E+00
0.000000E+00
1.000000E+00
1.000000E+00
1.000000E+00
1.000000E+00
1.000000E+00
1.000000E+00
1.000000E+00
1.000000E+00
0.000000E+00
0.000000E+00
1.000000E+00
1.000000E+00
1.000000E+00
1.000000E+00
0.000000E+00
0.000000E+00
0.000000E+00
0.000000E+00
1.000000E+00
0.000000E+00
1.000000E+00
1.000000E+00
1.000000E+00
1.000000E+00
0.000000E+00
1.000000E+00
0.000000E+00
0.000000E+00
0.000000E+00
1.000000E+00
0.000000E+00
1.000000E+00
0.000000E+00
1.000000E+00
1.000000E+00
1.000000E+00
0.000000E+00
1.000000E+00
1.000000E+00
1.000000E+00
0.000000E+00
1.000000E+00
1.000000E+00
1.000000E+00
1.000000E+00
0.000000E+00
1.000000E+00
0.000000E+00
1.000000E+00
4.714045E-01
8.062258E-01
1.000000E+00
1.000000E+00
4.714045E-01
6.324555E-01
7.453560E-01
1.000000E+00
1.000000E+00
1.000000E+00
5.000000E-01
8.600261E-01
1.000000E+00
1.000000E+00
5.590170E-01
5.590170E-01
7.453560E-01
1.000000E+00
7.856742E-01
1.000000E+00
1.000000E+00
5.590170E-01
7.856742E-01
1.000000E+00
4.714045E-01
7.211103E-01
6.871843E-01
7.905694E-01
6.324555E-01
4.714045E-01
8.600261E-01
7.856742E-01
1.000000E+00
1.000000E+00
8.600261E-01
6.871843E-01
4.714045E-01
7.856742E-01
1.000000E+00
1.000000E+00
1.000000E+00
1.000000E+00
6.871843E-01
1.000000E+00
8.772293E-01
7.603453E-01
6.871843E-01
8.232168E-01
1.000000E+00
7.905694E-01
1.000000E+00
1.000000E+00
1.000000E+00
5.000000E-01
1.000000E+00
6.871843E-01
1.000000E+00
8.062258E-01
5.000000E-01
5.590170E-01
1.000000E+00
5.000000E-01
7.905694E-01
6.871843E-01
1.000000E+00
8.374896E-01
4.714045E-01
7.905694E-01
7.453560E-01
1.000000E+00
0.000000E+00
1.000000E+00
0.000000E+00
1.000000E+00
1.000000E+00
0.000000E+00
0.000000E+00
1.000000E+00
1.000000E+00
1.000000E+00
0.000000E+00
0.000000E+00
0.000000E+00
1.000000E+00
1.000000E+00
0.000000E+00
0.000000E+00
1.000000E+00
1.000000E+00
1.000000E+00
0.000000E+00
1.000000E+00
0.000000E+00
0.000000E+00
1.000000E+00
1.000000E+00
0.000000E+00
1.000000E+00
1.000000E+00
1.000000E+00
1.000000E+00
1.000000E+00
1.000000E+00
1.000000E+00
1.000000E+00
0.000000E+00
0.000000E+00
1.000000E+00
1.000000E+00
1.000000E+00
1.000000E+00
0.000000E+00
0.000000E+00
0.000000E+00
0.000000E+00
1.000000E+00
0.000000E+00
1.000000E+00
1.000000E+00
1.000000E+00
1.000000E+00
0.000000E+00
1.000000E+00
0.000000E+00
0.000000E+00
0.000000E+00
1.000000E+00
0.000000E+00
1.000000E+00
0.000000E+00
1.000000E+00
1.000000E+00
1.000000E+00
0.000000E+00
1.000000E+00
1.000000E+00
1.000000E+00
0.000000E+00
1.000000E+00
1.000000E+00
1.000000E+00
1.000000E+00
0.000000E+00
1.000000E+00
4.714045E-01
1.000000E+00
0.000000E+00
8.062258E-01
1.000000E+00
1.000000E+00
4.714045E-01
6.324555E-01
7.453560E-01
1.000000E+00
1.000000E+00
1.000000E+00
5.000000E-01
8.600261E-01
1.000000E+00
1.000000E+00
5.590170E-01
5.590170E-01
7.453560E-01
1.000000E+00
7.856742E-01
1.000000E+00
1.000000E+00
5.590170E-01
7.856742E-01
1.000000E+00
4.714045E-01
7.211103E-01
6.871843E-01
7.905694E-01
6.324555E-01
4.714045E-01
8.600261E-01
7.856742E-01
1.000000E+00
1.000000E+00
8.600261E-01
6.871843E-01
4.714045E-01
7.856742E-01
1.000000E+00
1.000000E+00
1.000000E+00
1.000000E+00
6.871843E-01
1.000000E+00
8.772293E-01
7.603453E-01
6.871843E-01
8.232168E-01
1.000000E+00
7.905694E-01
1.000000E+00
1.000000E+00
1.000000E+00
5.000000E-01
1.000000E+00
6.871843E-01
1.000000E+00
8.062258E-01
5.000000E-01
5.590170E-01
1.000000E+00
5.000000E-01
7.905694E-01
6.871843E-01
1.000000E+00
8.374896E-01
4.714045E-01
7.905694E-01
7.453560E-01
1.000000E+00
1.000000E+00
8.062258E-01
1.000000E+00
8.062258E-01
0.000000E+00
1.000000E+00
1.000000E+00
8.062258E-01
7.120003E-01
9.055385E-01
1.000000E+00
1.000000E+00
1.000000E+00
8.888889E-01
7.106335E-01
1.000000E+00
1.000000E+00
7.071068E-01
7.496556E-01
7.576044E-01
1.000000E+00
6.643841E-01
1.000000E+00
1.000000E+00
7.496556E-01
6.643841E-01
1.000000E+00
8.062258E-01
7.905694E-01
6.880209E-01
6.738558E-01
7.120003E-01
8.062258E-01
6.740131E-01
6.643841E-01
1.000000E+00
1.000000E+00
6.740131E-01
6.880209E-01
8.062258E-01
6.643841E-01
1.000000E+00
1.000000E+00
1.000000E+00
1.000000E+00
6.880209E-01
1.000000E+00
7.010659E-01
6.666667E-01
6.880209E-01
6.689775E-01
1.000000E+00
7.211103E-01
1.000000E+00
1.000000E+00
1.000000E+00
8.888889E-01
1.000000E+00
6.880209E-01
1.000000E+00
6.655123E-01
8.888889E-01
7.496556E-01
1.000000E+00
8.888889E-01
7.211103E-01
6.880209E-01
1.000000E+00
6.740131E-01
8.062258E-01
7.211103E-01
9.055385E-01
1.000000E+00
0.000000E+00
1.000000E+00
0.000000E+00
1.000000E+00
1.000000E+00
0.000000E+00
0.000000E+00
1.000000E+00
1.000000E+00
1.000000E+00
0.000000E+00
0.000000E+00
0.000000E+00
1.000000E+00
1.000000E+00
0.000000E+00
0.000000E+00
1.000000E+00
1.000000E+00
1.000000E+00
0.000000E+00
1.000000E+00
0.000000E+00
0.000000E+00
1.000000E+00
1.000000E+00
0.000000E+00
1.000000E+00
1.000000E+00
1.000000E+00
1.000000E+00
1.000000E+00
1.000000E+00
1.000000E+00
1.000000E+00
0.000000E+00
0.000000E+00
1.000000E+00
1.000000E+00
1.000000E+00
1.000000E+00
0.000000E+00
0.000000E+00
0.000000E+00
0.000000E+00
1.000000E+00
0.000000E+00
1.000000E+00
1.000000E+00
1.000000E+00
1.000000E+00
0.000000E+00
1.000000E+00
0.000000E+00
0.000000E+00
0.000000E+00
1.000000E+00
0.000000E+00
1.000000E+00
0.000000E+00
1.000000E+00
1.000000E+00
1.000000E+00
0.000000E+00
1.000000E+00
1.000000E+00
1.000000E+00
0.000000E+00
1.000000E+00
1.000000E+00
1.000000E+00
1.000000E+00
0.000000E+00
0.000000E+00
1.000000E+00
0.000000E+00
1.000000E+00
1.000000E+00
0.000000E+00
0.000000E+00
1.000000E+00
1.000000E+00
1.000000E+00
0.000000E+00
0.000000E+00
0.000000E+00
1.000000E+00
1.000000E+00
0.000000E+00
0.000000E+00
1.000000E+00
1.000000E+00
1.000000E+00
0.000000E+00
1.000000E+00
0.000000E+00
0.000000E+00
1.000000E+00
1.000000E+00
0.000000E+00
1.000000E+00
1.000000E+00
1.000000E+00
1.000000E+00
1.000000E+00
1.000000E+00
1.000000E+00
1.000000E+00
0.000000E+00
0.000000E+00
1.000000E+00
1.000000E+00
1.000000E+00
1.000000E+00
0.000000E+00
0.000000E+00
0.000000E+00
0.000000E+00
1.000000E+00
0.000000E+00
1.000000E+00
1.000000E+00
1.000000E+00
1.000000E+00
0.000000E+00
1.000000E+00
0.000000E+00
0.000000E+00
0.000000E+00
1.000000E+00
0.000000E+00
1.000000E+00
0.000000E+00
1.000000E+00
1.000000E+00
1.000000E+00
0.000000E+00
1.000000E+00
1.000000E+00
1.000000E+00
0.000000E+00
1.000000E+00
1.000000E+00
1.000000E+00
1.000000E+00
0.000000E+00
1.000000E+00
4.714045E-01
1.000000E+00
4.714045E-01
8.062258E-01
1.000000E+00
1.000000E+00
0.000000E+00
6.324555E-01
7.453560E-01
1.000000E+00
1.000000E+00
1.000000E+00
5.000000E-01
8.600261E-01
1.000000E+00
1.000000E+00
3.333333E-01
5.590170E-01
7.453560E-01
1.000000E+00
7.856742E-01
1.000000E+00
1.000000E+00
5.590170E-01
7.856742E-01
1.000000E+00
4.714045E-01
7.211103E-01
6.871843E-01
7.905694E-01
6.324555E-01
4.714045E-01
8.600261E-01
7.856742E-01
1.000000E+00
1.000000E+00
8.600261E-01
6.871843E-01
4.714045E-01
7.856742E-01
1.000000E+00
1.000000E+00
1.000000E+00
1.000000E+00
6.871843E-01
1.000000E+00
8.772293E-01
7.603453E-01
6.871843E-01
8.232168E-01
1.000000E+00
7.905694E-01
1.000000E+00
1.000000E+00
1.000000E+00
5.000000E-01
1.000000E+00
6.871843E-01
1.000000E+00
8.062258E-01
5.000000E-01
5.590170E-01
1.000000E+00
5.000000E-01
7.905694E-01
6.871843E-01
1.000000E+00
8.374896E-01
4.714045E-01
7.905694E-01
7.453560E-01
1.000000E+00
1.000000E+00
6.324555E-01
1.000000E+00
6.324555E-01
7.120003E-01
1.000000E+00
1.000000E+00
6.324555E-01
0.000000E+00
8.246211E-01
1.000000E+00
1.000000E+00
1.000000E+00
7.500000E-01
7.803133E-01
1.000000E+00
1.000000E+00
6.009252E-01
6.009252E-01
7.071068E-01
1.000000E+00
6.923430E-01
1.000000E+00
1.000000E+00
6.009252E-01
6.923430E-01
1.000000E+00
6.324555E-01
7.142857E-01
6.250000E-01
7.211103E-01
6.060915E-01
6.324555E-01
7.803133E-01
6.923430E-01
1.000000E+00
1.000000E+00
7.803133E-01
6.250000E-01
6.324555E-01
6.923430E-01
1.000000E+00
1.000000E+00
1.000000E+00
1.000000E+00
6.250000E-01
1.000000E+00
7.954345E-01
6.708204E-01
6.250000E-01
7.297564E-01
1.000000E+00
7.211103E-01
1.000000E+00
1.000000E+00
1.000000E+00
7.500000E-01
1.000000E+00
6.250000E-01
1.000000E+00
7.120003E-01
7.500000E-01
6.009252E-01
1.000000E+00
7.500000E-01
7.211103E-01
6.250000E-01
1.000000E+00
7.457362E-01
6.324555E-01
7.211103E-01
8.246211E-01
1.000000E+00
1.000000E+00
7.453560E-01
1.000000E+00
7.453560E-01
9.055385E-01
1.000000E+00
1.000000E+00
7.453560E-01
8.246211E-01
0.000000E+00
1.000000E+00
1.000000E+00
1.000000E+00
7.071068E-01
9.090909E-01
1.000000E+00
1.000000E+00
7.905694E-01
7.905694E-01
7.500000E-01
1.000000E+00
8.958064E-01
1.000000E+00
1.000000E+00
7.905694E-01
8.958064E-01
1.000000E+00
7.453560E-01
7.905694E-01
8.498366E-01
8.689661E-01
8.246211E-01
7.453560E-01
9.090909E-01
8.958064E-01
1.000000E+00
1.000000E+00
9.090909E-01
8.498366E-01
7.453560E-01
8.958064E-01
1.000000E+00
1.000000E+00
1.000000E+00
1.000000E+00
8.498366E-01
1.000000E+00
9.395810E-01
8.838835E-01
8.498366E-01
9.136251E-01
1.000000E+00
8.333333E-01
1.000000E+00
1.000000E+00
1.000000E+00
7.071068E-01
1.000000E+00
8.498366E-01
1.000000E+00
9.055385E-01
7.071068E-01
7.905694E-01
1.000000E+00
7.071068E-01
8.333333E-01
8.498366E-01
1.000000E+00
9.204468E-01
7.453560E-01
8.689661E-01
7.071068E-01
1.000000E+00
0.000000E+00
1.000000E+00
0.000000E+00
1.000000E+00
1.000000E+00
0.000000E+00
0.000000E+00
1.000000E+00
1.000000E+00
1.000000E+00
0.000000E+00
0.000000E+00
0.000000E+00
1.000000E+00
1.000000E+00
0.000000E+00
0.000000E+00
1.000000E+00
1.000000E+00
1.000000E+00
0.000000E+00
1.000000E+00
0.000000E+00
0.000000E+00
1.000000E+00
1.000000E+00
0.000000E+00
1.000000E+00
1.000000E+00
1.000000E+00
1.000000E+00
1.000000E+00
1.000000E+00
1.000000E+00
1.000000E+00
0.000000E+00
0.000000E+00
1.000000E+00
1.000000E+00
1.000000E+00
1.000000E+00
0.000000E+00
0.000000E+00
0.000000E+00
0.000000E+00
1.000000E+00
0.000000E+00
1.000000E+00
1.000000E+00
1.000000E+00
1.000000E+00
0.000000E+00
1.000000E+00
0.000000E+00
0.000000E+00
0.000000E+00
1.000000E+00
0.000000E+00
1.000000E+00
0.000000E+00
1.000000E+00
1.000000E+00
1.000000E+00
0.000000E+00
1.000000E+00
1.000000E+00
1.000000E+00
0.000000E+00
1.000000E+00
1.000000E+00
1.000000E+00
1.000000E+00
0.000000E+00
0.000000E+00
1.000000E+00
0.000000E+00
1.000000E+00
1.000000E+00
0.000000E+00
0.000000E+00
1.000000E+00
1.000000E+00
1.000000E+00
0.000000E+00
0.000000E+00
0.000000E+00
1.000000E+00
1.000000E+00
0.000000E+00
0.000000E+00
1.000000E+00
1.000000E+00
1.000000E+00
0.000000E+00
1.000000E+00
0.000000E+00
0.000000E+00
1.000000E+00
1.000000E+00
0.000000E+00
1.000000E+00
1.000000E+00
1.000000E+00
1.000000E+00
1.000000E+00
1.000000E+00
1.000000E+00
1.000000E+00
0.000000E+00
0.000000E+00
1.000000E+00
1.000000E+00
1.000000E+00
1.000000E+00
0.000000E+00
0.000000E+00
0.000000E+00
0.000000E+00
1.000000E+00
0.000000E+00
1.000000E+00
1.000000E+00
1.000000E+00
1.000000E+00
0.000000E+00
1.000000E+00
0.000000E+00
0.000000E+00
0.000000E+00
1.000000E+00
0.000000E+00
1.000000E+00
0.000000E+00
1.000000E+00
1.000000E+00
1.000000E+00
0.000000E+00
1.000000E+00
1.000000E+00
1.000000E+00
0.000000E+00
1.000000E+00
1.000000E+00
1.000000E+00
1.000000E+00
0.000000E+00
0.000000E+00
1.000000E+00
0.000000E+00
1.000000E+00
1.000000E+00
0.000000E+00
0.000000E+00
1.000000E+00
1.000000E+00
1.000000E+00
0.000000E+00
0.000000E+00
0.000000E+00
1.000000E+00
1.000000E+00
0.000000E+00
0.000000E+00
1.000000E+00
1.000000E+00
1.000000E+00
0.000000E+00
1.000000E+00
0.000000E+00
0.000000E+00
1.000000E+00
1.000000E+00
0.000000E+00
1.000000E+00
1.000000E+00
1.000000E+00
1.000000E+00
1.000000E+00
1.000000E+00
1.000000E+00
1.000000E+00
0.000000E+00
0.000000E+00
1.000000E+00
1.000000E+00
1.000000E+00
1.000000E+00
0.000000E+00
0.000000E+00
0.000000E+00
0.000000E+00
1.000000E+00
0.000000E+00
1.000000E+00
1.000000E+00
1.000000E+00
1.000000E+00
0.000000E+00
1.000000E+00
0.000000E+00
0.000000E+00
0.000000E+00
1.000000E+00
0.000000E+00
1.000000E+00
0.000000E+00
1.000000E+00
1.000000E+00
1.000000E+00
0.000000E+00
1.000000E+00
1.000000E+00
1.000000E+00
0.000000E+00
1.000000E+00
1.000000E+00
1.000000E+00
1.000000E+00
0.000000E+00
1.000000E+00
5.000000E-01
1.000000E+00
5.000000E-01
8.888889E-01
1.000000E+00
1.000000E+00
5.000000E-01
7.500000E-01
7.071068E-01
1.000000E+00
1.000000E+00
1.000000E+00
0.000000E+00
9.204468E-01
1.000000E+00
1.000000E+00
6.666667E-01
6.666667E-01
8.246211E-01
1.000000E+00
8.750000E-01
1.000000E+00
1.000000E+00
6.666667E-01
8.750000E-01
1.000000E+00
5.000000E-01
7.905694E-01
8.000000E-01
8.689661E-01
7.500000E-01
5.000000E-01
9.204468E-01
8.750000E-01
1.000000E+00
1.000000E+00
9.204468E-01
8.000000E-01
5.000000E-01
8.750000E-01
1.000000E+00
1.000000E+00
1.000000E+00
1.000000E+00
8.000000E-01
1.000000E+00
9.333333E-01
8.571429E-01
8.000000E-01
9.000000E-01
1.000000E+00
8.689661E-01
1.000000E+00
1.000000E+00
1.000000E+00
0.000000E+00
1.000000E+00
8.000000E-01
1.000000E+00
8.888889E-01
0.000000E+00
6.666667E-01
1.000000E+00
0.000000E+00
8.689661E-01
8.000000E-01
1.000000E+00
9.090909E-01
5.000000E-01
8.689661E-01
7.071068E-01
1.000000E+00
1.000000E+00
8.600261E-01
1.000000E+00
8.600261E-01
7.106335E-01
1.000000E+00
1.000000E+00
8.600261E-01
7.803133E-01
9.090909E-01
1.000000E+00
1.000000E+00
1.000000E+00
9.204468E-01
0.000000E+00
1.000000E+00
1.000000E+00
8.144110E-01
8.144110E-01
7.457362E-01
1.000000E+00
7.158669E-01
1.000000E+00
1.000000E+00
7.844645E-01
6.781420E-01
1.000000E+00
8.600261E-01
8.144110E-01
7.551904E-01
6.565905E-01
7.803133E-01
8.600261E-01
6.363961E-01
6.781420E-01
1.000000E+00
1.000000E+00
6.734350E-01
7.551904E-01
8.600261E-01
6.362738E-01
1.000000E+00
1.000000E+00
1.000000E+00
1.000000E+00
7.551904E-01
1.000000E+00
6.270524E-01
6.859943E-01
6.343239E-01
6.726812E-01
1.000000E+00
6.987712E-01
1.000000E+00
1.000000E+00
1.000000E+00
9.204468E-01
1.000000E+00
7.180220E-01
1.000000E+00
7.106335E-01
9.204468E-01
8.144110E-01
1.000000E+00
9.204468E-01
6.987712E-01
7.551904E-01
1.000000E+00
6.734350E-01
8.600261E-01
7.370567E-01
9.204468E-01
1.000000E+00
0.000000E+00
1.000000E+00
0.000000E+00
1.000000E+00
1.000000E+00
0.000000E+00
0.000000E+00
1.000000E+00
1.000000E+00
1.000000E+00
0.000000E+00
0.000000E+00
0.000000E+00
1.000000E+00
1.000000E+00
0.000000E+00
0.000000E+00
1.000000E+00
1.000000E+00
1.000000E+00
0.000000E+00
1.000000E+00
0.000000E+00
0.000000E+00
1.000000E+00
1.000000E+00
0.000000E+00
1.000000E+00
1.000000E+00
1.000000E+00
1.000000E+00
1.000000E+00
1.000000E+00
1.000000E+00
1.000000E+00
0.000000E+00
0.000000E+00
1.000000E+00
1.000000E+00
1.000000E+00
1.000000E+00
0.000000E+00
0.000000E+00
0.000000E+00
0.000000E+00
1.000000E+00
0.000000E+00
1.000000E+00
1.000000E+00
1.000000E+00
1.000000E+00
0.000000E+00
1.000000E+00
0.000000E+00
0.000000E+00
0.000000E+00
1.000000E+00
0.000000E+00
1.000000E+00
0.000000E+00
1.000000E+00
1.000000E+00
1.000000E+00
0.000000E+00
1.000000E+00
1.000000E+00
1.000000E+00
0.000000E+00
1.000000E+00
1.000000E+00
1.000000E+00
1.000000E+00
0.000000E+00
0.000000E+00
1.000000E+00
0.000000E+00
1.000000E+00
1.000000E+00
0.000000E+00
0.000000E+00
1.000000E+00
1.000000E+00
1.000000E+00
0.000000E+00
0.000000E+00
0.000000E+00
1.000000E+00
1.000000E+00
0.000000E+00
0.000000E+00
1.000000E+00
1.000000E+00
1.000000E+00
0.000000E+00
1.000000E+00
0.000000E+00
0.000000E+00
1.000000E+00
1.000000E+00
0.000000E+00
1.000000E+00
1.000000E+00
1.000000E+00
1.000000E+00
1.000000E+00
1.000000E+00
1.000000E+00
1.000000E+00
0.000000E+00
0.000000E+00
1.000000E+00
1.000000E+00
1.000000E+00
1.000000E+00
0.000000E+00
0.000000E+00
0.000000E+00
0.000000E+00
1.000000E+00
0.000000E+00
1.000000E+00
1.000000E+00
1.000000E+00
1.000000E+00
0.000000E+00
1.000000E+00
0.000000E+00
0.000000E+00
0.000000E+00
1.000000E+00
0.000000E+00
1.000000E+00
0.000000E+00
1.000000E+00
1.000000E+00
1.000000E+00
0.000000E+00
1.000000E+00
1.000000E+00
1.000000E+00
0.000000E+00
1.000000E+00
1.000000E+00
1.000000E+00
1.000000E+00
0.000000E+00
1.000000E+00
5.590170E-01
1.000000E+00
5.590170E-01
7.071068E-01
1.000000E+00
1.000000E+00
3.333333E-01
6.009252E-01
7.905694E-01
1.000000E+00
1.000000E+00
1.000000E+00
6.666667E-01
8.144110E-01
1.000000E+00
1.000000E+00
0.000000E+00
5.656854E-01
7.142857E-01
1.000000E+00
7.280110E-01
1.000000E+00
1.000000E+00
5.656854E-01
7.280110E-01
1.000000E+00
5.590170E-01
7.071068E-01
6.388766E-01
6.731456E-01
6.009252E-01
5.590170E-01
8.144110E-01
7.280110E-01
1.000000E+00
1.000000E+00
8.144110E-01
6.388766E-01
5.590170E-01
7.280110E-01
1.000000E+00
1.000000E+00
1.000000E+00
1.000000E+00
6.388766E-01
1.000000E+00
8.318903E-01
7.027284E-01
6.388766E-01
7.682954E-01
1.000000E+00
7.453560E-01
1.000000E+00
1.000000E+00
1.000000E+00
6.666667E-01
1.000000E+00
6.388766E-01
1.000000E+00
7.496556E-01
6.666667E-01
5.656854E-01
1.000000E+00
6.666667E-01
7.453560E-01
6.388766E-01
1.000000E+00
7.844645E-01
5.590170E-01
7.453560E-01
7.905694E-01
1.000000E+00
1.000000E+00
5.590170E-01
1.000000E+00
5.590170E-01
7.496556E-01
1.000000E+00
1.000000E+00
5.590170E-01
6.009252E-01
7.905694E-01
1.000000E+00
1.000000E+00
1.000000E+00
6.666667E-01
8.144110E-01
1.000000E+00
1.000000E+00
5.656854E-01
0.000000E+00
7.142857E-01
1.000000E+00
7.280110E-01
1.000000E+00
1.000000E+00
5.656854E-01
7.280110E-01
1.000000E+00
5.590170E-01
7.071068E-01
6.388766E-01
7.453560E-01
6.009252E-01
5.590170E-01
8.144110E-01
7.280110E-01
1.000000E+00
1.000000E+00
8.144110E-01
6.388766E-01
5.590170E-01
7.280110E-01
1.000000E+00
1.000000E+00
1.000000E+00
1.000000E+00
6.388766E-01
1.000000E+00
8.318903E-01
7.027284E-01
6.388766E-01
7.682954E-01
1.000000E+00
7.453560E-01
1.000000E+00
1.000000E+00
1.000000E+00
6.666667E-01
1.000000E+00
6.388766E-01
1.000000E+00
7.496556E-01
6.666667E-01
5.656854E-01
1.000000E+00
6.666667E-01
7.453560E-01
6.388766E-01
1.000000E+00
7.844645E-01
5.590170E-01
7.453560E-01
7.905694E-01
1.000000E+00
1.000000E+00
7.453560E-01
1.000000E+00
7.453560E-01
7.576044E-01
1.000000E+00
1.000000E+00
7.453560E-01
7.071068E-01
7.500000E-01
1.000000E+00
1.000000E+00
1.000000E+00
8.246211E-01
7.457362E-01
1.000000E+00
1.000000E+00
7.142857E-01
7.142857E-01
0.000000E+00
1.000000E+00
7.453560E-01
1.000000E+00
1.000000E+00
7.142857E-01
7.453560E-01
1.000000E+00
7.453560E-01
7.142857E-01
7.114582E-01
7.211103E-01
7.071068E-01
7.453560E-01
7.457362E-01
7.453560E-01
1.000000E+00
1.000000E+00
7.457362E-01
6.250000E-01
7.453560E-01
7.453560E-01
1.000000E+00
1.000000E+00
1.000000E+00
1.000000E+00
7.114582E-01
1.000000E+00
8.170618E-01
7.329325E-01
7.114582E-01
7.693093E-01
1.000000E+00
5.590170E-01
1.000000E+00
1.000000E+00
1.000000E+00
8.246211E-01
1.000000E+00
6.250000E-01
1.000000E+00
7.576044E-01
8.246211E-01
7.142857E-01
1.000000E+00
8.246211E-01
6.478835E-01
7.114582E-01
1.000000E+00
7.803133E-01
7.453560E-01
7.211103E-01
8.246211E-01
1.000000E+00
0.000000E+00
1.000000E+00
0.000000E+00
1.000000E+00
1.000000E+00
0.000000E+00
0.000000E+00
1.000000E+00
1.000000E+00
1.000000E+00
0.000000E+00
0.000000E+00
0.000000E+00
1.000000E+00
1.000000E+00
0.000000E+00
0.000000E+00
1.000000E+00
1.000000E+00
1.000000E+00
0.000000E+00
1.000000E+00
0.000000E+00
0.000000E+00
1.000000E+00
1.000000E+00
0.000000E+00
1.000000E+00
1.000000E+00
1.000000E+00
1.000000E+00
1.000000E+00
1.000000E+00
1.000000E+00
1.000000E+00
0.000000E+00
0.000000E+00
1.000000E+00
1.000000E+00
1.000000E+00
1.000000E+00
0.000000E+00
0.000000E+00
0.000000E+00
0.000000E+00
1.000000E+00
0.000000E+00
1.000000E+00
1.000000E+00
1.000000E+00
1.000000E+00
0.000000E+00
1.000000E+00
0.000000E+00
0.000000E+00
0.000000E+00
1.000000E+00
0.000000E+00
1.000000E+00
0.000000E+00
1.000000E+00
1.000000E+00
1.000000E+00
0.000000E+00
1.000000E+00
1.000000E+00
1.000000E+00
0.000000E+00
1.000000E+00
1.000000E+00
1.000000E+00
1.000000E+00
0.000000E+00
1.000000E+00
7.856742E-01
1.000000E+00
7.856742E-01
6.643841E-01
1.000000E+00
1.000000E+00
7.856742E-01
6.923430E-01
8.958064E-01
1.000000E+00
1.000000E+00
1.000000E+00
8.750000E-01
7.158669E-01
1.000000E+00
1.000000E+00
7.280110E-01
7.280110E-01
7.453560E-01
1.000000E+00
0.000000E+00
1.000000E+00
1.000000E+00
7.280110E-01
6.060915E-01
1.000000E+00
7.856742E-01
7.767276E-01
6.718548E-01
7.142857E-01
6.923430E-01
7.856742E-01
6.781420E-01
6.060915E-01
1.000000E+00
1.000000E+00
6.781420E-01
6.718548E-01
7.856742E-01
6.599663E-01
1.000000E+00
1.000000E+00
1.000000E+00
1.000000E+00
6.718548E-01
1.000000E+00
6.500000E-01
6.585389E-01
6.718548E-01
6.706914E-01
1.000000E+00
7.142857E-01
1.000000E+00
1.000000E+00
1.000000E+00
8.750000E-01
1.000000E+00
6.718548E-01
1.000000E+00
6.643841E-01
8.750000E-01
7.280110E-01
1.000000E+00
8.750000E-01
7.142857E-01
6.718548E-01
1.000000E+00
5.896238E-01
7.856742E-01
6.617173E-01
8.958064E-01
1.000000E+00
0.000000E+00
1.000000E+00
0.000000E+00
1.000000E+00
1.000000E+00
0.000000E+00
0.000000E+00
1.000000E+00
1.000000E+00
1.000000E+00
0.000000E+00
0.000000E+00
0.000000E+00
1.000000E+00
1.000000E+00
0.000000E+00
0.000000E+00
1.000000E+00
1.000000E+00
1.000000E+00
0.000000E+00
1.000000E+00
0.000000E+00
0.000000E+00
1.000000E+00
1.000000E+00
0.000000E+00
1.000000E+00
1.000000E+00
1.000000E+00
1.000000E+00
1.000000E+00
1.000000E+00
1.000000E+00
1.000000E+00
0.000000E+00
0.000000E+00
1.000000E+00
1.000000E+00
1.000000E+00
1.000000E+00
0.000000E+00
0.000000E+00
0.000000E+00
0.000000E+00
1.000000E+00
0.000000E+00
1.000000E+00
1.000000E+00
1.000000E+00
1.000000E+00
0.000000E+00
1.000000E+00
0.000000E+00
0.000000E+00
0.000000E+00
1.000000E+00
0.000000E+00
1.000000E+00
0.000000E+00
1.000000E+00
1.000000E+00
1.000000E+00
0.000000E+00
1.000000E+00
1.000000E+00
1.000000E+00
0.000000E+00
1.000000E+00
1.000000E+00
1.000000E+00
1.000000E+00
0.000000E+00
0.000000E+00
1.000000E+00
0.000000E+00
1.000000E+00
1.000000E+00
0.000000E+00
0.000000E+00
1.000000E+00
1.000000E+00
1.000000E+00
0.000000E+00
0.000000E+00
0.000000E+00
1.000000E+00
1.000000E+00
0.000000E+00
0.000000E+00
1.000000E+00
1.000000E+00
1.000000E+00
0.000000E+00
1.000000E+00
0.000000E+00
0.000000E+00
1.000000E+00
1.000000E+00
0.000000E+00
1.000000E+00
1.000000E+00
1.000000E+00
1.000000E+00
1.000000E+00
1.000000E+00
1.000000E+00
1.000000E+00
0.000000E+00
0.000000E+00
1.000000E+00
1.000000E+00
1.000000E+00
1.000000E+00
0.000000E+00
0.000000E+00
0.000000E+00
0.000000E+00
1.000000E+00
0.000000E+00
1.000000E+00
1.000000E+00
1.000000E+00
1.000000E+00
0.000000E+00
1.000000E+00
0.000000E+00
0.000000E+00
0.000000E+00
1.000000E+00
0.000000E+00
1.000000E+00
0.000000E+00
1.000000E+00
1.000000E+00
1.000000E+00
0.000000E+00
1.000000E+00
1.000000E+00
1.000000E+00
0.000000E+00
1.000000E+00
1.000000E+00
1.000000E+00
1.000000E+00
0.000000E+00
1.000000E+00
5.590170E-01
1.000000E+00
5.590170E-01
7.496556E-01
1.000000E+00
1.000000E+00
5.590170E-01
6.009252E-01
7.905694E-01
1.000000E+00
1.000000E+00
1.000000E+00
6.666667E-01
7.844645E-01
1.000000E+00
1.000000E+00
5.656854E-01
5.656854E-01
7.142857E-01
1.000000E+00
7.280110E-01
1.000000E+00
1.000000E+00
0.000000E+00
6.758625E-01
1.000000E+00
5.590170E-01
7.071068E-01
6.388766E-01
6.731456E-01
6.009252E-01
5.590170E-01
8.144110E-01
7.280110E-01
1.000000E+00
1.000000E+00
8.144110E-01
6.388766E-01
5.590170E-01
6.758625E-01
1.000000E+00
1.000000E+00
1.000000E+00
1.000000E+00
6.388766E-01
1.000000E+00
8.149003E-01
6.373774E-01
5.270463E-01
7.682954E-01
1.000000E+00
7.453560E-01
1.000000E+00
1.000000E+00
1.000000E+00
6.666667E-01
1.000000E+00
5.270463E-01
1.000000E+00
7.496556E-01
6.666667E-01
5.656854E-01
1.000000E+00
6.666667E-01
7.453560E-01
6.388766E-01
1.000000E+00
7.272727E-01
5.590170E-01
7.453560E-01
7.905694E-01
1.000000E+00
1.000000E+00
7.856742E-01
1.000000E+00
7.856742E-01
6.643841E-01
1.000000E+00
1.000000E+00
7.856742E-01
6.923430E-01
8.958064E-01
1.000000E+00
1.000000E+00
1.000000E+00
8.750000E-01
6.781420E-01
1.000000E+00
1.000000E+00
7.280110E-01
7.280110E-01
7.453560E-01
1.000000E+00
6.060915E-01
1.000000E+00
1.000000E+00
6.758625E-01
0.000000E+00
1.000000E+00
7.856742E-01
7.767276E-01
6.718548E-01
6.617173E-01
6.923430E-01
7.856742E-01
6.781420E-01
6.599663E-01
1.000000E+00
1.000000E+00
6.781420E-01
6.718548E-01
7.856742E-01
6.060915E-01
1.000000E+00
1.000000E+00
1.000000E+00
1.000000E+00
6.718548E-01
1.000000E+00
6.500000E-01
6.007884E-01
6.098367E-01
6.706914E-01
1.000000E+00
7.142857E-01
1.000000E+00
1.000000E+00
1.000000E+00
8.750000E-01
1.000000E+00
6.098367E-01
1.000000E+00
6.643841E-01
8.750000E-01
7.280110E-01
1.000000E+00
8.750000E-01
7.142857E-01
6.718548E-01
1.000000E+00
5.896238E-01
7.856742E-01
7.142857E-01
8.958064E-01
1.000000E+00
0.000000E+00
1.000000E+00
0.000000E+00
1.000000E+00
1.000000E+00
0.000000E+00
0.000000E+00
1.000000E+00
1.000000E+00
1.000000E+00
0.000000E+00
0.000000E+00
0.000000E+00
1.000000E+00
1.000000E+00
0.000000E+00
0.000000E+00
1.000000E+00
1.000000E+00
1.000000E+00
0.000000E+00
1.000000E+00
0.000000E+00
0.000000E+00
1.000000E+00
1.000000E+00
0.000000E+00
1.000000E+00
1.000000E+00
1.000000E+00
1.000000E+00
1.000000E+00
1.000000E+00
1.000000E+00
1.000000E+00
0.000000E+00
0.000000E+00
1.000000E+00
1.000000E+00
1.000000E+00
1.000000E+00
0.000000E+00
0.000000E+00
0.000000E+00
0.000000E+00
1.000000E+00
0.000000E+00
1.000000E+00
1.000000E+00
1.000000E+00
1.000000E+00
0.000000E+00
1.000000E+00
0.000000E+00
0.000000E+00
0.000000E+00
1.000000E+00
0.000000E+00
1.000000E+00
0.000000E+00
1.000000E+00
1.000000E+00
1.000000E+00
0.000000E+00
1.000000E+00
1.000000E+00
1.000000E+00
0.000000E+00
1.000000E+00
1.000000E+00
1.000000E+00
1.000000E+00
0.000000E+00
1.000000E+00
4.714045E-01
1.000000E+00
4.714045E-01
8.062258E-01
1.000000E+00
1.000000E+00
4.714045E-01
6.324555E-01
7.453560E-01
1.000000E+00
1.000000E+00
1.000000E+00
5.000000E-01
8.600261E-01
1.000000E+00
1.000000E+00
5.590170E-01
5.590170E-01
7.453560E-01
1.000000E+00
7.856742E-01
1.000000E+00
1.000000E+00
5.590170E-01
7.856742E-01
1.000000E+00
0.000000E+00
7.211103E-01
6.871843E-01
7.905694E-01
6.324555E-01
4.714045E-01
8.600261E-01
7.856742E-01
1.000000E+00
1.000000E+00
8.600261E-01
6.871843E-01
4.714045E-01
7.856742E-01
1.000000E+00
1.000000E+00
1.000000E+00
1.000000E+00
6.871843E-01
1.000000E+00
8.772293E-01
7.603453E-01
6.871843E-01
8.232168E-01
1.000000E+00
7.905694E-01
1.000000E+00
1.000000E+00
1.000000E+00
5.000000E-01
1.000000E+00
6.871843E-01
1.000000E+00
8.062258E-01
5.000000E-01
5.590170E-01
1.000000E+00
5.000000E-01
7.905694E-01
6.871843E-01
1.000000E+00
8.374896E-01
4.714045E-01
7.905694E-01
7.453560E-01
1.000000E+00
1.000000E+00
7.211103E-01
1.000000E+00
7.211103E-01
7.905694E-01
1.000000E+00
1.000000E+00
7.211103E-01
7.142857E-01
7.905694E-01
1.000000E+00
1.000000E+00
1.000000E+00
7.905694E-01
8.144110E-01
1.000000E+00
1.000000E+00
7.071068E-01
7.071068E-01
7.142857E-01
1.000000E+00
7.767276E-01
1.000000E+00
1.000000E+00
7.071068E-01
7.767276E-01
1.000000E+00
7.211103E-01
0.000000E+00
7.288690E-01
7.453560E-01
7.142857E-01
7.211103E-01
8.144110E-01
7.767276E-01
1.000000E+00
1.000000E+00
8.144110E-01
6.388766E-01
7.211103E-01
7.767276E-01
1.000000E+00
1.000000E+00
1.000000E+00
1.000000E+00
7.288690E-01
1.000000E+00
8.498366E-01
7.615773E-01
7.288690E-01
7.682954E-01
1.000000E+00
7.453560E-01
1.000000E+00
1.000000E+00
1.000000E+00
7.905694E-01
1.000000E+00
7.288690E-01
1.000000E+00
7.496556E-01
7.905694E-01
7.071068E-01
1.000000E+00
7.905694E-01
7.453560E-01
7.288690E-01
1.000000E+00
8.144110E-01
7.211103E-01
7.453560E-01
7.905694E-01
1.000000E+00
1.000000E+00
6.871843E-01
1.000000E+00
6.871843E-01
6.880209E-01
1.000000E+00
1.000000E+00
6.871843E-01
6.250000E-01
8.498366E-01
1.000000E+00
1.000000E+00
1.000000E+00
8.000000E-01
7.551904E-01
1.000000E+00
1.000000E+00
6.388766E-01
6.388766E-01
7.114582E-01
1.000000E+00
6.718548E-01
1.000000E+00
1.000000E+00
6.388766E-01
6.718548E-01
1.000000E+00
6.871843E-01
7.288690E-01
0.000000E+00
7.100227E-01
6.250000E-01
6.871843E-01
7.551904E-01
6.718548E-01
1.000000E+00
1.000000E+00
7.551904E-01
6.285394E-01
6.871843E-01
6.718548E-01
1.000000E+00
1.000000E+00
1.000000E+00
1.000000E+00
6.285394E-01
1.000000E+00
7.663274E-01
6.555548E-01
6.285394E-01
7.034898E-01
1.000000E+00
7.100227E-01
1.000000E+00
1.000000E+00
1.000000E+00
8.000000E-01
1.000000E+00
6.285394E-01
1.000000E+00
6.880209E-01
8.000000E-01
6.388766E-01
1.000000E+00
8.000000E-01
7.100227E-01
6.285394E-01
1.000000E+00
6.776309E-01
6.871843E-01
7.100227E-01
8.498366E-01
1.000000E+00
1.000000E+00
7.905694E-01
1.000000E+00
7.905694E-01
6.738558E-01
1.000000E+00
1.000000E+00
7.905694E-01
7.211103E-01
8.689661E-01
1.000000E+00
1.000000E+00
1.000000E+00
8.689661E-01
6.565905E-01
1.000000E+00
1.000000E+00
6.731456E-01
7.453560E-01
7.211103E-01
1.000000E+00
7.142857E-01
1.000000E+00
1.000000E+00
6.731456E-01
6.617173E-01
1.000000E+00
7.905694E-01
7.453560E-01
7.100227E-01
0.000000E+00
6.478835E-01
7.905694E-01
7.370567E-01
6.009252E-01
1.000000E+00
1.000000E+00
7.370567E-01
7.100227E-01
7.905694E-01
6.009252E-01
1.000000E+00
1.000000E+00
1.000000E+00
1.000000E+00
7.100227E-01
1.000000E+00
7.158669E-01
6.508541E-01
5.555556E-01
6.863753E-01
1.000000E+00
7.071068E-01
1.000000E+00
1.000000E+00
1.000000E+00
8.689661E-01
1.000000E+00
6.403124E-01
1.000000E+00
6.738558E-01
8.689661E-01
7.453560E-01
1.000000E+00
8.689661E-01
7.071068E-01
7.100227E-01
1.000000E+00
6.987712E-01
7.905694E-01
7.071068E-01
8.689661E-01
1.000000E+00
1.000000E+00
6.324555E-01
1.000000E+00
6.324555E-01
7.120003E-01
1.000000E+00
1.000000E+00
6.324555E-01
6.060915E-01
8.246211E-01
1.000000E+00
1.000000E+00
1.000000E+00
7.500000E-01
7.803133E-01
1.000000E+00
1.000000E+00
6.009252E-01
6.009252E-01
7.071068E-01
1.000000E+00
6.923430E-01
1.000000E+00
1.000000E+00
6.009252E-01
6.923430E-01
1.000000E+00
6.324555E-01
7.142857E-01
6.250000E-01
6.478835E-01
0.000000E+00
6.324555E-01
7.803133E-01
6.324555E-01
1.000000E+00
1.000000E+00
7.803133E-01
6.250000E-01
6.324555E-01
6.923430E-01
1.000000E+00
1.000000E+00
1.000000E+00
1.000000E+00
6.250000E-01
1.000000E+00
7.954345E-01
6.708204E-01
6.250000E-01
7.297564E-01
1.000000E+00
7.211103E-01
1.000000E+00
1.000000E+00
1.000000E+00
7.500000E-01
1.000000E+00
6.250000E-01
1.000000E+00
6.618282E-01
7.500000E-01
6.009252E-01
1.000000E+00
7.500000E-01
6.478835E-01
6.250000E-01
1.000000E+00
7.457362E-01
6.324555E-01
7.211103E-01
8.246211E-01
1.000000E+00
1.000000E+00
4.714045E-01
1.000000E+00
4.714045E-01
8.062258E-01
1.000000E+00
1.000000E+00
4.714045E-01
6.324555E-01
7.453560E-01
1.000000E+00
1.000000E+00
1.000000E+00
5.000000E-01
8.600261E-01
1.000000E+00
1.000000E+00
5.590170E-01
5.590170E-01
7.453560E-01
1.000000E+00
7.856742E-01
1.000000E+00
1.000000E+00
5.590170E-01
7.856742E-01
1.000000E+00
4.714045E-01
7.211103E-01
6.871843E-01
7.905694E-01
6.324555E-01
0.000000E+00
8.600261E-01
7.856742E-01
1.000000E+00
1.000000E+00
8.600261E-01
6.871843E-01
4.714045E-01
7.856742E-01
1.000000E+00
1.000000E+00
1.000000E+00
1.000000E+00
6.871843E-01
1.000000E+00
8.772293E-01
7.603453E-01
6.871843E-01
8.232168E-01
1.000000E+00
7.905694E-01
1.000000E+00
1.000000E+00
1.000000E+00
5.000000E-01
1.000000E+00
6.871843E-01
1.000000E+00
8.062258E-01
5.000000E-01
5.590170E-01
1.000000E+00
5.000000E-01
7.905694E-01
6.871843E-01
1.000000E+00
8.374896E-01
4.714045E-01
7.905694E-01
7.453560E-01
1.000000E+00
1.000000E+00
8.600261E-01
1.000000E+00
8.600261E-01
6.740131E-01
1.000000E+00
1.000000E+00
8.600261E-01
7.803133E-01
9.090909E-01
1.000000E+00
1.000000E+00
1.000000E+00
9.204468E-01
6.363961E-01
1.000000E+00
1.000000E+00
8.144110E-01
8.144110E-01
7.457362E-01
1.000000E+00
6.781420E-01
1.000000E+00
1.000000E+00
8.144110E-01
6.781420E-01
1.000000E+00
8.600261E-01
8.144110E-01
7.551904E-01
7.370567E-01
7.803133E-01
8.600261E-01
0.000000E+00
7.158669E-01
1.000000E+00
1.000000E+00
5.954583E-01
7.180220E-01
8.600261E-01
7.158669E-01
1.000000E+00
1.000000E+00
1.000000E+00
1.000000E+00
7.551904E-01
1.000000E+00
6.588078E-01
7.243558E-01
7.180220E-01
7.079080E-01
1.000000E+00
6.565905E-01
1.000000E+00
1.000000E+00
1.000000E+00
9.204468E-01
1.000000E+00
7.551904E-01
1.000000E+00
6.740131E-01
9.204468E-01
8.144110E-01
1.000000E+00
9.204468E-01
6.565905E-01
7.551904E-01
1.000000E+00
6.734350E-01
8.600261E-01
7.370567E-01
9.204468E-01
1.000000E+00
1.000000E+00
7.856742E-01
1.000000E+00
7.856742E-01
6.643841E-01
1.000000E+00
1.000000E+00
7.856742E-01
6.923430E-01
8.958064E-01
1.000000E+00
1.000000E+00
1.000000E+00
8.750000E-01
6.781420E-01
1.000000E+00
1.000000E+00
7.280110E-01
7.280110E-01
7.453560E-01
1.000000E+00
6.060915E-01
1.000000E+00
1.000000E+00
7.280110E-01
6.599663E-01
1.000000E+00
7.856742E-01
7.767276E-01
6.718548E-01
6.009252E-01
6.324555E-01
7.856742E-01
7.158669E-01
0.000000E+00
1.000000E+00
1.000000E+00
7.158669E-01
6.718548E-01
7.856742E-01
6.060915E-01
1.000000E+00
1.000000E+00
1.000000E+00
1.000000E+00
6.718548E-01
1.000000E+00
6.818010E-01
6.585389E-01
6.098367E-01
6.250000E-01
1.000000E+00
7.142857E-01
1.000000E+00
1.000000E+00
1.000000E+00
8.750000E-01
1.000000E+00
6.718548E-01
1.000000E+00
6.146363E-01
8.750000E-01
7.280110E-01
1.000000E+00
8.750000E-01
7.142857E-01
6.718548E-01
1.000000E+00
6.781420E-01
7.856742E-01
7.142857E-01
8.958064E-01
1.000000E+00
0.000000E+00
1.000000E+00
0.000000E+00
1.000000E+00
1.000000E+00
0.000000E+00
0.000000E+00
1.000000E+00
1.000000E+00
1.000000E+00
0.000000E+00
0.000000E+00
0.000000E+00
1.000000E+00
1.000000E+00
0.000000E+00
0.000000E+00
1.000000E+00
1.000000E+00
1.000000E+00
0.000000E+00
1.000000E+00
0.000000E+00
0.000000E+00
1.000000E+00
1.000000E+00
0.000000E+00
1.000000E+00
1.000000E+00
1.000000E+00
1.000000E+00
1.000000E+00
1.000000E+00
1.000000E+00
1.000000E+00
0.000000E+00
0.000000E+00
1.000000E+00
1.000000E+00
1.000000E+00
1.000000E+00
0.000000E+00
0.000000E+00
0.000000E+00
0.000000E+00
1.000000E+00
0.000000E+00
1.000000E+00
1.000000E+00
1.000000E+00
1.000000E+00
0.000000E+00
1.000000E+00
0.000000E+00
0.000000E+00
0.000000E+00
1.000000E+00
0.000000E+00
1.000000E+00
0.000000E+00
1.000000E+00
1.000000E+00
1.000000E+00
0.000000E+00
1.000000E+00
1.000000E+00
1.000000E+00
0.000000E+00
1.000000E+00
1.000000E+00
1.000000E+00
1.000000E+00
0.000000E+00
0.000000E+00
1.000000E+00
0.000000E+00
1.000000E+00
1.000000E+00
0.000000E+00
0.000000E+00
1.000000E+00
1.000000E+00
1.000000E+00
0.000000E+00
0.000000E+00
0.000000E+00
1.000000E+00
1.000000E+00
0.000000E+00
0.000000E+00
1.000000E+00
1.000000E+00
1.000000E+00
0.000000E+00
1.000000E+00
0.000000E+00
0.000000E+00
1.000000E+00
1.000000E+00
0.000000E+00
1.000000E+00
1.000000E+00
1.000000E+00
1.000000E+00
1.000000E+00
1.000000E+00
1.000000E+00
1.000000E+00
0.000000E+00
0.000000E+00
1.000000E+00
1.000000E+00
1.000000E+00
1.000000E+00
0.000000E+00
0.000000E+00
0.000000E+00
0.000000E+00
1.000000E+00
0.000000E+00
1.000000E+00
1.000000E+00
1.000000E+00
1.000000E+00
0.000000E+00
1.000000E+00
0.000000E+00
0.000000E+00
0.000000E+00
1.000000E+00
0.000000E+00
1.000000E+00
0.000000E+00
1.000000E+00
1.000000E+00
1.000000E+00
0.000000E+00
1.000000E+00
1.000000E+00
1.000000E+00
0.000000E+00
1.000000E+00
1.000000E+00
1.000000E+00
1.000000E+00
0.000000E+00
1.000000E+00
8.600261E-01
1.000000E+00
8.600261E-01
6.740131E-01
1.000000E+00
1.000000E+00
8.600261E-01
7.803133E-01
9.090909E-01
1.000000E+00
1.000000E+00
1.000000E+00
9.204468E-01
6.734350E-01
1.000000E+00
1.000000E+00
8.144110E-01
8.144110E-01
7.457362E-01
1.000000E+00
6.781420E-01
1.000000E+00
1.000000E+00
8.144110E-01
6.781420E-01
1.000000E+00
8.600261E-01
8.144110E-01
7.551904E-01
7.370567E-01
7.803133E-01
8.600261E-01
5.954583E-01
7.158669E-01
1.000000E+00
1.000000E+00
0.000000E+00
7.551904E-01
8.600261E-01
7.158669E-01
1.000000E+00
1.000000E+00
1.000000E+00
1.000000E+00
7.551904E-01
1.000000E+00
6.881860E-01
7.243558E-01
7.551904E-01
7.079080E-01
1.000000E+00
6.987712E-01
1.000000E+00
1.000000E+00
1.000000E+00
9.204468E-01
1.000000E+00
7.551904E-01
1.000000E+00
7.106335E-01
9.204468E-01
8.144110E-01
1.000000E+00
9.204468E-01
6.987712E-01
7.551904E-01
1.000000E+00
6.734350E-01
8.600261E-01
7.370567E-01
9.204468E-01
1.000000E+00
1.000000E+00
6.871843E-01
1.000000E+00
6.871843E-01
6.880209E-01
1.000000E+00
1.000000E+00
6.871843E-01
6.250000E-01
8.498366E-01
1.000000E+00
1.000000E+00
1.000000E+00
8.000000E-01
7.551904E-01
1.000000E+00
1.000000E+00
6.388766E-01
6.388766E-01
6.250000E-01
1.000000E+00
6.718548E-01
1.000000E+00
1.000000E+00
6.388766E-01
6.718548E-01
1.000000E+00
6.871843E-01
6.388766E-01
6.285394E-01
7.100227E-01
6.250000E-01
6.871843E-01
7.180220E-01
6.718548E-01
1.000000E+00
1.000000E+00
7.551904E-01
0.000000E+00
6.871843E-01
6.718548E-01
1.000000E+00
1.000000E+00
1.000000E+00
1.000000E+00
6.285394E-01
1.000000E+00
7.663274E-01
6.555548E-01
6.285394E-01
6.572311E-01
1.000000E+00
7.100227E-01
1.000000E+00
1.000000E+00
1.000000E+00
8.000000E-01
1.000000E+00
5.303301E-01
1.000000E+00
6.346478E-01
8.000000E-01
6.388766E-01
1.000000E+00
8.000000E-01
7.100227E-01
6.285394E-01
1.000000E+00
7.180220E-01
6.871843E-01
7.100227E-01
8.498366E-01
1.000000E+00
1.000000E+00
4.714045E-01
1.000000E+00
4.714045E-01
8.062258E-01
1.000000E+00
1.000000E+00
4.714045E-01
6.324555E-01
7.453560E-01
1.000000E+00
1.000000E+00
1.000000E+00
5.000000E-01
8.600261E-01
1.000000E+00
1.000000E+00
5.590170E-01
5.590170E-01
7.453560E-01
1.000000E+00
7.856742E-01
1.000000E+00
1.000000E+00
5.590170E-01
7.856742E-01
1.000000E+00
4.714045E-01
7.211103E-01
6.871843E-01
7.905694E-01
6.324555E-01
4.714045E-01
8.600261E-01
7.856742E-01
1.000000E+00
1.000000E+00
8.600261E-01
6.871843E-01
0.000000E+00
7.856742E-01
1.000000E+00
1.000000E+00
1.000000E+00
1.000000E+00
6.871843E-01
1.000000E+00
8.772293E-01
7.603453E-01
6.871843E-01
8.232168E-01
1.000000E+00
7.905694E-01
1.000000E+00
1.000000E+00
1.000000E+00
5.000000E-01
1.000000E+00
6.871843E-01
1.000000E+00
8.062258E-01
5.000000E-01
5.590170E-01
1.000000E+00
5.000000E-01
7.905694E-01
6.871843E-01
1.000000E+00
8.374896E-01
4.714045E-01
7.905694E-01
7.453560E-01
1.000000E+00
1.000000E+00
7.856742E-01
1.000000E+00
7.856742E-01
6.643841E-01
1.000000E+00
1.000000E+00
7.856742E-01
6.923430E-01
8.958064E-01
1.000000E+00
1.000000E+00
1.000000E+00
8.750000E-01
6.362738E-01
1.000000E+00
1.000000E+00
7.280110E-01
7.280110E-01
7.453560E-01
1.000000E+00
6.599663E-01
1.000000E+00
1.000000E+00
6.758625E-01
6.060915E-01
1.000000E+00
7.856742E-01
7.767276E-01
6.718548E-01
6.009252E-01
6.923430E-01
7.856742E-01
7.158669E-01
6.060915E-01
1.000000E+00
1.000000E+00
7.158669E-01
6.718548E-01
7.856742E-01
0.000000E+00
1.000000E+00
1.000000E+00
1.000000E+00
1.000000E+00
6.718548E-01
1.000000E+00
6.500000E-01
6.007884E-01
5.385165E-01
6.250000E-01
1.000000E+00
7.142857E-01
1.000000E+00
1.000000E+00
1.000000E+00
8.750000E-01
1.000000E+00
6.098367E-01
1.000000E+00
6.643841E-01
8.750000E-01
7.280110E-01
1.000000E+00
8.750000E-01
7.142857E-01
6.718548E-01
1.000000E+00
6.362738E-01
7.856742E-01
7.142857E-01
8.958064E-01
1.000000E+00
0.000000E+00
1.000000E+00
0.000000E+00
1.000000E+00
1.000000E+00
0.000000E+00
0.000000E+00
1.000000E+00
1.000000E+00
1.000000E+00
0.000000E+00
0.000000E+00
0.000000E+00
1.000000E+00
1.000000E+00
0.000000E+00
0.000000E+00
1.000000E+00
1.000000E+00
1.000000E+00
0.000000E+00
1.000000E+00
0.000000E+00
0.000000E+00
1.000000E+00
1.000000E+00
0.000000E+00
1.000000E+00
1.000000E+00
1.000000E+00
1.000000E+00
1.000000E+00
1.000000E+00
1.000000E+00
1.000000E+00
0.000000E+00
0.000000E+00
1.000000E+00
1.000000E+00
1.000000E+00
1.000000E+00
0.000000E+00
0.000000E+00
0.000000E+00
0.000000E+00
1.000000E+00
0.000000E+00
1.000000E+00
1.000000E+00
1.000000E+00
1.000000E+00
0.000000E+00
1.000000E+00
0.000000E+00
0.000000E+00
0.000000E+00
1.000000E+00
0.000000E+00
1.000000E+00
0.000000E+00
1.000000E+00
1.000000E+00
1.000000E+00
0.000000E+00
1.000000E+00
1.000000E+00
1.000000E+00
0.000000E+00
1.000000E+00
1.000000E+00
1.000000E+00
1.000000E+00
0.000000E+00
0.000000E+00
1.000000E+00
0.000000E+00
1.000000E+00
1.000000E+00
0.000000E+00
0.000000E+00
1.000000E+00
1.000000E+00
1.000000E+00
0.000000E+00
0.000000E+00
0.000000E+00
1.000000E+00
1.000000E+00
0.000000E+00
0.000000E+00
1.000000E+00
1.000000E+00
1.000000E+00
0.000000E+00
1.000000E+00
0.000000E+00
0.000000E+00
1.000000E+00
1.000000E+00
0.000000E+00
1.000000E+00
1.000000E+00
1.000000E+00
1.000000E+00
1.000000E+00
1.000000E+00
1.000000E+00
1.000000E+00
0.000000E+00
0.000000E+00
1.000000E+00
1.000000E+00
1.000000E+00
1.000000E+00
0.000000E+00
0.000000E+00
0.000000E+00
0.000000E+00
1.000000E+00
0.000000E+00
1.000000E+00
1.000000E+00
1.000000E+00
1.000000E+00
0.000000E+00
1.000000E+00
0.000000E+00
0.000000E+00
0.000000E+00
1.000000E+00
0.000000E+00
1.000000E+00
0.000000E+00
1.000000E+00
1.000000E+00
1.000000E+00
0.000000E+00
1.000000E+00
1.000000E+00
1.000000E+00
0.000000E+00
1.000000E+00
1.000000E+00
1.000000E+00
1.000000E+00
0.000000E+00
0.000000E+00
1.000000E+00
0.000000E+00
1.000000E+00
1.000000E+00
0.000000E+00
0.000000E+00
1.000000E+00
1.000000E+00
1.000000E+00
0.000000E+00
0.000000E+00
0.000000E+00
1.000000E+00
1.000000E+00
0.000000E+00
0.000000E+00
1.000000E+00
1.000000E+00
1.000000E+00
0.000000E+00
1.000000E+00
0.000000E+00
0.000000E+00
1.000000E+00
1.000000E+00
0.000000E+00
1.000000E+00
1.000000E+00
1.000000E+00
1.000000E+00
1.000000E+00
1.000000E+00
1.000000E+00
1.000000E+00
0.000000E+00
0.000000E+00
1.000000E+00
1.000000E+00
1.000000E+00
1.000000E+00
0.000000E+00
0.000000E+00
0.000000E+00
0.000000E+00
1.000000E+00
0.000000E+00
1.000000E+00
1.000000E+00
1.000000E+00
1.000000E+00
0.000000E+00
1.000000E+00
0.000000E+00
0.000000E+00
0.000000E+00
1.000000E+00
0.000000E+00
1.000000E+00
0.000000E+00
1.000000E+00
1.000000E+00
1.000000E+00
0.000000E+00
1.000000E+00
1.000000E+00
1.000000E+00
0.000000E+00
1.000000E+00
1.000000E+00
1.000000E+00
1.000000E+00
0.000000E+00
0.000000E+00
1.000000E+00
0.000000E+00
1.000000E+00
1.000000E+00
0.000000E+00
0.000000E+00
1.000000E+00
1.000000E+00
1.000000E+00
0.000000E+00
0.000000E+00
0.000000E+00
1.000000E+00
1.000000E+00
0.000000E+00
0.000000E+00
1.000000E+00
1.000000E+00
1.000000E+00
0.000000E+00
1.000000E+00
0.000000E+00
0.000000E+00
1.000000E+00
1.000000E+00
0.000000E+00
1.000000E+00
1.000000E+00
1.000000E+00
1.000000E+00
1.000000E+00
1.000000E+00
1.000000E+00
1.000000E+00
0.000000E+00
0.000000E+00
1.000000E+00
1.000000E+00
1.000000E+00
1.000000E+00
0.000000E+00
0.000000E+00
0.000000E+00
0.000000E+00
1.000000E+00
0.000000E+00
1.000000E+00
1.000000E+00
1.000000E+00
1.000000E+00
0.000000E+00
1.000000E+00
0.000000E+00
0.000000E+00
0.000000E+00
1.000000E+00
0.000000E+00
1.000000E+00
0.000000E+00
1.000000E+00
1.000000E+00
1.000000E+00
0.000000E+00
1.000000E+00
1.000000E+00
1.000000E+00
0.000000E+00
1.000000E+00
1.000000E+00
1.000000E+00
1.000000E+00
0.000000E+00
1.000000E+00
6.871843E-01
1.000000E+00
6.871843E-01
6.880209E-01
1.000000E+00
1.000000E+00
6.871843E-01
6.250000E-01
8.498366E-01
1.000000E+00
1.000000E+00
1.000000E+00
8.000000E-01
7.551904E-01
1.000000E+00
1.000000E+00
6.388766E-01
6.388766E-01
7.114582E-01
1.000000E+00
6.718548E-01
1.000000E+00
1.000000E+00
6.388766E-01
6.718548E-01
1.000000E+00
6.871843E-01
7.288690E-01
6.285394E-01
7.100227E-01
6.250000E-01
6.871843E-01
7.551904E-01
6.718548E-01
1.000000E+00
1.000000E+00
7.551904E-01
6.285394E-01
6.871843E-01
6.718548E-01
1.000000E+00
1.000000E+00
1.000000E+00
1.000000E+00
0.000000E+00
1.000000E+00
7.663274E-01
6.555548E-01
6.285394E-01
7.034898E-01
1.000000E+00
7.100227E-01
1.000000E+00
1.000000E+00
1.000000E+00
8.000000E-01
1.000000E+00
6.285394E-01
1.000000E+00
6.880209E-01
8.000000E-01
6.388766E-01
1.000000E+00
8.000000E-01
7.100227E-01
5.303301E-01
1.000000E+00
7.180220E-01
6.871843E-01
7.100227E-01
8.498366E-01
1.000000E+00
0.000000E+00
1.000000E+00
0.000000E+00
1.000000E+00
1.000000E+00
0.000000E+00
0.000000E+00
1.000000E+00
1.000000E+00
1.000000E+00
0.000000E+00
0.000000E+00
0.000000E+00
1.000000E+00
1.000000E+00
0.000000E+00
0.000000E+00
1.000000E+00
1.000000E+00
1.000000E+00
0.000000E+00
1.000000E+00
0.000000E+00
0.000000E+00
1.000000E+00
1.000000E+00
0.000000E+00
1.000000E+00
1.000000E+00
1.000000E+00
1.000000E+00
1.000000E+00
1.000000E+00
1.000000E+00
1.000000E+00
0.000000E+00
0.000000E+00
1.000000E+00
1.000000E+00
1.000000E+00
1.000000E+00
0.000000E+00
0.000000E+00
0.000000E+00
0.000000E+00
1.000000E+00
0.000000E+00
1.000000E+00
1.000000E+00
1.000000E+00
1.000000E+00
0.000000E+00
1.000000E+00
0.000000E+00
0.000000E+00
0.000000E+00
1.000000E+00
0.000000E+00
1.000000E+00
0.000000E+00
1.000000E+00
1.000000E+00
1.000000E+00
0.000000E+00
1.000000E+00
1.000000E+00
1.000000E+00
0.000000E+00
1.000000E+00
1.000000E+00
1.000000E+00
1.000000E+00
0.000000E+00
1.000000E+00
8.772293E-01
1.000000E+00
8.772293E-01
7.010659E-01
1.000000E+00
1.000000E+00
8.772293E-01
7.954345E-01
9.395810E-01
1.000000E+00
1.000000E+00
1.000000E+00
9.333333E-01
6.270524E-01
1.000000E+00
1.000000E+00
8.318903E-01
8.318903E-01
8.170618E-01
1.000000E+00
6.500000E-01
1.000000E+00
1.000000E+00
8.149003E-01
6.500000E-01
1.000000E+00
8.772293E-01
8.498366E-01
7.663274E-01
7.158669E-01
7.954345E-01
8.772293E-01
6.588078E-01
6.818010E-01
1.000000E+00
1.000000E+00
6.881860E-01
7.663274E-01
8.772293E-01
6.500000E-01
1.000000E+00
1.000000E+00
1.000000E+00
1.000000E+00
7.663274E-01
1.000000E+00
0.000000E+00
6.964194E-01
7.156191E-01
6.636668E-01
1.000000E+00
7.693093E-01
1.000000E+00
1.000000E+00
1.000000E+00
9.333333E-01
1.000000E+00
7.156191E-01
1.000000E+00
7.010659E-01
9.333333E-01
8.149003E-01
1.000000E+00
9.333333E-01
7.693093E-01
7.663274E-01
1.000000E+00
6.270524E-01
8.772293E-01
7.693093E-01
9.395810E-01
1.000000E+00
1.000000E+00
7.603453E-01
1.000000E+00
7.603453E-01
6.666667E-01
1.000000E+00
1.000000E+00
7.603453E-01
6.708204E-01
8.838835E-01
1.000000E+00
1.000000E+00
1.000000E+00
8.571429E-01
6.859943E-01
1.000000E+00
1.000000E+00
7.027284E-01
7.027284E-01
7.329325E-01
1.000000E+00
6.585389E-01
1.000000E+00
1.000000E+00
6.373774E-01
6.007884E-01
1.000000E+00
7.603453E-01
7.615773E-01
6.555548E-01
6.508541E-01
6.708204E-01
7.603453E-01
7.243558E-01
6.585389E-01
1.000000E+00
1.000000E+00
7.243558E-01
6.555548E-01
7.603453E-01
6.007884E-01
1.000000E+00
1.000000E+00
1.000000E+00
1.000000E+00
6.555548E-01
1.000000E+00
6.964194E-01
0.000000E+00
5.830952E-01
6.760409E-01
1.000000E+00
7.091957E-01
1.000000E+00
1.000000E+00
1.000000E+00
8.571429E-01
1.000000E+00
5.830952E-01
1.000000E+00
6.144518E-01
8.571429E-01
7.027284E-01
1.000000E+00
8.571429E-01
7.091957E-01
6.555548E-01
1.000000E+00
5.962848E-01
7.603453E-01
7.091957E-01
8.838835E-01
1.000000E+00
1.000000E+00
6.871843E-01
1.000000E+00
6.871843E-01
6.880209E-01
1.000000E+00
1.000000E+00
6.871843E-01
6.250000E-01
8.498366E-01
1.000000E+00
1.000000E+00
1.000000E+00
8.000000E-01
6.343239E-01
1.000000E+00
1.000000E+00
6.388766E-01
6.388766E-01
7.114582E-01
1.000000E+00
6.718548E-01
1.000000E+00
1.000000E+00
5.270463E-01
6.098367E-01
1.000000E+00
6.871843E-01
7.288690E-01
6.285394E-01
5.555556E-01
6.250000E-01
6.871843E-01
7.180220E-01
6.098367E-01
1.000000E+00
1.000000E+00
7.551904E-01
6.285394E-01
6.871843E-01
5.385165E-01
1.000000E+00
1.000000E+00
1.000000E+00
1.000000E+00
6.285394E-01
1.000000E+00
7.156191E-01
5.830952E-01
0.000000E+00
6.572311E-01
1.000000E+00
7.100227E-01
1.000000E+00
1.000000E+00
1.000000E+00
8.000000E-01
1.000000E+00
5.303301E-01
1.000000E+00
6.880209E-01
8.000000E-01
6.388766E-01
1.000000E+00
8.000000E-01
7.100227E-01
6.285394E-01
1.000000E+00
6.776309E-01
6.871843E-01
7.100227E-01
8.498366E-01
1.000000E+00
1.000000E+00
8.232168E-01
1.000000E+00
8.232168E-01
6.689775E-01
1.000000E+00
1.000000E+00
8.232168E-01
7.297564E-01
9.136251E-01
1.000000E+00
1.000000E+00
1.000000E+00
9.000000E-01
6.726812E-01
1.000000E+00
1.000000E+00
7.682954E-01
7.682954E-01
7.693093E-01
1.000000E+00
6.706914E-01
1.000000E+00
1.000000E+00
7.682954E-01
6.706914E-01
1.000000E+00
8.232168E-01
7.682954E-01
7.034898E-01
6.863753E-01
7.297564E-01
8.232168E-01
7.079080E-01
6.250000E-01
1.000000E+00
1.000000E+00
7.079080E-01
6.572311E-01
8.232168E-01
6.250000E-01
1.000000E+00
1.000000E+00
1.000000E+00
1.000000E+00
7.034898E-01
1.000000E+00
6.636668E-01
6.760409E-01
6.572311E-01
0.000000E+00
1.000000E+00
7.288690E-01
1.000000E+00
1.000000E+00
1.000000E+00
9.000000E-01
1.000000E+00
7.034898E-01
1.000000E+00
6.253027E-01
9.000000E-01
7.682954E-01
1.000000E+00
9.000000E-01
7.288690E-01
7.034898E-01
1.000000E+00
6.726812E-01
8.232168E-01
7.288690E-01
9.136251E-01
1.000000E+00
0.000000E+00
1.000000E+00
0.000000E+00
1.000000E+00
1.000000E+00
0.000000E+00
0.000000E+00
1.000000E+00
1.000000E+00
1.000000E+00
0.000000E+00
0.000000E+00
0.000000E+00
1.000000E+00
1.000000E+00
0.000000E+00
0.000000E+00
1.000000E+00
1.000000E+00
1.000000E+00
0.000000E+00
1.000000E+00
0.000000E+00
0.000000E+00
1.000000E+00
1.000000E+00
0.000000E+00
1.000000E+00
1.000000E+00
1.000000E+00
1.000000E+00
1.000000E+00
1.000000E+00
1.000000E+00
1.000000E+00
0.000000E+00
0.000000E+00
1.000000E+00
1.000000E+00
1.000000E+00
1.000000E+00
0.000000E+00
0.000000E+00
0.000000E+00
0.000000E+00
1.000000E+00
0.000000E+00
1.000000E+00
1.000000E+00
1.000000E+00
1.000000E+00
0.000000E+00
1.000000E+00
0.000000E+00
0.000000E+00
0.000000E+00
1.000000E+00
0.000000E+00
1.000000E+00
0.000000E+00
1.000000E+00
1.000000E+00
1.000000E+00
0.000000E+00
1.000000E+00
1.000000E+00
1.000000E+00
0.000000E+00
1.000000E+00
1.000000E+00
1.000000E+00
1.000000E+00
0.000000E+00
1.000000E+00
7.905694E-01
1.000000E+00
7.905694E-01
7.211103E-01
1.000000E+00
1.000000E+00
7.905694E-01
7.211103E-01
8.333333E-01
1.000000E+00
1.000000E+00
1.000000E+00
8.689661E-01
6.987712E-01
1.000000E+00
1.000000E+00
7.453560E-01
7.453560E-01
5.590170E-01
1.000000E+00
7.142857E-01
1.000000E+00
1.000000E+00
7.453560E-01
7.142857E-01
1.000000E+00
7.905694E-01
7.453560E-01
7.100227E-01
7.071068E-01
7.211103E-01
7.905694E-01
6.565905E-01
7.142857E-01
1.000000E+00
1.000000E+00
6.987712E-01
7.100227E-01
7.905694E-01
7.142857E-01
1.000000E+00
1.000000E+00
1.000000E+00
1.000000E+00
7.100227E-01
1.000000E+00
7.693093E-01
7.091957E-01
7.100227E-01
7.288690E-01
1.000000E+00
0.000000E+00
1.000000E+00
1.000000E+00
1.000000E+00
8.689661E-01
1.000000E+00
7.100227E-01
1.000000E+00
7.211103E-01
8.689661E-01
7.453560E-01
1.000000E+00
8.689661E-01
5.656854E-01
7.100227E-01
1.000000E+00
7.370567E-01
7.905694E-01
7.071068E-01
8.689661E-01
1.000000E+00
0.000000E+00
1.000000E+00
0.000000E+00
1.000000E+00
1.000000E+00
0.000000E+00
0.000000E+00
1.000000E+00
1.000000E+00
1.000000E+00
0.000000E+00
0.000000E+00
0.000000E+00
1.000000E+00
1.000000E+00
0.000000E+00
0.000000E+00
1.000000E+00
1.000000E+00
1.000000E+00
0.000000E+00
1.000000E+00
0.000000E+00
0.000000E+00
1.000000E+00
1.000000E+00
0.000000E+00
1.000000E+00
1.000000E+00
1.000000E+00
1.000000E+00
1.000000E+00
1.000000E+00
1.000000E+00
1.000000E+00
0.000000E+00
0.000000E+00
1.000000E+00
1.000000E+00
1.000000E+00
1.000000E+00
0.000000E+00
0.000000E+00
0.000000E+00
0.000000E+00
1.000000E+00
0.000000E+00
1.000000E+00
1.000000E+00
1.000000E+00
1.000000E+00
0.000000E+00
1.000000E+00
0.000000E+00
0.000000E+00
0.000000E+00
1.000000E+00
0.000000E+00
1.000000E+00
0.000000E+00
1.000000E+00
1.000000E+00
1.000000E+00
0.000000E+00
1.000000E+00
1.000000E+00
1.000000E+00
0.000000E+00
1.000000E+00
1.000000E+00
1.000000E+00
1.000000E+00
0.000000E+00
0.000000E+00
1.000000E+00
0.000000E+00
1.000000E+00
1.000000E+00
0.000000E+00
0.000000E+00
1.000000E+00
1.000000E+00
1.000000E+00
0.000000E+00
0.000000E+00
0.000000E+00
1.000000E+00
1.000000E+00
0.000000E+00
0.000000E+00
1.000000E+00
1.000000E+00
1.000000E+00
0.000000E+00
1.000000E+00
0.000000E+00
0.000000E+00
1.000000E+00
1.000000E+00
0.000000E+00
1.000000E+00
1.000000E+00
1.000000E+00
1.000000E+00
1.000000E+00
1.000000E+00
1.000000E+00
1.000000E+00
0.000000E+00
0.000000E+00
1.000000E+00
1.000000E+00
1.000000E+00
1.000000E+00
0.000000E+00
0.000000E+00
0.000000E+00
0.000000E+00
1.000000E+00
0.000000E+00
1.000000E+00
1.000000E+00
1.000000E+00
1.000000E+00
0.000000E+00
1.000000E+00
0.000000E+00
0.000000E+00
0.000000E+00
1.000000E+00
0.000000E+00
1.000000E+00
0.000000E+00
1.000000E+00
1.000000E+00
1.000000E+00
0.000000E+00
1.000000E+00
1.000000E+00
1.000000E+00
0.000000E+00
1.000000E+00
1.000000E+00
1.000000E+00
1.000000E+00
0.000000E+00
0.000000E+00
1.000000E+00
0.000000E+00
1.000000E+00
1.000000E+00
0.000000E+00
0.000000E+00
1.000000E+00
1.000000E+00
1.000000E+00
0.000000E+00
0.000000E+00
0.000000E+00
1.000000E+00
1.000000E+00
0.000000E+00
0.000000E+00
1.000000E+00
1.000000E+00
1.000000E+00
0.000000E+00
1.000000E+00
0.000000E+00
0.000000E+00
1.000000E+00
1.000000E+00
0.000000E+00
1.000000E+00
1.000000E+00
1.000000E+00
1.000000E+00
1.000000E+00
1.000000E+00
1.000000E+00
1.000000E+00
0.000000E+00
0.000000E+00
1.000000E+00
1.000000E+00
1.000000E+00
1.000000E+00
0.000000E+00
0.000000E+00
0.000000E+00
0.000000E+00
1.000000E+00
0.000000E+00
1.000000E+00
1.000000E+00
1.000000E+00
1.000000E+00
0.000000E+00
1.000000E+00
0.000000E+00
0.000000E+00
0.000000E+00
1.000000E+00
0.000000E+00
1.000000E+00
0.000000E+00
1.000000E+00
1.000000E+00
1.000000E+00
0.000000E+00
1.000000E+00
1.000000E+00
1.000000E+00
0.000000E+00
1.000000E+00
1.000000E+00
1.000000E+00
1.000000E+00
0.000000E+00
1.000000E+00
5.000000E-01
1.000000E+00
5.000000E-01
8.888889E-01
1.000000E+00
1.000000E+00
5.000000E-01
7.500000E-01
7.071068E-01
1.000000E+00
1.000000E+00
1.000000E+00
0.000000E+00
9.204468E-01
1.000000E+00
1.000000E+00
6.666667E-01
6.666667E-01
8.246211E-01
1.000000E+00
8.750000E-01
1.000000E+00
1.000000E+00
6.666667E-01
8.750000E-01
1.000000E+00
5.000000E-01
7.905694E-01
8.000000E-01
8.689661E-01
7.500000E-01
5.000000E-01
9.204468E-01
8.750000E-01
1.000000E+00
1.000000E+00
9.204468E-01
8.000000E-01
5.000000E-01
8.750000E-01
1.000000E+00
1.000000E+00
1.000000E+00
1.000000E+00
8.000000E-01
1.000000E+00
9.333333E-01
8.571429E-01
8.000000E-01
9.000000E-01
1.000000E+00
8.689661E-01
1.000000E+00
1.000000E+00
1.000000E+00
0.000000E+00
1.000000E+00
8.000000E-01
1.000000E+00
8.888889E-01
0.000000E+00
6.666667E-01
1.000000E+00
0.000000E+00
8.689661E-01
8.000000E-01
1.000000E+00
9.090909E-01
5.000000E-01
8.689661E-01
7.071068E-01
1.000000E+00
0.000000E+00
1.000000E+00
0.000000E+00
1.000000E+00
1.000000E+00
0.000000E+00
0.000000E+00
1.000000E+00
1.000000E+00
1.000000E+00
0.000000E+00
0.000000E+00
0.000000E+00
1.000000E+00
1.000000E+00
0.000000E+00
0.000000E+00
1.000000E+00
1.000000E+00
1.000000E+00
0.000000E+00
1.000000E+00
0.000000E+00
0.000000E+00
1.000000E+00
1.000000E+00
0.000000E+00
1.000000E+00
1.000000E+00
1.000000E+00
1.000000E+00
1.000000E+00
1.000000E+00
1.000000E+00
1.000000E+00
0.000000E+00
0.000000E+00
1.000000E+00
1.000000E+00
1.000000E+00
1.000000E+00
0.000000E+00
0.000000E+00
0.000000E+00
0.000000E+00
1.000000E+00
0.000000E+00
1.000000E+00
1.000000E+00
1.000000E+00
1.000000E+00
0.000000E+00
1.000000E+00
0.000000E+00
0.000000E+00
0.000000E+00
1.000000E+00
0.000000E+00
1.000000E+00
0.000000E+00
1.000000E+00
1.000000E+00
1.000000E+00
0.000000E+00
1.000000E+00
1.000000E+00
1.000000E+00
0.000000E+00
1.000000E+00
1.000000E+00
1.000000E+00
1.000000E+00
0.000000E+00
1.000000E+00
6.871843E-01
1.000000E+00
6.871843E-01
6.880209E-01
1.000000E+00
1.000000E+00
6.871843E-01
6.250000E-01
8.498366E-01
1.000000E+00
1.000000E+00
1.000000E+00
8.000000E-01
7.180220E-01
1.000000E+00
1.000000E+00
6.388766E-01
6.388766E-01
6.250000E-01
1.000000E+00
6.718548E-01
1.000000E+00
1.000000E+00
5.270463E-01
6.098367E-01
1.000000E+00
6.871843E-01
7.288690E-01
6.285394E-01
6.403124E-01
6.250000E-01
6.871843E-01
7.551904E-01
6.718548E-01
1.000000E+00
1.000000E+00
7.551904E-01
5.303301E-01
6.871843E-01
6.098367E-01
1.000000E+00
1.000000E+00
1.000000E+00
1.000000E+00
6.285394E-01
1.000000E+00
7.156191E-01
5.830952E-01
5.303301E-01
7.034898E-01
1.000000E+00
7.100227E-01
1.000000E+00
1.000000E+00
1.000000E+00
8.000000E-01
1.000000E+00
0.000000E+00
1.000000E+00
6.880209E-01
8.000000E-01
5.270463E-01
1.000000E+00
8.000000E-01
7.100227E-01
6.285394E-01
1.000000E+00
6.776309E-01
6.871843E-01
7.100227E-01
8.498366E-01
1.000000E+00
0.000000E+00
1.000000E+00
0.000000E+00
1.000000E+00
1.000000E+00
0.000000E+00
0.000000E+00
1.000000E+00
1.000000E+00
1.000000E+00
0.000000E+00
0.000000E+00
0.000000E+00
1.000000E+00
1.000000E+00
0.000000E+00
0.000000E+00
1.000000E+00
1.000000E+00
1.000000E+00
0.000000E+00
1.000000E+00
0.000000E+00
0.000000E+00
1.000000E+00
1.000000E+00
0.000000E+00
1.000000E+00
1.000000E+00
1.000000E+00
1.000000E+00
1.000000E+00
1.000000E+00
1.000000E+00
1.000000E+00
0.000000E+00
0.000000E+00
1.000000E+00
1.000000E+00
1.000000E+00
1.000000E+00
0.000000E+00
0.000000E+00
0.000000E+00
0.000000E+00
1.000000E+00
0.000000E+00
1.000000E+00
1.000000E+00
1.000000E+00
1.000000E+00
0.000000E+00
1.000000E+00
0.000000E+00
0.000000E+00
0.000000E+00
1.000000E+00
0.000000E+00
1.000000E+00
0.000000E+00
1.000000E+00
1.000000E+00
1.000000E+00
0.000000E+00
1.000000E+00
1.000000E+00
1.000000E+00
0.000000E+00
1.000000E+00
1.000000E+00
1.000000E+00
1.000000E+00
0.000000E+00
1.000000E+00
8.062258E-01
1.000000E+00
8.062258E-01
6.655123E-01
1.000000E+00
1.000000E+00
8.062258E-01
7.120003E-01
9.055385E-01
1.000000E+00
1.000000E+00
1.000000E+00
8.888889E-01
7.106335E-01
1.000000E+00
1.000000E+00
7.496556E-01
7.496556E-01
7.576044E-01
1.000000E+00
6.643841E-01
1.000000E+00
1.000000E+00
7.496556E-01
6.643841E-01
1.000000E+00
8.062258E-01
7.496556E-01
6.880209E-01
6.738558E-01
6.618282E-01
8.062258E-01
6.740131E-01
6.146363E-01
1.000000E+00
1.000000E+00
7.106335E-01
6.346478E-01
8.062258E-01
6.643841E-01
1.000000E+00
1.000000E+00
1.000000E+00
1.000000E+00
6.880209E-01
1.000000E+00
7.010659E-01
6.144518E-01
6.880209E-01
6.253027E-01
1.000000E+00
7.211103E-01
1.000000E+00
1.000000E+00
1.000000E+00
8.888889E-01
1.000000E+00
6.880209E-01
1.000000E+00
0.000000E+00
8.888889E-01
7.496556E-01
1.000000E+00
8.888889E-01
7.211103E-01
6.880209E-01
1.000000E+00
6.740131E-01
8.062258E-01
7.211103E-01
9.055385E-01
1.000000E+00
1.000000E+00
5.000000E-01
1.000000E+00
5.000000E-01
8.888889E-01
1.000000E+00
1.000000E+00
5.000000E-01
7.500000E-01
7.071068E-01
1.000000E+00
1.000000E+00
1.000000E+00
0.000000E+00
9.204468E-01
1.000000E+00
1.000000E+00
6.666667E-01
6.666667E-01
8.246211E-01
1.000000E+00
8.750000E-01
1.000000E+00
1.000000E+00
6.666667E-01
8.750000E-01
1.000000E+00
5.000000E-01
7.905694E-01
8.000000E-01
8.689661E-01
7.500000E-01
5.000000E-01
9.204468E-01
8.750000E-01
1.000000E+00
1.000000E+00
9.204468E-01
8.000000E-01
5.000000E-01
8.750000E-01
1.000000E+00
1.000000E+00
1.000000E+00
1.000000E+00
8.000000E-01
1.000000E+00
9.333333E-01
8.571429E-01
8.000000E-01
9.000000E-01
1.000000E+00
8.689661E-01
1.000000E+00
1.000000E+00
1.000000E+00
0.000000E+00
1.000000E+00
8.000000E-01
1.000000E+00
8.888889E-01
0.000000E+00
6.666667E-01
1.000000E+00
0.000000E+00
8.689661E-01
8.000000E-01
1.000000E+00
9.090909E-01
5.000000E-01
8.689661E-01
7.071068E-01
1.000000E+00
1.000000E+00
5.590170E-01
1.000000E+00
5.590170E-01
7.496556E-01
1.000000E+00
1.000000E+00
5.590170E-01
6.009252E-01
7.905694E-01
1.000000E+00
1.000000E+00
1.000000E+00
6.666667E-01
8.144110E-01
1.000000E+00
1.000000E+00
5.656854E-01
5.656854E-01
7.142857E-01
1.000000E+00
7.280110E-01
1.000000E+00
1.000000E+00
5.656854E-01
7.280110E-01
1.000000E+00
5.590170E-01
7.071068E-01
6.388766E-01
7.453560E-01
6.009252E-01
5.590170E-01
8.144110E-01
7.280110E-01
1.000000E+00
1.000000E+00
8.144110E-01
6.388766E-01
5.590170E-01
7.280110E-01
1.000000E+00
1.000000E+00
1.000000E+00
1.000000E+00
6.388766E-01
1.000000E+00
8.149003E-01
7.027284E-01
6.388766E-01
7.682954E-01
1.000000E+00
7.453560E-01
1.000000E+00
1.000000E+00
1.000000E+00
6.666667E-01
1.000000E+00
5.270463E-01
1.000000E+00
7.496556E-01
6.666667E-01
0.000000E+00
1.000000E+00
6.666667E-01
7.453560E-01
6.388766E-01
1.000000E+00
7.844645E-01
5.590170E-01
7.453560E-01
7.905694E-01
1.000000E+00
0.000000E+00
1.000000E+00
0.000000E+00
1.000000E+00
1.000000E+00
0.000000E+00
0.000000E+00
1.000000E+00
1.000000E+00
1.000000E+00
0.000000E+00
0.000000E+00
0.000000E+00
1.000000E+00
1.000000E+00
0.000000E+00
0.000000E+00
1.000000E+00
1.000000E+00
1.000000E+00
0.000000E+00
1.000000E+00
0.000000E+00
0.000000E+00
1.000000E+00
1.000000E+00
0.000000E+00
1.000000E+00
1.000000E+00
1.000000E+00
1.000000E+00
1.000000E+00
1.000000E+00
1.000000E+00
1.000000E+00
0.000000E+00
0.000000E+00
1.000000E+00
1.000000E+00
1.000000E+00
1.000000E+00
0.000000E+00
0.000000E+00
0.000000E+00
0.000000E+00
1.000000E+00
0.000000E+00
1.000000E+00
1.000000E+00
1.000000E+00
1.000000E+00
0.000000E+00
1.000000E+00
0.000000E+00
0.000000E+00
0.000000E+00
1.000000E+00
0.000000E+00
1.000000E+00
0.000000E+00
1.000000E+00
1.000000E+00
1.000000E+00
0.000000E+00
1.000000E+00
1.000000E+00
1.000000E+00
0.000000E+00
1.000000E+00
1.000000E+00
1.000000E+00
1.000000E+00
0.000000E+00
1.000000E+00
5.000000E-01
1.000000E+00
5.000000E-01
8.888889E-01
1.000000E+00
1.000000E+00
5.000000E-01
7.500000E-01
7.071068E-01
1.000000E+00
1.000000E+00
1.000000E+00
0.000000E+00
9.204468E-01
1.000000E+00
1.000000E+00
6.666667E-01
6.666667E-01
8.246211E-01
1.000000E+00
8.750000E-01
1.000000E+00
1.000000E+00
6.666667E-01
8.750000E-01
1.000000E+00
5.000000E-01
7.905694E-01
8.000000E-01
8.689661E-01
7.500000E-01
5.000000E-01
9.204468E-01
8.750000E-01
1.000000E+00
1.000000E+00
9.204468E-01
8.000000E-01
5.000000E-01
8.750000E-01
1.000000E+00
1.000000E+00
1.000000E+00
1.000000E+00
8.000000E-01
1.000000E+00
9.333333E-01
8.571429E-01
8.000000E-01
9.000000E-01
1.000000E+00
8.689661E-01
1.000000E+00
1.000000E+00
1.000000E+00
0.000000E+00
1.000000E+00
8.000000E-01
1.000000E+00
8.888889E-01
0.000000E+00
6.666667E-01
1.000000E+00
0.000000E+00
8.689661E-01
8.000000E-01
1.000000E+00
9.090909E-01
5.000000E-01
8.689661E-01
7.071068E-01
1.000000E+00
1.000000E+00
7.905694E-01
1.000000E+00
7.905694E-01
7.211103E-01
1.000000E+00
1.000000E+00
7.905694E-01
7.211103E-01
8.333333E-01
1.000000E+00
1.000000E+00
1.000000E+00
8.689661E-01
6.987712E-01
1.000000E+00
1.000000E+00
7.453560E-01
7.453560E-01
6.478835E-01
1.000000E+00
7.142857E-01
1.000000E+00
1.000000E+00
7.453560E-01
7.142857E-01
1.000000E+00
7.905694E-01
7.453560E-01
7.100227E-01
7.071068E-01
6.478835E-01
7.905694E-01
6.565905E-01
7.142857E-01
1.000000E+00
1.000000E+00
6.987712E-01
7.100227E-01
7.905694E-01
7.142857E-01
1.000000E+00
1.000000E+00
1.000000E+00
1.000000E+00
7.100227E-01
1.000000E+00
7.693093E-01
7.091957E-01
7.100227E-01
7.288690E-01
1.000000E+00
5.656854E-01
1.000000E+00
1.000000E+00
1.000000E+00
8.689661E-01
1.000000E+00
7.100227E-01
1.000000E+00
7.211103E-01
8.689661E-01
7.453560E-01
1.000000E+00
8.689661E-01
0.000000E+00
7.100227E-01
1.000000E+00
7.370567E-01
7.905694E-01
7.071068E-01
8.689661E-01
1.000000E+00
1.000000E+00
6.871843E-01
1.000000E+00
6.871843E-01
6.880209E-01
1.000000E+00
1.000000E+00
6.871843E-01
6.250000E-01
8.498366E-01
1.000000E+00
1.000000E+00
1.000000E+00
8.000000E-01
7.551904E-01
1.000000E+00
1.000000E+00
6.388766E-01
6.388766E-01
7.114582E-01
1.000000E+00
6.718548E-01
1.000000E+00
1.000000E+00
6.388766E-01
6.718548E-01
1.000000E+00
6.871843E-01
7.288690E-01
6.285394E-01
7.100227E-01
6.250000E-01
6.871843E-01
7.551904E-01
6.718548E-01
1.000000E+00
1.000000E+00
7.551904E-01
6.285394E-01
6.871843E-01
6.718548E-01
1.000000E+00
1.000000E+00
1.000000E+00
1.000000E+00
5.303301E-01
1.000000E+00
7.663274E-01
6.555548E-01
6.285394E-01
7.034898E-01
1.000000E+00
7.100227E-01
1.000000E+00
1.000000E+00
1.000000E+00
8.000000E-01
1.000000E+00
6.285394E-01
1.000000E+00
6.880209E-01
8.000000E-01
6.388766E-01
1.000000E+00
8.000000E-01
7.100227E-01
0.000000E+00
1.000000E+00
7.180220E-01
6.871843E-01
7.100227E-01
8.498366E-01
1.000000E+00
0.000000E+00
1.000000E+00
0.000000E+00
1.000000E+00
1.000000E+00
0.000000E+00
0.000000E+00
1.000000E+00
1.000000E+00
1.000000E+00
0.000000E+00
0.000000E+00
0.000000E+00
1.000000E+00
1.000000E+00
0.000000E+00
0.000000E+00
1.000000E+00
1.000000E+00
1.000000E+00
0.000000E+00
1.000000E+00
0.000000E+00
0.000000E+00
1.000000E+00
1.000000E+00
0.000000E+00
1.000000E+00
1.000000E+00
1.000000E+00
1.000000E+00
1.000000E+00
1.000000E+00
1.000000E+00
1.000000E+00
0.000000E+00
0.000000E+00
1.000000E+00
1.000000E+00
1.000000E+00
1.000000E+00
0.000000E+00
0.000000E+00
0.000000E+00
0.000000E+00
1.000000E+00
0.000000E+00
1.000000E+00
1.000000E+00
1.000000E+00
1.000000E+00
0.000000E+00
1.000000E+00
0.000000E+00
0.000000E+00
0.000000E+00
1.000000E+00
0.000000E+00
1.000000E+00
0.000000E+00
1.000000E+00
1.000000E+00
1.000000E+00
0.000000E+00
1.000000E+00
1.000000E+00
1.000000E+00
0.000000E+00
1.000000E+00
1.000000E+00
1.000000E+00
1.000000E+00
0.000000E+00
1.000000E+00
8.374896E-01
1.000000E+00
8.374896E-01
6.740131E-01
1.000000E+00
1.000000E+00
8.374896E-01
7.457362E-01
9.204468E-01
1.000000E+00
1.000000E+00
1.000000E+00
9.090909E-01
6.734350E-01
1.000000E+00
1.000000E+00
7.844645E-01
7.844645E-01
7.803133E-01
1.000000E+00
5.896238E-01
1.000000E+00
1.000000E+00
7.272727E-01
5.896238E-01
1.000000E+00
8.374896E-01
8.144110E-01
6.776309E-01
6.987712E-01
7.457362E-01
8.374896E-01
6.734350E-01
6.781420E-01
1.000000E+00
1.000000E+00
6.734350E-01
7.180220E-01
8.374896E-01
6.362738E-01
1.000000E+00
1.000000E+00
1.000000E+00
1.000000E+00
7.180220E-01
1.000000E+00
6.270524E-01
5.962848E-01
6.776309E-01
6.726812E-01
1.000000E+00
7.370567E-01
1.000000E+00
1.000000E+00
1.000000E+00
9.090909E-01
1.000000E+00
6.776309E-01
1.000000E+00
6.740131E-01
9.090909E-01
7.844645E-01
1.000000E+00
9.090909E-01
7.370567E-01
7.180220E-01
1.000000E+00
0.000000E+00
8.374896E-01
6.987712E-01
9.204468E-01
1.000000E+00
1.000000E+00
4.714045E-01
1.000000E+00
4.714045E-01
8.062258E-01
1.000000E+00
1.000000E+00
4.714045E-01
6.324555E-01
7.453560E-01
1.000000E+00
1.000000E+00
1.000000E+00
5.000000E-01
8.600261E-01
1.000000E+00
1.000000E+00
5.590170E-01
5.590170E-01
7.453560E-01
1.000000E+00
7.856742E-01
1.000000E+00
1.000000E+00
5.590170E-01
7.856742E-01
1.000000E+00
4.714045E-01
7.211103E-01
6.871843E-01
7.905694E-01
6.324555E-01
4.714045E-01
8.600261E-01
7.856742E-01
1.000000E+00
1.000000E+00
8.600261E-01
6.871843E-01
4.714045E-01
7.856742E-01
1.000000E+00
1.000000E+00
1.000000E+00
1.000000E+00
6.871843E-01
1.000000E+00
8.772293E-01
7.603453E-01
6.871843E-01
8.232168E-01
1.000000E+00
7.905694E-01
1.000000E+00
1.000000E+00
1.000000E+00
5.000000E-01
1.000000E+00
6.871843E-01
1.000000E+00
8.062258E-01
5.000000E-01
5.590170E-01
1.000000E+00
5.000000E-01
7.905694E-01
6.871843E-01
1.000000E+00
8.374896E-01
0.000000E+00
7.905694E-01
7.453560E-01
1.000000E+00
1.000000E+00
7.905694E-01
1.000000E+00
7.905694E-01
7.211103E-01
1.000000E+00
1.000000E+00
7.905694E-01
7.211103E-01
8.689661E-01
1.000000E+00
1.000000E+00
1.000000E+00
8.689661E-01
7.370567E-01
1.000000E+00
1.000000E+00
7.453560E-01
7.453560E-01
7.211103E-01
1.000000E+00
6.617173E-01
1.000000E+00
1.000000E+00
7.453560E-01
7.142857E-01
1.000000E+00
7.905694E-01
7.453560E-01
7.100227E-01
7.071068E-01
7.211103E-01
7.905694E-01
7.370567E-01
7.142857E-01
1.000000E+00
1.000000E+00
7.370567E-01
7.100227E-01
7.905694E-01
7.142857E-01
1.000000E+00
1.000000E+00
1.000000E+00
1.000000E+00
7.100227E-01
1.000000E+00
7.693093E-01
7.091957E-01
7.100227E-01
7.288690E-01
1.000000E+00
7.071068E-01
1.000000E+00
1.000000E+00
1.000000E+00
8.689661E-01
1.000000E+00
7.100227E-01
1.000000E+00
7.211103E-01
8.689661E-01
7.453560E-01
1.000000E+00
8.689661E-01
7.071068E-01
7.100227E-01
1.000000E+00
6.987712E-01
7.905694E-01
0.000000E+00
8.689661E-01
1.000000E+00
1.000000E+00
7.453560E-01
1.000000E+00
7.453560E-01
9.055385E-01
1.000000E+00
1.000000E+00
7.453560E-01
8.246211E-01
7.071068E-01
1.000000E+00
1.000000E+00
1.000000E+00
7.071068E-01
9.204468E-01
1.000000E+00
1.000000E+00
7.905694E-01
7.905694E-01
8.246211E-01
1.000000E+00
8.958064E-01
1.000000E+00
1.000000E+00
7.905694E-01
8.958064E-01
1.000000E+00
7.453560E-01
7.905694E-01
8.498366E-01
8.689661E-01
8.246211E-01
7.453560E-01
9.204468E-01
8.958064E-01
1.000000E+00
1.000000E+00
9.204468E-01
8.498366E-01
7.453560E-01
8.958064E-01
1.000000E+00
1.000000E+00
1.000000E+00
1.000000E+00
8.498366E-01
1.000000E+00
9.395810E-01
8.838835E-01
8.498366E-01
9.136251E-01
1.000000E+00
8.689661E-01
1.000000E+00
1.000000E+00
1.000000E+00
7.071068E-01
1.000000E+00
8.498366E-01
1.000000E+00
9.055385E-01
7.071068E-01
7.905694E-01
1.000000E+00
7.071068E-01
8.689661E-01
8.498366E-01
1.000000E+00
9.204468E-01
7.453560E-01
8.689661E-01
0.000000E+00
1.000000E+00
0.000000E+00
1.000000E+00
0.000000E+00
1.000000E+00
1.000000E+00
0.000000E+00
0.000000E+00
1.000000E+00
1.000000E+00
1.000000E+00
0.000000E+00
0.000000E+00
0.000000E+00
1.000000E+00
1.000000E+00
0.000000E+00
0.000000E+00
1.000000E+00
1.000000E+00
1.000000E+00
0.000000E+00
1.000000E+00
0.000000E+00
0.000000E+00
1.000000E+00
1.000000E+00
0.000000E+00
1.000000E+00
1.000000E+00
1.000000E+00
1.000000E+00
1.000000E+00
1.000000E+00
1.000000E+00
1.000000E+00
0.000000E+00
0.000000E+00
1.000000E+00
1.000000E+00
1.000000E+00
1.000000E+00
0.000000E+00
0.000000E+00
0.000000E+00
0.000000E+00
1.000000E+00
0.000000E+00
1.000000E+00
1.000000E+00
1.000000E+00
1.000000E+00
0.000000E+00
1.000000E+00
0.000000E+00
0.000000E+00
0.000000E+00
1.000000E+00
0.000000E+00
1.000000E+00
0.000000E+00
1.000000E+00
1.000000E+00
1.000000E+00
0.000000E+00
1.000000E+00
1.000000E+00
1.000000E+00
0.000000E+00
1.000000E+00
1.000000E+00
1.000000E+00
1.000000E+00
0.000000E+00
