7.682954E-01
1.000000E+00
7.453560E-01
8.232168E-01
7.453560E-01
8.031005E-01
7.180327E-01
8.498366E-01
7.034898E-01
6.863753E-01
7.080855E-01
7.080855E-01
9.136251E-01
6.689775E-01
6.689775E-01
7.288690E-01
9.136251E-01
7.954712E-01
6.388766E-01
6.698906E-01
6.706914E-01
7.693093E-01
8.232168E-01
6.698906E-01
7.453560E-01
8.498366E-01
8.232168E-01
7.693093E-01
8.338540E-01
1.000000E+00
7.440653E-01
8.768631E-01
7.440653E-01
8.110350E-01
7.382412E-01
8.601139E-01
7.737993E-01
7.222222E-01
6.867717E-01
6.867717E-01
9.313146E-01
7.186995E-01
7.186995E-01
7.222222E-01
9.230769E-01
7.744798E-01
7.535695E-01
7.130965E-01
7.268732E-01
8.000865E-01
8.768631E-01
7.130965E-01
7.440653E-01
8.601139E-01
8.768631E-01
7.730823E-01
7.682954E-01
1.000000E+00
7.453560E-01
8.232168E-01
7.453560E-01
8.031005E-01
7.180327E-01
8.498366E-01
7.034898E-01
7.288690E-01
6.689775E-01
7.080855E-01
9.136251E-01
6.689775E-01
6.689775E-01
6.863753E-01
9.136251E-01
7.751341E-01
6.863753E-01
6.698906E-01
6.706914E-01
7.693093E-01
8.232168E-01
6.285394E-01
7.453560E-01
8.498366E-01
8.232168E-01
7.693093E-01
6.666667E-01
1.000000E+00
8.498366E-01
5.000000E-01
8.498366E-01
7.905694E-01
8.838835E-01
7.453560E-01
8.000000E-01
8.689661E-01
9.055385E-01
9.055385E-01
7.071068E-01
8.888889E-01
8.888889E-01
8.689661E-01
7.071068E-01
9.705882E-01
8.333333E-01
9.000000E-01
8.750000E-01
8.246211E-01
5.000000E-01
9.000000E-01
8.498366E-01
7.453560E-01
5.000000E-01
8.246211E-01
8.567800E-01
1.000000E+00
7.762087E-01
8.958064E-01
7.762087E-01
8.407081E-01
7.593152E-01
8.843116E-01
7.982407E-01
7.529233E-01
7.083333E-01
7.083333E-01
9.430129E-01
7.343024E-01
7.343024E-01
7.529233E-01
9.375000E-01
7.515318E-01
7.767276E-01
7.256909E-01
7.453560E-01
8.246211E-01
8.958064E-01
7.256909E-01
7.762087E-01
8.843116E-01
8.958064E-01
8.051083E-01
6.731456E-01
1.000000E+00
7.100227E-01
7.284314E-01
7.100227E-01
7.453560E-01
7.091957E-01
7.905694E-01
6.403124E-01
7.071068E-01
7.211103E-01
7.211103E-01
8.689661E-01
6.738558E-01
6.738558E-01
7.071068E-01
8.689661E-01
8.558112E-01
6.428243E-01
6.863753E-01
6.617173E-01
7.211103E-01
7.284314E-01
6.863753E-01
7.100227E-01
7.905694E-01
7.284314E-01
7.211103E-01
6.388766E-01
1.000000E+00
7.071068E-01
6.871843E-01
7.071068E-01
7.288690E-01
7.168604E-01
7.693093E-01
6.285394E-01
7.100227E-01
7.354022E-01
7.354022E-01
8.498366E-01
6.880209E-01
6.880209E-01
7.100227E-01
8.498366E-01
8.747774E-01
6.403124E-01
7.034898E-01
6.718548E-01
7.114582E-01
6.871843E-01
7.034898E-01
7.071068E-01
7.693093E-01
6.871843E-01
7.114582E-01
7.844645E-01
1.000000E+00
7.551904E-01
8.374896E-01
7.551904E-01
8.144110E-01
7.243558E-01
8.600261E-01
6.776309E-01
7.370567E-01
7.106335E-01
6.740131E-01
9.204468E-01
6.740131E-01
6.740131E-01
7.370567E-01
9.204468E-01
7.730591E-01
6.987712E-01
6.726812E-01
6.781420E-01
7.803133E-01
8.374896E-01
6.726812E-01
7.551904E-01
8.600261E-01
8.374896E-01
7.803133E-01
7.027284E-01
1.000000E+00
7.168604E-01
7.603453E-01
7.168604E-01
7.615773E-01
7.071068E-01
8.089011E-01
6.555548E-01
7.091957E-01
7.126096E-01
7.126096E-01
8.838835E-01
6.666667E-01
6.666667E-01
7.091957E-01
8.838835E-01
8.385255E-01
6.508541E-01
6.760409E-01
6.585389E-01
7.329325E-01
7.603453E-01
6.760409E-01
7.168604E-01
8.089011E-01
7.603453E-01
7.329325E-01
8.110350E-01
1.000000E+00
7.440653E-01
8.601139E-01
7.440653E-01
8.338540E-01
7.382412E-01
8.768631E-01
7.126096E-01
7.535695E-01
7.186995E-01
6.867717E-01
9.313146E-01
6.867717E-01
6.867717E-01
7.222222E-01
9.313146E-01
7.402953E-01
7.222222E-01
6.818182E-01
6.594718E-01
8.000865E-01
8.601139E-01
6.818182E-01
7.737993E-01
8.768631E-01
8.601139E-01
8.000865E-01
7.453560E-01
1.000000E+00
6.403124E-01
7.905694E-01
6.403124E-01
6.731456E-01
7.091957E-01
7.284314E-01
7.100227E-01
6.428243E-01
6.738558E-01
6.738558E-01
8.689661E-01
7.211103E-01
7.211103E-01
6.428243E-01
8.333333E-01
8.631338E-01
7.071068E-01
7.288690E-01
7.142857E-01
7.211103E-01
7.905694E-01
7.288690E-01
6.403124E-01
7.284314E-01
7.905694E-01
6.478835E-01
5.590170E-01
1.000000E+00
6.871843E-01
4.714045E-01
7.693093E-01
7.211103E-01
8.089011E-01
7.071068E-01
6.871843E-01
7.905694E-01
8.381404E-01
8.381404E-01
7.453560E-01
8.062258E-01
8.062258E-01
7.284314E-01
7.453560E-01
9.432899E-01
7.284314E-01
8.232168E-01
7.856742E-01
7.453560E-01
4.714045E-01
8.232168E-01
7.693093E-01
7.071068E-01
4.714045E-01
7.453560E-01
6.009252E-01
1.000000E+00
7.114582E-01
6.324555E-01
7.114582E-01
7.142857E-01
7.329325E-01
7.453560E-01
6.250000E-01
6.478835E-01
7.576044E-01
7.576044E-01
8.246211E-01
7.120003E-01
7.120003E-01
7.211103E-01
8.246211E-01
8.955698E-01
4.517540E-01
7.297564E-01
6.324555E-01
7.071068E-01
6.324555E-01
6.871843E-01
7.114582E-01
7.453560E-01
6.324555E-01
7.071068E-01
8.743356E-01
1.000000E+00
8.016995E-01
9.097606E-01
8.016995E-01
8.624176E-01
7.383352E-01
9.013878E-01
8.016995E-01
7.399464E-01
6.588078E-01
7.295450E-01
9.513149E-01
7.508499E-01
7.295450E-01
7.593152E-01
9.473684E-01
6.845106E-01
7.969944E-01
7.403762E-01
7.635381E-01
8.441951E-01
9.097606E-01
7.187361E-01
8.016995E-01
9.013878E-01
9.097606E-01
8.294676E-01
6.731456E-01
1.000000E+00
7.100227E-01
7.284314E-01
7.100227E-01
7.453560E-01
7.091957E-01
7.905694E-01
6.403124E-01
7.071068E-01
7.211103E-01
7.211103E-01
8.689661E-01
6.738558E-01
6.738558E-01
7.071068E-01
8.689661E-01
8.558112E-01
5.656854E-01
6.863753E-01
6.009252E-01
7.211103E-01
7.284314E-01
6.388766E-01
7.100227E-01
7.905694E-01
7.284314E-01
7.211103E-01
7.142857E-01
1.000000E+00
6.250000E-01
7.453560E-01
6.250000E-01
6.009252E-01
7.329325E-01
6.324555E-01
7.114582E-01
6.478835E-01
7.120003E-01
7.120003E-01
8.246211E-01
7.576044E-01
7.576044E-01
6.478835E-01
7.500000E-01
8.955698E-01
7.211103E-01
7.693093E-01
7.453560E-01
7.071068E-01
7.453560E-01
7.693093E-01
6.250000E-01
6.324555E-01
7.453560E-01
6.060915E-01
5.590170E-01
1.000000E+00
7.693093E-01
4.714045E-01
7.693093E-01
7.211103E-01
8.089011E-01
7.071068E-01
6.871843E-01
7.905694E-01
8.381404E-01
8.381404E-01
7.453560E-01
8.062258E-01
8.062258E-01
7.905694E-01
7.453560E-01
9.432899E-01
7.284314E-01
8.232168E-01
7.856742E-01
7.453560E-01
4.714045E-01
8.232168E-01
7.693093E-01
7.071068E-01
4.714045E-01
7.453560E-01
7.985957E-01
1.000000E+00
7.647059E-01
8.496432E-01
7.647059E-01
8.246211E-01
6.576671E-01
8.689661E-01
7.315437E-01
7.453560E-01
7.142857E-01
7.142857E-01
9.262765E-01
6.800735E-01
6.800735E-01
7.453560E-01
9.262765E-01
7.730012E-01
7.107674E-01
6.767938E-01
6.862318E-01
7.601170E-01
8.496432E-01
6.767938E-01
7.647059E-01
8.689661E-01
8.496432E-01
7.905694E-01
6.731456E-01
1.000000E+00
6.403124E-01
7.284314E-01
7.100227E-01
7.453560E-01
7.091957E-01
7.905694E-01
6.403124E-01
7.071068E-01
7.211103E-01
6.738558E-01
8.689661E-01
6.738558E-01
6.738558E-01
6.428243E-01
8.689661E-01
8.558112E-01
6.428243E-01
6.863753E-01
6.617173E-01
7.211103E-01
7.284314E-01
6.863753E-01
7.100227E-01
7.905694E-01
7.284314E-01
7.211103E-01
8.031005E-01
1.000000E+00
7.034898E-01
8.498366E-01
7.034898E-01
7.682954E-01
7.180327E-01
8.232168E-01
7.034898E-01
6.863753E-01
6.689775E-01
6.253027E-01
9.136251E-01
7.080855E-01
7.080855E-01
6.863753E-01
9.000000E-01
8.054566E-01
7.288690E-01
7.071068E-01
7.114582E-01
7.693093E-01
8.498366E-01
7.071068E-01
7.034898E-01
8.232168E-01
8.498366E-01
7.297564E-01
7.905694E-01
1.000000E+00
8.498366E-01
7.453560E-01
8.498366E-01
7.905694E-01
8.838835E-01
7.453560E-01
8.498366E-01
8.689661E-01
9.055385E-01
9.055385E-01
7.071068E-01
9.055385E-01
9.055385E-01
8.689661E-01
7.071068E-01
9.718486E-01
8.689661E-01
9.136251E-01
8.958064E-01
8.246211E-01
7.453560E-01
9.136251E-01
8.498366E-01
7.453560E-01
7.453560E-01
8.246211E-01
8.246211E-01
1.000000E+00
7.315437E-01
8.689661E-01
7.315437E-01
7.985957E-01
6.961091E-01
8.496432E-01
7.315437E-01
7.107674E-01
6.424503E-01
6.800735E-01
9.262765E-01
7.142857E-01
7.142857E-01
6.731456E-01
9.166667E-01
7.619570E-01
7.453560E-01
7.100227E-01
7.211103E-01
7.905694E-01
8.689661E-01
6.767938E-01
7.315437E-01
8.496432E-01
8.689661E-01
7.601170E-01
5.590170E-01
1.000000E+00
7.693093E-01
4.714045E-01
7.693093E-01
7.211103E-01
8.089011E-01
7.071068E-01
6.871843E-01
7.905694E-01
8.381404E-01
8.381404E-01
7.453560E-01
8.062258E-01
8.062258E-01
7.905694E-01
7.453560E-01
9.432899E-01
7.284314E-01
8.232168E-01
7.856742E-01
7.453560E-01
4.714045E-01
8.232168E-01
7.693093E-01
7.071068E-01
4.714045E-01
7.453560E-01
5.656854E-01
1.000000E+00
7.288690E-01
5.590170E-01
7.288690E-01
7.071068E-01
7.615773E-01
7.211103E-01
6.388766E-01
7.453560E-01
7.905694E-01
7.905694E-01
7.905694E-01
7.496556E-01
7.496556E-01
7.453560E-01
7.905694E-01
9.183486E-01
6.731456E-01
7.682954E-01
7.280110E-01
7.142857E-01
5.590170E-01
7.682954E-01
7.288690E-01
7.211103E-01
5.590170E-01
7.142857E-01
7.453560E-01
1.000000E+00
6.403124E-01
7.905694E-01
6.403124E-01
6.731456E-01
6.508541E-01
7.284314E-01
7.100227E-01
6.428243E-01
6.201737E-01
6.738558E-01
8.689661E-01
7.211103E-01
7.211103E-01
6.428243E-01
8.333333E-01
8.558112E-01
7.071068E-01
7.288690E-01
7.142857E-01
7.211103E-01
7.905694E-01
7.288690E-01
6.403124E-01
7.284314E-01
7.905694E-01
6.478835E-01
6.009252E-01
1.000000E+00
6.250000E-01
6.324555E-01
7.114582E-01
7.142857E-01
7.329325E-01
7.453560E-01
6.250000E-01
7.211103E-01
7.576044E-01
7.576044E-01
8.246211E-01
7.120003E-01
7.120003E-01
6.478835E-01
8.246211E-01
8.955698E-01
6.478835E-01
7.297564E-01
6.923430E-01
7.071068E-01
6.324555E-01
7.297564E-01
7.114582E-01
7.453560E-01
6.324555E-01
7.071068E-01
