6.731456E-01
7.284314E-01
7.280110E-01
6.508541E-01
7.211103E-01
7.453560E-01
7.535695E-01
7.142857E-01
8.689661E-01
7.905694E-01
7.288690E-01
7.091957E-01
8.689661E-01
1.000000E+00
1.000000E+00
7.071068E-01
6.478835E-01
1.000000E+00
8.333333E-01
1.000000E+00
6.731456E-01
7.905694E-01
1.000000E+00
6.863753E-01
1.000000E+00
6.403124E-01
1.000000E+00
1.000000E+00
1.000000E+00
6.738558E-01
7.615773E-01
1.000000E+00
8.689661E-01
7.142857E-01
5.590170E-01
7.222222E-01
6.478835E-01
5.656854E-01
5.590170E-01
8.407081E-01
7.027284E-01
7.905694E-01
7.071068E-01
8.338540E-01
7.767276E-01
7.905694E-01
7.211103E-01
8.031005E-01
7.615773E-01
7.905694E-01
1.000000E+00
1.000000E+00
7.453560E-01
6.009252E-01
1.000000E+00
6.666667E-01
1.000000E+00
5.656854E-01
7.211103E-01
1.000000E+00
8.031005E-01
1.000000E+00
6.388766E-01
1.000000E+00
1.000000E+00
1.000000E+00
7.496556E-01
8.422248E-01
1.000000E+00
7.905694E-01
7.767276E-01
7.496556E-01
8.338540E-01
6.009252E-01
6.009252E-01
6.324555E-01
8.051083E-01
6.708204E-01
7.576044E-01
7.142857E-01
8.000865E-01
7.453560E-01
8.246211E-01
7.453560E-01
7.693093E-01
7.329325E-01
8.246211E-01
1.000000E+00
1.000000E+00
7.211103E-01
6.060915E-01
1.000000E+00
7.500000E-01
1.000000E+00
6.009252E-01
7.453560E-01
1.000000E+00
7.693093E-01
1.000000E+00
6.250000E-01
1.000000E+00
1.000000E+00
1.000000E+00
7.120003E-01
8.089011E-01
1.000000E+00
8.246211E-01
7.453560E-01
6.618282E-01
8.000865E-01
6.060915E-01
1.000000E+00
1.000000E+00
1.000000E+00
1.000000E+00
1.000000E+00
1.000000E+00
1.000000E+00
1.000000E+00
1.000000E+00
1.000000E+00
1.000000E+00
1.000000E+00
1.000000E+00
0.000000E+00
0.000000E+00
1.000000E+00
1.000000E+00
0.000000E+00
1.000000E+00
0.000000E+00
1.000000E+00
1.000000E+00
0.000000E+00
1.000000E+00
0.000000E+00
1.000000E+00
0.000000E+00
0.000000E+00
0.000000E+00
1.000000E+00
1.000000E+00
0.000000E+00
1.000000E+00
1.000000E+00
1.000000E+00
1.000000E+00
1.000000E+00
7.280110E-01
7.856742E-01
6.923430E-01
6.585389E-01
6.643841E-01
7.767276E-01
7.268732E-01
7.071068E-01
8.958064E-01
8.246211E-01
7.114582E-01
7.086764E-01
8.958064E-01
1.000000E+00
1.000000E+00
7.142857E-01
6.923430E-01
1.000000E+00
8.750000E-01
1.000000E+00
6.758625E-01
8.246211E-01
1.000000E+00
6.250000E-01
1.000000E+00
6.718548E-01
1.000000E+00
1.000000E+00
1.000000E+00
6.643841E-01
7.030868E-01
1.000000E+00
8.958064E-01
7.071068E-01
5.578750E-01
6.946222E-01
6.324555E-01
6.731456E-01
7.284314E-01
7.280110E-01
6.508541E-01
7.211103E-01
7.453560E-01
7.535695E-01
7.142857E-01
8.689661E-01
7.905694E-01
7.288690E-01
7.091957E-01
8.689661E-01
1.000000E+00
1.000000E+00
7.071068E-01
6.478835E-01
1.000000E+00
8.333333E-01
1.000000E+00
6.731456E-01
7.905694E-01
1.000000E+00
7.288690E-01
1.000000E+00
6.403124E-01
1.000000E+00
1.000000E+00
1.000000E+00
6.201737E-01
7.615773E-01
1.000000E+00
8.689661E-01
7.142857E-01
6.738558E-01
7.535695E-01
6.478835E-01
7.027284E-01
7.603453E-01
7.079080E-01
6.527140E-01
7.126096E-01
7.615773E-01
7.061267E-01
7.086764E-01
8.838835E-01
8.089011E-01
7.180327E-01
7.071068E-01
8.838835E-01
1.000000E+00
1.000000E+00
7.091957E-01
6.708204E-01
1.000000E+00
8.571429E-01
1.000000E+00
7.027284E-01
8.089011E-01
1.000000E+00
6.760409E-01
1.000000E+00
6.555548E-01
1.000000E+00
1.000000E+00
1.000000E+00
6.666667E-01
7.453560E-01
1.000000E+00
8.838835E-01
7.086764E-01
6.144518E-01
7.061267E-01
6.708204E-01
6.388766E-01
6.871843E-01
7.762087E-01
6.555548E-01
7.354022E-01
7.288690E-01
7.737993E-01
7.256909E-01
8.498366E-01
7.693093E-01
7.453560E-01
7.168604E-01
8.498366E-01
1.000000E+00
1.000000E+00
7.100227E-01
6.250000E-01
1.000000E+00
8.000000E-01
1.000000E+00
6.388766E-01
7.693093E-01
1.000000E+00
7.453560E-01
1.000000E+00
6.285394E-01
1.000000E+00
1.000000E+00
1.000000E+00
6.880209E-01
7.824247E-01
1.000000E+00
8.498366E-01
7.256909E-01
6.880209E-01
7.737993E-01
6.250000E-01
7.615773E-01
8.089011E-01
7.593152E-01
7.071068E-01
6.666667E-01
7.027284E-01
7.061267E-01
6.585389E-01
8.838835E-01
8.089011E-01
6.760409E-01
6.527140E-01
8.571429E-01
1.000000E+00
1.000000E+00
6.508541E-01
7.329325E-01
1.000000E+00
8.838835E-01
1.000000E+00
7.615773E-01
7.603453E-01
1.000000E+00
6.760409E-01
1.000000E+00
7.168604E-01
1.000000E+00
1.000000E+00
1.000000E+00
7.126096E-01
7.158911E-01
1.000000E+00
8.571429E-01
6.585389E-01
7.126096E-01
7.061267E-01
7.329325E-01
6.009252E-01
6.324555E-01
8.051083E-01
6.708204E-01
7.576044E-01
7.142857E-01
8.000865E-01
7.453560E-01
8.246211E-01
7.453560E-01
7.693093E-01
7.329325E-01
8.246211E-01
1.000000E+00
1.000000E+00
7.211103E-01
6.060915E-01
1.000000E+00
7.500000E-01
1.000000E+00
6.009252E-01
7.453560E-01
1.000000E+00
7.693093E-01
1.000000E+00
6.250000E-01
1.000000E+00
1.000000E+00
1.000000E+00
7.120003E-01
8.089011E-01
1.000000E+00
8.246211E-01
7.453560E-01
7.120003E-01
8.000865E-01
6.060915E-01
7.071068E-01
7.211103E-01
8.567800E-01
7.615773E-01
7.496556E-01
5.656854E-01
8.110350E-01
7.280110E-01
7.905694E-01
7.211103E-01
7.682954E-01
7.027284E-01
6.666667E-01
1.000000E+00
1.000000E+00
6.731456E-01
7.142857E-01
1.000000E+00
7.905694E-01
1.000000E+00
7.071068E-01
5.590170E-01
1.000000E+00
7.682954E-01
1.000000E+00
7.288690E-01
1.000000E+00
1.000000E+00
1.000000E+00
7.905694E-01
8.220592E-01
1.000000E+00
6.666667E-01
7.280110E-01
7.905694E-01
8.110350E-01
7.142857E-01
7.071068E-01
7.211103E-01
8.567800E-01
7.615773E-01
7.496556E-01
5.656854E-01
8.110350E-01
7.280110E-01
7.905694E-01
7.211103E-01
7.682954E-01
7.027284E-01
6.666667E-01
1.000000E+00
1.000000E+00
6.731456E-01
7.142857E-01
1.000000E+00
7.905694E-01
1.000000E+00
7.071068E-01
5.590170E-01
1.000000E+00
7.682954E-01
1.000000E+00
7.288690E-01
1.000000E+00
1.000000E+00
1.000000E+00
7.905694E-01
8.220592E-01
1.000000E+00
6.666667E-01
7.280110E-01
7.905694E-01
8.110350E-01
7.142857E-01
7.844645E-01
8.374896E-01
6.360141E-01
6.859943E-01
6.740131E-01
8.144110E-01
6.791521E-01
7.158669E-01
9.204468E-01
8.600261E-01
7.079080E-01
7.243558E-01
9.204468E-01
1.000000E+00
1.000000E+00
7.370567E-01
7.457362E-01
1.000000E+00
9.090909E-01
1.000000E+00
7.844645E-01
8.600261E-01
1.000000E+00
6.726812E-01
1.000000E+00
7.180220E-01
1.000000E+00
1.000000E+00
1.000000E+00
6.740131E-01
6.833841E-01
1.000000E+00
9.204468E-01
6.781420E-01
6.334308E-01
6.460305E-01
7.457362E-01
6.731456E-01
7.284314E-01
7.280110E-01
6.508541E-01
6.738558E-01
7.453560E-01
7.222222E-01
7.142857E-01
8.689661E-01
7.905694E-01
7.288690E-01
7.091957E-01
8.689661E-01
1.000000E+00
1.000000E+00
7.071068E-01
6.478835E-01
1.000000E+00
8.333333E-01
1.000000E+00
6.731456E-01
7.905694E-01
1.000000E+00
7.288690E-01
1.000000E+00
6.403124E-01
1.000000E+00
1.000000E+00
1.000000E+00
6.738558E-01
7.330731E-01
1.000000E+00
8.689661E-01
6.617173E-01
6.738558E-01
7.222222E-01
6.478835E-01
6.388766E-01
6.871843E-01
7.762087E-01
6.555548E-01
7.354022E-01
7.288690E-01
7.737993E-01
7.256909E-01
8.498366E-01
7.693093E-01
7.453560E-01
7.168604E-01
8.498366E-01
1.000000E+00
1.000000E+00
7.100227E-01
6.250000E-01
1.000000E+00
8.000000E-01
1.000000E+00
6.388766E-01
7.693093E-01
1.000000E+00
7.453560E-01
1.000000E+00
6.285394E-01
1.000000E+00
1.000000E+00
1.000000E+00
6.880209E-01
7.824247E-01
1.000000E+00
8.498366E-01
7.256909E-01
6.880209E-01
7.737993E-01
6.250000E-01
7.142857E-01
7.453560E-01
8.246211E-01
7.329325E-01
7.576044E-01
7.142857E-01
8.000865E-01
7.453560E-01
8.246211E-01
7.453560E-01
7.693093E-01
7.329325E-01
8.246211E-01
1.000000E+00
1.000000E+00
7.211103E-01
7.071068E-01
1.000000E+00
8.246211E-01
1.000000E+00
7.142857E-01
7.453560E-01
1.000000E+00
7.693093E-01
1.000000E+00
7.114582E-01
1.000000E+00
1.000000E+00
1.000000E+00
7.576044E-01
8.089011E-01
1.000000E+00
8.246211E-01
7.453560E-01
7.576044E-01
8.000865E-01
7.071068E-01
7.844645E-01
8.374896E-01
6.933752E-01
6.434769E-01
7.106335E-01
8.144110E-01
7.095578E-01
7.158669E-01
9.204468E-01
8.600261E-01
7.079080E-01
7.243558E-01
9.204468E-01
1.000000E+00
1.000000E+00
7.370567E-01
7.457362E-01
1.000000E+00
9.090909E-01
1.000000E+00
7.844645E-01
8.600261E-01
1.000000E+00
7.079080E-01
1.000000E+00
7.180220E-01
1.000000E+00
1.000000E+00
1.000000E+00
6.740131E-01
7.121798E-01
1.000000E+00
9.204468E-01
7.158669E-01
6.740131E-01
7.095578E-01
7.457362E-01
9.183486E-01
9.432899E-01
6.332076E-01
8.385255E-01
8.084727E-01
9.224891E-01
7.519522E-01
8.316309E-01
9.718486E-01
9.460770E-01
8.054566E-01
8.466612E-01
9.718486E-01
1.000000E+00
1.000000E+00
8.631338E-01
8.955698E-01
1.000000E+00
9.705882E-01
1.000000E+00
9.183486E-01
9.460770E-01
1.000000E+00
7.954712E-01
1.000000E+00
8.747774E-01
1.000000E+00
1.000000E+00
1.000000E+00
8.084727E-01
7.186995E-01
1.000000E+00
9.718486E-01
8.227867E-01
7.893827E-01
7.519522E-01
8.955698E-01
6.009252E-01
7.453560E-01
8.246211E-01
7.329325E-01
7.120003E-01
6.009252E-01
7.730823E-01
6.923430E-01
8.246211E-01
7.453560E-01
6.871843E-01
6.708204E-01
7.500000E-01
1.000000E+00
1.000000E+00
6.478835E-01
7.071068E-01
1.000000E+00
8.246211E-01
1.000000E+00
7.142857E-01
6.324555E-01
1.000000E+00
6.871843E-01
1.000000E+00
6.250000E-01
1.000000E+00
1.000000E+00
1.000000E+00
7.576044E-01
7.848038E-01
1.000000E+00
7.500000E-01
6.923430E-01
7.576044E-01
7.730823E-01
7.071068E-01
7.496556E-01
8.062258E-01
7.083333E-01
6.666667E-01
7.071068E-01
7.905694E-01
7.186995E-01
6.643841E-01
9.055385E-01
8.381404E-01
6.689775E-01
7.126096E-01
9.055385E-01
1.000000E+00
1.000000E+00
7.211103E-01
7.120003E-01
1.000000E+00
8.888889E-01
1.000000E+00
7.496556E-01
8.381404E-01
1.000000E+00
7.080855E-01
1.000000E+00
6.880209E-01
1.000000E+00
1.000000E+00
1.000000E+00
6.655123E-01
7.236225E-01
1.000000E+00
9.055385E-01
7.083291E-01
6.187184E-01
7.186995E-01
7.120003E-01
5.656854E-01
3.333333E-01
8.407081E-01
7.027284E-01
7.905694E-01
7.071068E-01
8.338540E-01
7.767276E-01
7.905694E-01
7.211103E-01
8.031005E-01
7.615773E-01
7.905694E-01
1.000000E+00
1.000000E+00
7.453560E-01
6.009252E-01
1.000000E+00
6.666667E-01
1.000000E+00
5.656854E-01
7.211103E-01
1.000000E+00
8.031005E-01
1.000000E+00
6.388766E-01
1.000000E+00
1.000000E+00
1.000000E+00
7.496556E-01
8.422248E-01
1.000000E+00
7.905694E-01
7.767276E-01
7.496556E-01
8.338540E-01
6.009252E-01
5.656854E-01
5.590170E-01
8.407081E-01
7.027284E-01
7.905694E-01
7.071068E-01
8.338540E-01
7.767276E-01
7.905694E-01
7.211103E-01
8.031005E-01
7.615773E-01
7.905694E-01
1.000000E+00
1.000000E+00
7.453560E-01
6.009252E-01
1.000000E+00
6.666667E-01
1.000000E+00
5.656854E-01
7.211103E-01
1.000000E+00
8.031005E-01
1.000000E+00
6.388766E-01
1.000000E+00
1.000000E+00
1.000000E+00
7.496556E-01
8.422248E-01
1.000000E+00
7.905694E-01
7.767276E-01
7.496556E-01
8.338540E-01
6.009252E-01
6.731456E-01
7.284314E-01
7.280110E-01
6.508541E-01
7.211103E-01
7.453560E-01
7.535695E-01
7.142857E-01
8.689661E-01
7.905694E-01
7.288690E-01
7.091957E-01
8.689661E-01
1.000000E+00
1.000000E+00
7.071068E-01
6.478835E-01
1.000000E+00
8.333333E-01
1.000000E+00
6.731456E-01
7.905694E-01
1.000000E+00
7.288690E-01
1.000000E+00
6.403124E-01
1.000000E+00
1.000000E+00
1.000000E+00
6.738558E-01
7.615773E-01
1.000000E+00
8.689661E-01
7.142857E-01
6.738558E-01
7.535695E-01
6.478835E-01
6.731456E-01
7.284314E-01
7.529233E-01
6.508541E-01
6.738558E-01
7.453560E-01
7.535695E-01
7.142857E-01
8.689661E-01
7.905694E-01
7.288690E-01
7.091957E-01
8.689661E-01
1.000000E+00
1.000000E+00
7.071068E-01
6.478835E-01
1.000000E+00
8.333333E-01
1.000000E+00
5.890151E-01
7.905694E-01
1.000000E+00
6.863753E-01
1.000000E+00
5.555556E-01
1.000000E+00
1.000000E+00
1.000000E+00
6.738558E-01
7.615773E-01
1.000000E+00
8.689661E-01
7.142857E-01
6.201737E-01
7.535695E-01
5.590170E-01
1.000000E+00
1.000000E+00
1.000000E+00
1.000000E+00
1.000000E+00
1.000000E+00
1.000000E+00
1.000000E+00
1.000000E+00
1.000000E+00
1.000000E+00
1.000000E+00
1.000000E+00
0.000000E+00
0.000000E+00
1.000000E+00
1.000000E+00
0.000000E+00
1.000000E+00
0.000000E+00
1.000000E+00
1.000000E+00
0.000000E+00
1.000000E+00
0.000000E+00
1.000000E+00
0.000000E+00
0.000000E+00
0.000000E+00
1.000000E+00
1.000000E+00
0.000000E+00
1.000000E+00
1.000000E+00
1.000000E+00
1.000000E+00
1.000000E+00
7.496556E-01
8.381404E-01
7.343024E-01
7.126096E-01
6.655123E-01
7.496556E-01
6.867717E-01
6.643841E-01
9.055385E-01
8.381404E-01
6.253027E-01
6.666667E-01
8.888889E-01
1.000000E+00
1.000000E+00
6.738558E-01
7.576044E-01
1.000000E+00
9.055385E-01
1.000000E+00
7.905694E-01
8.062258E-01
1.000000E+00
5.762215E-01
1.000000E+00
6.880209E-01
1.000000E+00
1.000000E+00
1.000000E+00
7.071068E-01
6.938335E-01
1.000000E+00
8.888889E-01
6.643841E-01
7.071068E-01
6.867717E-01
7.576044E-01
7.985957E-01
8.496432E-01
6.009252E-01
6.961091E-01
6.800735E-01
8.246211E-01
6.782842E-01
7.211103E-01
9.262765E-01
8.689661E-01
7.100227E-01
7.311813E-01
9.262765E-01
1.000000E+00
1.000000E+00
7.453560E-01
7.601170E-01
1.000000E+00
9.166667E-01
1.000000E+00
7.985957E-01
8.689661E-01
1.000000E+00
6.767938E-01
1.000000E+00
7.315437E-01
1.000000E+00
1.000000E+00
1.000000E+00
6.800735E-01
6.811755E-01
1.000000E+00
9.262765E-01
6.862318E-01
6.009252E-01
6.115284E-01
7.601170E-01
7.280110E-01
7.856742E-01
7.196933E-01
6.585389E-01
7.083291E-01
7.767276E-01
7.268732E-01
7.071068E-01
8.958064E-01
8.246211E-01
7.114582E-01
7.086764E-01
8.958064E-01
1.000000E+00
1.000000E+00
7.142857E-01
6.923430E-01
1.000000E+00
8.750000E-01
1.000000E+00
7.280110E-01
8.246211E-01
1.000000E+00
7.114582E-01
1.000000E+00
6.718548E-01
1.000000E+00
1.000000E+00
1.000000E+00
6.643841E-01
7.329325E-01
1.000000E+00
8.958064E-01
7.071068E-01
6.146363E-01
7.268732E-01
6.923430E-01
1.000000E+00
1.000000E+00
1.000000E+00
1.000000E+00
1.000000E+00
1.000000E+00
1.000000E+00
1.000000E+00
1.000000E+00
1.000000E+00
1.000000E+00
1.000000E+00
1.000000E+00
0.000000E+00
0.000000E+00
1.000000E+00
1.000000E+00
0.000000E+00
1.000000E+00
0.000000E+00
1.000000E+00
1.000000E+00
0.000000E+00
1.000000E+00
0.000000E+00
1.000000E+00
0.000000E+00
0.000000E+00
0.000000E+00
1.000000E+00
1.000000E+00
0.000000E+00
1.000000E+00
1.000000E+00
1.000000E+00
1.000000E+00
1.000000E+00
6.388766E-01
6.871843E-01
7.535695E-01
6.555548E-01
6.880209E-01
7.288690E-01
7.440653E-01
7.256909E-01
8.498366E-01
7.693093E-01
7.453560E-01
7.168604E-01
8.498366E-01
1.000000E+00
1.000000E+00
7.100227E-01
6.250000E-01
1.000000E+00
8.000000E-01
1.000000E+00
6.388766E-01
7.693093E-01
1.000000E+00
7.453560E-01
1.000000E+00
5.303301E-01
1.000000E+00
1.000000E+00
1.000000E+00
6.880209E-01
7.556373E-01
1.000000E+00
8.498366E-01
6.718548E-01
6.880209E-01
7.440653E-01
6.250000E-01
8.486587E-01
8.906233E-01
5.505951E-01
7.429568E-01
6.897061E-01
8.631338E-01
6.643241E-01
7.515318E-01
9.460770E-01
9.009075E-01
7.304846E-01
7.429568E-01
9.460770E-01
1.000000E+00
1.000000E+00
7.838155E-01
7.964603E-01
1.000000E+00
9.411765E-01
1.000000E+00
8.486587E-01
9.009075E-01
1.000000E+00
7.060600E-01
1.000000E+00
7.853535E-01
1.000000E+00
1.000000E+00
1.000000E+00
7.155418E-01
6.871843E-01
1.000000E+00
9.460770E-01
7.276770E-01
6.897061E-01
6.372093E-01
8.139410E-01
7.027284E-01
7.603453E-01
7.343407E-01
6.527140E-01
7.126096E-01
7.615773E-01
7.382412E-01
7.086764E-01
8.838835E-01
8.089011E-01
6.760409E-01
7.071068E-01
8.838835E-01
1.000000E+00
1.000000E+00
7.091957E-01
6.708204E-01
1.000000E+00
8.571429E-01
1.000000E+00
7.027284E-01
8.089011E-01
1.000000E+00
7.180327E-01
1.000000E+00
6.555548E-01
1.000000E+00
1.000000E+00
1.000000E+00
6.666667E-01
7.453560E-01
1.000000E+00
8.838835E-01
7.086764E-01
6.144518E-01
7.382412E-01
6.708204E-01
8.246211E-01
8.689661E-01
7.142857E-01
7.311813E-01
6.800735E-01
7.985957E-01
6.782842E-01
6.862318E-01
9.262765E-01
8.689661E-01
6.767938E-01
6.961091E-01
9.166667E-01
1.000000E+00
1.000000E+00
7.107674E-01
7.905694E-01
1.000000E+00
9.262765E-01
1.000000E+00
8.246211E-01
8.496432E-01
1.000000E+00
6.767938E-01
1.000000E+00
7.647059E-01
1.000000E+00
1.000000E+00
1.000000E+00
7.142857E-01
6.811755E-01
1.000000E+00
9.166667E-01
6.862318E-01
7.142857E-01
6.782842E-01
7.905694E-01
6.009252E-01
6.324555E-01
8.051083E-01
6.708204E-01
7.576044E-01
7.142857E-01
8.000865E-01
7.453560E-01
8.246211E-01
7.453560E-01
7.693093E-01
7.329325E-01
8.246211E-01
1.000000E+00
1.000000E+00
7.211103E-01
6.060915E-01
1.000000E+00
7.500000E-01
1.000000E+00
6.009252E-01
7.453560E-01
1.000000E+00
7.693093E-01
1.000000E+00
6.250000E-01
1.000000E+00
1.000000E+00
1.000000E+00
7.120003E-01
8.089011E-01
1.000000E+00
8.246211E-01
7.453560E-01
7.120003E-01
8.000865E-01
6.060915E-01
7.453560E-01
7.905694E-01
7.529233E-01
7.091957E-01
6.738558E-01
6.731456E-01
7.222222E-01
6.617173E-01
8.689661E-01
7.905694E-01
6.863753E-01
6.508541E-01
8.333333E-01
1.000000E+00
1.000000E+00
6.428243E-01
7.211103E-01
1.000000E+00
8.689661E-01
1.000000E+00
7.453560E-01
7.284314E-01
1.000000E+00
6.863753E-01
1.000000E+00
7.100227E-01
1.000000E+00
1.000000E+00
1.000000E+00
7.211103E-01
7.330731E-01
1.000000E+00
8.333333E-01
6.617173E-01
7.211103E-01
7.222222E-01
7.211103E-01
8.919700E-01
9.238779E-01
6.134546E-01
7.980204E-01
7.666128E-01
8.992627E-01
6.904598E-01
7.954185E-01
9.623074E-01
9.288842E-01
7.693093E-01
8.112972E-01
9.623074E-01
1.000000E+00
1.000000E+00
8.293523E-01
8.638133E-01
1.000000E+00
9.600000E-01
1.000000E+00
8.919700E-01
9.288842E-01
1.000000E+00
7.693093E-01
1.000000E+00
8.390017E-01
1.000000E+00
1.000000E+00
1.000000E+00
7.666128E-01
7.182813E-01
1.000000E+00
9.623074E-01
7.812500E-01
7.666128E-01
7.081972E-01
8.638133E-01
8.220592E-01
8.692270E-01
6.585389E-01
7.158911E-01
6.938335E-01
8.422248E-01
7.075916E-01
7.329325E-01
9.357113E-01
8.838835E-01
7.168604E-01
7.158911E-01
9.357113E-01
1.000000E+00
1.000000E+00
7.330731E-01
7.848038E-01
1.000000E+00
9.285714E-01
1.000000E+00
8.220592E-01
8.838835E-01
1.000000E+00
7.168604E-01
1.000000E+00
7.276069E-01
1.000000E+00
1.000000E+00
1.000000E+00
6.938335E-01
7.071068E-01
1.000000E+00
9.357113E-01
7.329325E-01
6.938335E-01
7.075916E-01
7.848038E-01
7.211103E-01
7.071068E-01
8.958064E-01
8.089011E-01
8.381404E-01
7.211103E-01
8.768631E-01
8.246211E-01
7.453560E-01
7.071068E-01
8.498366E-01
7.603453E-01
7.453560E-01
1.000000E+00
1.000000E+00
7.905694E-01
7.453560E-01
1.000000E+00
7.453560E-01
1.000000E+00
7.211103E-01
7.071068E-01
1.000000E+00
8.498366E-01
1.000000E+00
7.693093E-01
1.000000E+00
1.000000E+00
1.000000E+00
8.381404E-01
8.838835E-01
1.000000E+00
7.453560E-01
8.246211E-01
8.381404E-01
8.768631E-01
7.453560E-01
1.000000E+00
1.000000E+00
1.000000E+00
1.000000E+00
1.000000E+00
1.000000E+00
1.000000E+00
1.000000E+00
1.000000E+00
1.000000E+00
1.000000E+00
1.000000E+00
1.000000E+00
0.000000E+00
0.000000E+00
1.000000E+00
1.000000E+00
0.000000E+00
1.000000E+00
0.000000E+00
1.000000E+00
1.000000E+00
0.000000E+00
1.000000E+00
0.000000E+00
1.000000E+00
0.000000E+00
0.000000E+00
0.000000E+00
1.000000E+00
1.000000E+00
0.000000E+00
1.000000E+00
1.000000E+00
1.000000E+00
1.000000E+00
1.000000E+00
6.009252E-01
6.324555E-01
8.051083E-01
6.708204E-01
7.576044E-01
7.142857E-01
8.000865E-01
7.453560E-01
8.246211E-01
7.453560E-01
7.693093E-01
7.329325E-01
8.246211E-01
1.000000E+00
1.000000E+00
7.211103E-01
6.060915E-01
1.000000E+00
7.500000E-01
1.000000E+00
6.009252E-01
7.453560E-01
1.000000E+00
7.693093E-01
1.000000E+00
6.250000E-01
1.000000E+00
1.000000E+00
1.000000E+00
7.120003E-01
8.089011E-01
1.000000E+00
8.246211E-01
7.453560E-01
7.120003E-01
8.000865E-01
6.060915E-01
1.000000E+00
1.000000E+00
1.000000E+00
1.000000E+00
1.000000E+00
1.000000E+00
1.000000E+00
1.000000E+00
1.000000E+00
1.000000E+00
1.000000E+00
1.000000E+00
1.000000E+00
0.000000E+00
0.000000E+00
1.000000E+00
1.000000E+00
0.000000E+00
1.000000E+00
0.000000E+00
1.000000E+00
1.000000E+00
0.000000E+00
1.000000E+00
0.000000E+00
1.000000E+00
0.000000E+00
0.000000E+00
0.000000E+00
1.000000E+00
1.000000E+00
0.000000E+00
1.000000E+00
1.000000E+00
1.000000E+00
1.000000E+00
1.000000E+00
8.220592E-01
8.692270E-01
6.007884E-01
7.158911E-01
7.236225E-01
8.422248E-01
7.075916E-01
7.329325E-01
9.357113E-01
8.838835E-01
7.168604E-01
7.453560E-01
9.357113E-01
1.000000E+00
1.000000E+00
7.615773E-01
7.848038E-01
1.000000E+00
9.285714E-01
1.000000E+00
8.220592E-01
8.838835E-01
1.000000E+00
6.874517E-01
1.000000E+00
7.556373E-01
1.000000E+00
1.000000E+00
1.000000E+00
6.938335E-01
7.071068E-01
1.000000E+00
9.357113E-01
7.329325E-01
6.615450E-01
6.804541E-01
7.848038E-01
6.388766E-01
6.871843E-01
7.762087E-01
6.555548E-01
7.354022E-01
7.288690E-01
7.737993E-01
7.256909E-01
8.498366E-01
7.693093E-01
7.453560E-01
7.168604E-01
8.498366E-01
1.000000E+00
1.000000E+00
7.100227E-01
6.250000E-01
1.000000E+00
8.000000E-01
1.000000E+00
6.388766E-01
7.693093E-01
1.000000E+00
7.453560E-01
1.000000E+00
6.285394E-01
1.000000E+00
1.000000E+00
1.000000E+00
6.880209E-01
7.824247E-01
1.000000E+00
8.498366E-01
7.256909E-01
6.880209E-01
7.737993E-01
6.250000E-01
7.142857E-01
7.453560E-01
8.246211E-01
7.329325E-01
7.120003E-01
6.009252E-01
7.730823E-01
6.923430E-01
8.246211E-01
7.453560E-01
7.297564E-01
6.708204E-01
7.500000E-01
1.000000E+00
1.000000E+00
6.478835E-01
7.071068E-01
1.000000E+00
8.246211E-01
1.000000E+00
7.142857E-01
6.324555E-01
1.000000E+00
7.297564E-01
1.000000E+00
7.114582E-01
1.000000E+00
1.000000E+00
1.000000E+00
7.576044E-01
7.848038E-01
1.000000E+00
7.500000E-01
6.923430E-01
7.576044E-01
7.730823E-01
7.071068E-01
7.453560E-01
7.905694E-01
7.529233E-01
7.091957E-01
6.738558E-01
6.731456E-01
7.222222E-01
6.617173E-01
8.689661E-01
7.905694E-01
6.388766E-01
6.508541E-01
8.333333E-01
1.000000E+00
1.000000E+00
6.428243E-01
7.211103E-01
1.000000E+00
8.689661E-01
1.000000E+00
7.453560E-01
7.284314E-01
1.000000E+00
6.388766E-01
1.000000E+00
7.100227E-01
1.000000E+00
1.000000E+00
1.000000E+00
7.211103E-01
7.330731E-01
1.000000E+00
8.333333E-01
6.617173E-01
6.738558E-01
6.885118E-01
7.211103E-01
1.000000E+00
1.000000E+00
1.000000E+00
1.000000E+00
1.000000E+00
1.000000E+00
1.000000E+00
1.000000E+00
1.000000E+00
1.000000E+00
1.000000E+00
1.000000E+00
1.000000E+00
0.000000E+00
0.000000E+00
1.000000E+00
1.000000E+00
0.000000E+00
1.000000E+00
0.000000E+00
1.000000E+00
1.000000E+00
0.000000E+00
1.000000E+00
0.000000E+00
1.000000E+00
0.000000E+00
0.000000E+00
0.000000E+00
1.000000E+00
1.000000E+00
0.000000E+00
1.000000E+00
1.000000E+00
1.000000E+00
1.000000E+00
1.000000E+00
