7.453560E-01
8.838835E-01
7.453560E-01
8.246211E-01
7.905694E-01
7.905694E-01
7.453560E-01
7.453560E-01
7.453560E-01
8.498366E-01
7.453560E-01
9.430129E-01
0.000000E+00
7.603453E-01
4.714045E-01
7.453560E-01
5.590170E-01
5.590170E-01
4.714045E-01
4.714045E-01
7.071068E-01
6.871843E-01
0.000000E+00
8.843116E-01
7.603453E-01
0.000000E+00
7.603453E-01
7.329325E-01
7.027284E-01
7.027284E-01
7.603453E-01
7.603453E-01
8.089011E-01
6.555548E-01
7.603453E-01
7.343407E-01
4.714045E-01
7.603453E-01
0.000000E+00
7.453560E-01
5.590170E-01
5.590170E-01
4.714045E-01
4.714045E-01
7.071068E-01
6.871843E-01
4.714045E-01
8.843116E-01
7.453560E-01
7.329325E-01
7.453560E-01
0.000000E+00
7.142857E-01
7.142857E-01
7.453560E-01
7.453560E-01
6.324555E-01
6.250000E-01
7.453560E-01
8.246211E-01
5.590170E-01
7.027284E-01
5.590170E-01
7.142857E-01
0.000000E+00
5.656854E-01
5.590170E-01
5.590170E-01
7.211103E-01
6.388766E-01
5.590170E-01
8.407081E-01
5.590170E-01
7.027284E-01
5.590170E-01
7.142857E-01
5.656854E-01
0.000000E+00
5.590170E-01
5.590170E-01
7.211103E-01
6.388766E-01
5.590170E-01
8.407081E-01
4.714045E-01
7.603453E-01
4.714045E-01
7.453560E-01
5.590170E-01
5.590170E-01
0.000000E+00
4.714045E-01
7.071068E-01
6.871843E-01
4.714045E-01
8.843116E-01
4.714045E-01
7.603453E-01
4.714045E-01
7.453560E-01
5.590170E-01
5.590170E-01
4.714045E-01
0.000000E+00
7.071068E-01
6.871843E-01
4.714045E-01
8.843116E-01
7.071068E-01
8.089011E-01
7.071068E-01
6.324555E-01
7.211103E-01
7.211103E-01
7.071068E-01
7.071068E-01
0.000000E+00
7.693093E-01
7.071068E-01
8.958064E-01
6.871843E-01
6.555548E-01
6.871843E-01
6.250000E-01
6.388766E-01
6.388766E-01
6.871843E-01
6.871843E-01
7.693093E-01
0.000000E+00
6.871843E-01
7.762087E-01
0.000000E+00
7.603453E-01
4.714045E-01
7.453560E-01
5.590170E-01
5.590170E-01
4.714045E-01
4.714045E-01
7.071068E-01
6.871843E-01
0.000000E+00
8.843116E-01
8.843116E-01
7.343407E-01
8.843116E-01
8.246211E-01
8.407081E-01
8.407081E-01
8.843116E-01
8.843116E-01
8.958064E-01
7.762087E-01
8.843116E-01
0.000000E+00
