7.905694E-01
8.246211E-01
7.453560E-01
7.453560E-01
8.246211E-01
7.905694E-01
9.136251E-01
7.905694E-01
7.905694E-01
8.246211E-01
5.590170E-01
6.324555E-01
4.714045E-01
4.714045E-01
6.324555E-01
5.590170E-01
8.232168E-01
5.590170E-01
5.590170E-01
6.324555E-01
7.027284E-01
6.708204E-01
7.603453E-01
7.603453E-01
6.708204E-01
7.027284E-01
6.289321E-01
7.027284E-01
7.027284E-01
6.708204E-01
5.590170E-01
6.324555E-01
4.714045E-01
0.000000E+00
6.324555E-01
5.590170E-01
8.232168E-01
5.590170E-01
5.590170E-01
6.324555E-01
7.142857E-01
7.071068E-01
7.453560E-01
7.453560E-01
6.060915E-01
6.009252E-01
7.693093E-01
7.142857E-01
7.142857E-01
6.060915E-01
5.656854E-01
6.009252E-01
5.590170E-01
5.590170E-01
6.009252E-01
5.656854E-01
7.682954E-01
5.656854E-01
5.656854E-01
6.009252E-01
5.656854E-01
6.009252E-01
5.590170E-01
5.590170E-01
6.009252E-01
5.656854E-01
7.682954E-01
5.656854E-01
5.656854E-01
6.009252E-01
5.590170E-01
6.324555E-01
4.714045E-01
4.714045E-01
6.324555E-01
5.590170E-01
8.232168E-01
5.590170E-01
5.590170E-01
6.324555E-01
5.590170E-01
6.324555E-01
4.714045E-01
4.714045E-01
6.324555E-01
5.590170E-01
8.232168E-01
5.590170E-01
5.590170E-01
6.324555E-01
7.211103E-01
7.453560E-01
7.071068E-01
7.071068E-01
7.453560E-01
7.211103E-01
8.498366E-01
7.211103E-01
7.211103E-01
7.453560E-01
6.388766E-01
6.250000E-01
6.871843E-01
6.871843E-01
5.150788E-01
6.388766E-01
7.034898E-01
6.388766E-01
6.388766E-01
6.250000E-01
5.590170E-01
6.324555E-01
4.714045E-01
4.714045E-01
6.324555E-01
5.590170E-01
8.232168E-01
5.590170E-01
5.590170E-01
6.324555E-01
8.256276E-01
8.051083E-01
8.843116E-01
8.843116E-01
7.856742E-01
8.407081E-01
6.419488E-01
8.407081E-01
8.407081E-01
8.051083E-01
