7.284314E-01
6.478835E-01
6.403124E-01
6.428243E-01
7.211103E-01
5.821022E-01
7.453560E-01
6.428243E-01
6.403124E-01
7.211103E-01
7.091957E-01
6.731456E-01
7.071068E-01
7.284314E-01
6.508541E-01
6.403124E-01
7.100227E-01
8.689661E-01
7.284314E-01
7.100227E-01
6.731456E-01
8.689661E-01
6.478835E-01
0.000000E+00
6.324555E-01
7.693093E-01
7.284314E-01
7.453560E-01
7.603453E-01
7.211103E-01
7.284314E-01
6.871843E-01
8.381404E-01
8.089011E-01
5.590170E-01
7.905694E-01
4.714045E-01
7.603453E-01
6.871843E-01
7.693093E-01
7.453560E-01
4.714045E-01
7.693093E-01
5.590170E-01
7.453560E-01
6.324555E-01
6.324555E-01
0.000000E+00
7.114582E-01
6.478835E-01
7.071068E-01
6.708204E-01
7.142857E-01
6.478835E-01
6.250000E-01
7.576044E-01
7.329325E-01
6.009252E-01
7.211103E-01
6.324555E-01
6.708204E-01
6.250000E-01
7.114582E-01
8.246211E-01
6.324555E-01
7.114582E-01
4.472136E-01
8.246211E-01
6.060915E-01
7.693093E-01
7.114582E-01
0.000000E+00
7.100227E-01
6.250000E-01
6.555548E-01
6.388766E-01
7.100227E-01
7.071068E-01
6.880209E-01
6.555548E-01
7.288690E-01
7.100227E-01
7.693093E-01
6.555548E-01
7.071068E-01
6.285394E-01
8.498366E-01
7.693093E-01
5.303301E-01
7.288690E-01
8.000000E-01
7.114582E-01
7.284314E-01
6.478835E-01
7.100227E-01
0.000000E+00
7.211103E-01
6.508541E-01
7.453560E-01
5.656854E-01
6.403124E-01
7.211103E-01
6.508541E-01
6.731456E-01
7.071068E-01
7.284314E-01
5.821022E-01
6.403124E-01
7.100227E-01
8.689661E-01
7.284314E-01
7.100227E-01
6.731456E-01
8.689661E-01
6.478835E-01
7.453560E-01
7.071068E-01
6.250000E-01
7.211103E-01
0.000000E+00
7.329325E-01
6.009252E-01
7.211103E-01
7.114582E-01
7.120003E-01
6.708204E-01
7.142857E-01
7.211103E-01
7.453560E-01
7.329325E-01
7.114582E-01
6.250000E-01
8.246211E-01
7.453560E-01
6.250000E-01
7.142857E-01
7.500000E-01
7.071068E-01
7.603453E-01
6.708204E-01
6.555548E-01
6.508541E-01
7.329325E-01
0.000000E+00
7.615773E-01
6.508541E-01
6.555548E-01
7.126096E-01
7.071068E-01
7.027284E-01
7.091957E-01
7.603453E-01
6.527140E-01
6.555548E-01
7.168604E-01
8.838835E-01
7.603453E-01
7.168604E-01
7.027284E-01
8.838835E-01
6.708204E-01
7.211103E-01
7.142857E-01
6.388766E-01
7.453560E-01
6.009252E-01
7.615773E-01
0.000000E+00
7.453560E-01
7.288690E-01
7.496556E-01
7.027284E-01
7.071068E-01
7.453560E-01
7.211103E-01
7.615773E-01
7.288690E-01
6.388766E-01
7.905694E-01
7.211103E-01
6.388766E-01
7.071068E-01
6.666667E-01
7.142857E-01
7.284314E-01
6.478835E-01
7.100227E-01
5.656854E-01
7.211103E-01
6.508541E-01
7.453560E-01
0.000000E+00
6.403124E-01
7.211103E-01
5.821022E-01
6.731456E-01
7.071068E-01
7.284314E-01
6.508541E-01
6.403124E-01
7.100227E-01
8.689661E-01
7.284314E-01
7.100227E-01
6.731456E-01
8.689661E-01
6.478835E-01
6.871843E-01
6.250000E-01
7.071068E-01
6.403124E-01
7.114582E-01
6.555548E-01
7.288690E-01
6.403124E-01
0.000000E+00
7.354022E-01
7.168604E-01
6.388766E-01
7.100227E-01
6.871843E-01
5.830952E-01
6.285394E-01
7.071068E-01
8.498366E-01
6.871843E-01
7.071068E-01
6.388766E-01
8.498366E-01
6.250000E-01
8.381404E-01
7.576044E-01
6.880209E-01
7.211103E-01
7.120003E-01
7.126096E-01
7.496556E-01
7.211103E-01
7.354022E-01
0.000000E+00
6.666667E-01
7.905694E-01
7.211103E-01
8.381404E-01
7.126096E-01
7.354022E-01
6.880209E-01
9.055385E-01
8.381404E-01
6.880209E-01
7.905694E-01
8.888889E-01
7.576044E-01
8.089011E-01
7.329325E-01
6.555548E-01
6.508541E-01
6.708204E-01
7.071068E-01
7.027284E-01
5.821022E-01
7.168604E-01
6.666667E-01
0.000000E+00
7.615773E-01
7.091957E-01
8.089011E-01
7.071068E-01
7.168604E-01
6.555548E-01
8.838835E-01
8.089011E-01
6.555548E-01
7.615773E-01
8.571429E-01
7.329325E-01
5.590170E-01
6.009252E-01
7.288690E-01
6.731456E-01
7.142857E-01
7.027284E-01
7.071068E-01
6.731456E-01
6.388766E-01
7.905694E-01
7.615773E-01
0.000000E+00
7.453560E-01
5.590170E-01
7.027284E-01
6.388766E-01
7.288690E-01
7.905694E-01
5.590170E-01
7.288690E-01
5.656854E-01
7.905694E-01
6.009252E-01
7.905694E-01
7.211103E-01
7.100227E-01
7.071068E-01
7.211103E-01
7.091957E-01
7.453560E-01
7.071068E-01
7.100227E-01
7.211103E-01
7.091957E-01
7.453560E-01
0.000000E+00
7.905694E-01
7.091957E-01
7.100227E-01
7.100227E-01
8.689661E-01
7.905694E-01
7.100227E-01
7.453560E-01
8.689661E-01
7.211103E-01
4.714045E-01
6.324555E-01
7.693093E-01
7.284314E-01
7.453560E-01
7.603453E-01
7.211103E-01
7.284314E-01
6.871843E-01
8.381404E-01
8.089011E-01
5.590170E-01
7.905694E-01
0.000000E+00
7.603453E-01
6.871843E-01
7.693093E-01
7.453560E-01
4.714045E-01
7.693093E-01
5.590170E-01
7.453560E-01
6.324555E-01
7.603453E-01
6.708204E-01
6.555548E-01
5.821022E-01
7.329325E-01
6.527140E-01
7.615773E-01
6.508541E-01
5.830952E-01
7.126096E-01
7.071068E-01
7.027284E-01
7.091957E-01
7.603453E-01
0.000000E+00
6.555548E-01
7.168604E-01
8.838835E-01
7.603453E-01
6.555548E-01
7.027284E-01
8.838835E-01
6.708204E-01
6.871843E-01
6.250000E-01
7.071068E-01
6.403124E-01
7.114582E-01
6.555548E-01
7.288690E-01
6.403124E-01
6.285394E-01
7.354022E-01
7.168604E-01
6.388766E-01
7.100227E-01
6.871843E-01
6.555548E-01
0.000000E+00
7.071068E-01
8.498366E-01
6.871843E-01
7.071068E-01
6.388766E-01
8.498366E-01
6.250000E-01
7.693093E-01
7.114582E-01
6.285394E-01
7.100227E-01
6.250000E-01
7.168604E-01
6.388766E-01
7.100227E-01
7.071068E-01
6.880209E-01
6.555548E-01
7.288690E-01
7.100227E-01
7.693093E-01
7.168604E-01
7.071068E-01
0.000000E+00
8.498366E-01
7.693093E-01
6.285394E-01
7.288690E-01
8.000000E-01
7.114582E-01
7.453560E-01
8.246211E-01
8.498366E-01
8.689661E-01
8.246211E-01
8.838835E-01
7.905694E-01
8.689661E-01
8.498366E-01
9.055385E-01
8.838835E-01
7.905694E-01
8.689661E-01
7.453560E-01
8.838835E-01
8.498366E-01
8.498366E-01
0.000000E+00
7.453560E-01
8.498366E-01
7.905694E-01
7.071068E-01
8.246211E-01
4.714045E-01
6.324555E-01
7.693093E-01
7.284314E-01
7.453560E-01
7.603453E-01
7.211103E-01
7.284314E-01
6.871843E-01
8.381404E-01
8.089011E-01
5.590170E-01
7.905694E-01
4.714045E-01
7.603453E-01
6.871843E-01
7.693093E-01
7.453560E-01
0.000000E+00
7.693093E-01
5.590170E-01
7.453560E-01
6.324555E-01
7.693093E-01
7.114582E-01
5.303301E-01
7.100227E-01
6.250000E-01
7.168604E-01
6.388766E-01
7.100227E-01
7.071068E-01
6.880209E-01
6.555548E-01
7.288690E-01
7.100227E-01
7.693093E-01
6.555548E-01
7.071068E-01
6.285394E-01
8.498366E-01
7.693093E-01
0.000000E+00
7.288690E-01
8.000000E-01
7.114582E-01
5.590170E-01
4.472136E-01
7.288690E-01
6.731456E-01
7.142857E-01
7.027284E-01
7.071068E-01
6.731456E-01
6.388766E-01
7.905694E-01
7.615773E-01
5.656854E-01
7.453560E-01
5.590170E-01
7.027284E-01
6.388766E-01
7.288690E-01
7.905694E-01
5.590170E-01
7.288690E-01
0.000000E+00
7.905694E-01
6.009252E-01
7.453560E-01
8.246211E-01
8.000000E-01
8.689661E-01
7.500000E-01
8.838835E-01
6.666667E-01
8.689661E-01
8.498366E-01
8.888889E-01
8.571429E-01
7.905694E-01
8.689661E-01
7.453560E-01
8.838835E-01
8.498366E-01
8.000000E-01
7.071068E-01
7.453560E-01
8.000000E-01
7.905694E-01
0.000000E+00
8.246211E-01
6.324555E-01
6.060915E-01
7.114582E-01
6.478835E-01
7.071068E-01
6.708204E-01
7.142857E-01
6.478835E-01
6.250000E-01
7.576044E-01
7.329325E-01
6.009252E-01
7.211103E-01
6.324555E-01
6.708204E-01
6.250000E-01
7.114582E-01
8.246211E-01
6.324555E-01
7.114582E-01
6.009252E-01
8.246211E-01
0.000000E+00
