6.388766E-01
5.150788E-01
8.000000E-01
8.000000E-01
6.285394E-01
6.388766E-01
6.555548E-01
7.256909E-01
6.403124E-01
6.871843E-01
6.871843E-01
6.388766E-01
7.100227E-01
6.285394E-01
5.656854E-01
6.009252E-01
6.666667E-01
6.666667E-01
6.388766E-01
5.656854E-01
7.027284E-01
7.767276E-01
6.731456E-01
5.590170E-01
5.590170E-01
5.656854E-01
7.453560E-01
6.388766E-01
6.666667E-01
7.500000E-01
0.000000E+00
0.000000E+00
8.000000E-01
6.666667E-01
8.571429E-01
8.958064E-01
8.333333E-01
5.000000E-01
5.000000E-01
6.666667E-01
8.689661E-01
8.000000E-01
7.615773E-01
7.329325E-01
8.838835E-01
8.838835E-01
7.168604E-01
7.615773E-01
7.071068E-01
6.007884E-01
7.091957E-01
8.089011E-01
8.089011E-01
7.615773E-01
5.821022E-01
6.555548E-01
6.758625E-01
6.923430E-01
8.750000E-01
8.750000E-01
6.718548E-01
6.758625E-01
6.585389E-01
7.071068E-01
6.617173E-01
7.856742E-01
7.856742E-01
6.758625E-01
7.142857E-01
6.098367E-01
8.246211E-01
7.601170E-01
9.262765E-01
9.262765E-01
7.315437E-01
8.246211E-01
7.311813E-01
6.478835E-01
7.107674E-01
8.689661E-01
8.496432E-01
8.246211E-01
7.107674E-01
7.315437E-01
7.288690E-01
7.114582E-01
8.498366E-01
8.498366E-01
7.071068E-01
7.288690E-01
6.555548E-01
6.098367E-01
7.100227E-01
7.693093E-01
7.693093E-01
7.288690E-01
6.403124E-01
7.071068E-01
5.656854E-01
6.009252E-01
6.666667E-01
6.666667E-01
6.388766E-01
5.656854E-01
7.027284E-01
7.767276E-01
6.731456E-01
5.590170E-01
5.590170E-01
5.656854E-01
7.453560E-01
6.388766E-01
7.142857E-01
7.071068E-01
8.246211E-01
8.246211E-01
7.114582E-01
7.142857E-01
7.329325E-01
6.923430E-01
7.211103E-01
7.453560E-01
7.453560E-01
7.142857E-01
6.478835E-01
7.114582E-01
6.666667E-01
7.500000E-01
0.000000E+00
0.000000E+00
8.000000E-01
6.666667E-01
8.571429E-01
8.958064E-01
8.333333E-01
5.000000E-01
5.000000E-01
6.666667E-01
8.689661E-01
8.000000E-01
6.388766E-01
6.250000E-01
8.000000E-01
8.000000E-01
6.285394E-01
6.388766E-01
6.555548E-01
7.256909E-01
6.403124E-01
6.871843E-01
6.871843E-01
6.388766E-01
7.100227E-01
6.285394E-01
5.270463E-01
6.250000E-01
8.000000E-01
8.000000E-01
6.285394E-01
5.270463E-01
5.830952E-01
7.256909E-01
6.403124E-01
6.871843E-01
6.871843E-01
5.270463E-01
7.100227E-01
6.285394E-01
5.656854E-01
6.009252E-01
6.666667E-01
6.666667E-01
5.270463E-01
5.656854E-01
7.027284E-01
7.767276E-01
6.731456E-01
5.590170E-01
5.590170E-01
5.656854E-01
7.453560E-01
6.388766E-01
6.731456E-01
6.478835E-01
8.333333E-01
8.333333E-01
6.403124E-01
6.731456E-01
6.508541E-01
7.142857E-01
6.428243E-01
7.284314E-01
7.284314E-01
6.731456E-01
7.071068E-01
6.403124E-01
6.009252E-01
6.060915E-01
7.500000E-01
7.500000E-01
5.150788E-01
6.009252E-01
5.983516E-01
6.923430E-01
6.478835E-01
6.324555E-01
6.324555E-01
6.009252E-01
7.211103E-01
6.250000E-01
7.682954E-01
6.871843E-01
9.000000E-01
9.000000E-01
7.034898E-01
7.682954E-01
5.758756E-01
6.250000E-01
6.863753E-01
8.232168E-01
8.232168E-01
7.682954E-01
6.863753E-01
6.066758E-01
6.731456E-01
6.478835E-01
8.333333E-01
8.333333E-01
5.555556E-01
6.731456E-01
5.000000E-01
6.617173E-01
6.428243E-01
7.284314E-01
7.284314E-01
6.731456E-01
7.071068E-01
6.403124E-01
3.535534E-01
6.009252E-01
6.666667E-01
6.666667E-01
5.270463E-01
3.535534E-01
7.027284E-01
7.767276E-01
6.731456E-01
5.590170E-01
5.590170E-01
3.535534E-01
7.453560E-01
6.388766E-01
6.250000E-01
6.923430E-01
8.750000E-01
8.750000E-01
6.718548E-01
6.758625E-01
5.335937E-01
6.599663E-01
6.617173E-01
7.856742E-01
7.856742E-01
6.758625E-01
6.617173E-01
6.098367E-01
7.027284E-01
6.708204E-01
8.571429E-01
8.571429E-01
6.555548E-01
7.027284E-01
5.892557E-01
7.086764E-01
6.508541E-01
7.603453E-01
7.603453E-01
7.027284E-01
7.091957E-01
6.555548E-01
7.615773E-01
7.329325E-01
8.838835E-01
8.838835E-01
6.555548E-01
7.615773E-01
6.527140E-01
7.086764E-01
7.091957E-01
8.089011E-01
8.089011E-01
7.615773E-01
7.091957E-01
7.168604E-01
6.009252E-01
6.060915E-01
7.500000E-01
7.500000E-01
6.250000E-01
6.009252E-01
6.708204E-01
6.923430E-01
5.590170E-01
6.324555E-01
5.000000E-01
6.009252E-01
6.478835E-01
5.150788E-01
5.590170E-01
6.324555E-01
5.000000E-01
5.000000E-01
6.871843E-01
5.590170E-01
7.603453E-01
8.246211E-01
7.284314E-01
4.714045E-01
4.714045E-01
5.590170E-01
7.905694E-01
6.871843E-01
7.211103E-01
7.453560E-01
7.453560E-01
7.453560E-01
7.693093E-01
7.211103E-01
8.089011E-01
7.856742E-01
7.905694E-01
7.071068E-01
7.071068E-01
7.211103E-01
7.284314E-01
7.693093E-01
6.388766E-01
7.114582E-01
8.498366E-01
8.498366E-01
7.071068E-01
6.388766E-01
7.168604E-01
6.098367E-01
7.100227E-01
7.693093E-01
7.693093E-01
6.388766E-01
5.555556E-01
6.285394E-01
7.615773E-01
7.329325E-01
8.838835E-01
8.838835E-01
7.168604E-01
7.615773E-01
6.527140E-01
6.585389E-01
7.091957E-01
8.089011E-01
8.089011E-01
7.615773E-01
5.821022E-01
6.555548E-01
7.615773E-01
7.329325E-01
8.838835E-01
8.838835E-01
7.168604E-01
7.615773E-01
6.527140E-01
6.585389E-01
7.091957E-01
8.089011E-01
8.089011E-01
7.615773E-01
6.508541E-01
7.168604E-01
7.905694E-01
8.246211E-01
7.071068E-01
7.071068E-01
8.498366E-01
7.905694E-01
8.838835E-01
8.750000E-01
8.689661E-01
7.453560E-01
7.453560E-01
7.905694E-01
8.333333E-01
8.498366E-01
5.656854E-01
4.472136E-01
6.666667E-01
6.666667E-01
6.388766E-01
5.656854E-01
7.027284E-01
7.767276E-01
6.731456E-01
5.590170E-01
5.590170E-01
5.656854E-01
7.453560E-01
6.388766E-01
5.890151E-01
6.478835E-01
8.333333E-01
8.333333E-01
6.403124E-01
5.890151E-01
6.508541E-01
7.142857E-01
6.428243E-01
7.284314E-01
7.284314E-01
5.890151E-01
7.071068E-01
6.403124E-01
5.656854E-01
6.009252E-01
6.666667E-01
6.666667E-01
6.388766E-01
5.656854E-01
6.373774E-01
7.280110E-01
6.731456E-01
5.590170E-01
5.590170E-01
5.656854E-01
7.453560E-01
6.388766E-01
5.656854E-01
6.009252E-01
6.666667E-01
6.666667E-01
6.388766E-01
5.656854E-01
6.373774E-01
7.280110E-01
6.731456E-01
5.590170E-01
5.590170E-01
5.656854E-01
7.453560E-01
6.388766E-01
6.731456E-01
5.590170E-01
8.333333E-01
8.333333E-01
6.403124E-01
6.731456E-01
6.508541E-01
7.142857E-01
6.428243E-01
7.284314E-01
7.284314E-01
6.731456E-01
7.071068E-01
6.403124E-01
7.280110E-01
6.923430E-01
8.958064E-01
8.958064E-01
6.718548E-01
7.280110E-01
6.585389E-01
6.060915E-01
7.142857E-01
8.246211E-01
8.246211E-01
7.280110E-01
6.617173E-01
7.256909E-01
4.472136E-01
6.060915E-01
7.500000E-01
7.500000E-01
6.250000E-01
4.472136E-01
5.983516E-01
7.453560E-01
6.478835E-01
6.324555E-01
6.324555E-01
4.472136E-01
7.211103E-01
6.250000E-01
6.388766E-01
6.250000E-01
8.000000E-01
8.000000E-01
6.285394E-01
6.388766E-01
5.830952E-01
6.718548E-01
6.403124E-01
6.871843E-01
6.871843E-01
6.388766E-01
7.100227E-01
6.285394E-01
7.288690E-01
7.114582E-01
8.498366E-01
8.498366E-01
7.071068E-01
7.288690E-01
6.555548E-01
6.718548E-01
7.100227E-01
7.693093E-01
7.693093E-01
7.288690E-01
6.403124E-01
7.071068E-01
6.731456E-01
6.478835E-01
8.333333E-01
8.333333E-01
5.555556E-01
6.731456E-01
6.508541E-01
6.617173E-01
5.656854E-01
7.284314E-01
6.666667E-01
6.731456E-01
7.071068E-01
6.403124E-01
5.590170E-01
6.324555E-01
5.000000E-01
5.000000E-01
6.871843E-01
5.590170E-01
7.603453E-01
8.246211E-01
6.666667E-01
4.714045E-01
0.000000E+00
5.590170E-01
7.905694E-01
6.871843E-01
6.388766E-01
6.250000E-01
8.000000E-01
8.000000E-01
5.303301E-01
6.388766E-01
6.555548E-01
7.256909E-01
6.403124E-01
6.871843E-01
6.871843E-01
6.388766E-01
7.100227E-01
6.285394E-01
6.009252E-01
6.060915E-01
7.500000E-01
7.500000E-01
6.250000E-01
6.009252E-01
6.708204E-01
7.453560E-01
6.478835E-01
6.324555E-01
6.324555E-01
6.009252E-01
7.211103E-01
5.150788E-01
7.496556E-01
7.120003E-01
8.888889E-01
8.888889E-01
6.880209E-01
7.496556E-01
6.666667E-01
6.643841E-01
6.738558E-01
8.062258E-01
8.062258E-01
7.496556E-01
6.738558E-01
6.346478E-01
7.027284E-01
6.708204E-01
8.571429E-01
8.571429E-01
6.555548E-01
7.027284E-01
6.527140E-01
7.086764E-01
6.508541E-01
7.603453E-01
7.603453E-01
7.027284E-01
7.091957E-01
6.555548E-01
6.009252E-01
6.060915E-01
7.500000E-01
7.500000E-01
5.150788E-01
6.009252E-01
5.983516E-01
7.453560E-01
6.478835E-01
6.324555E-01
6.324555E-01
6.009252E-01
7.211103E-01
6.250000E-01
7.027284E-01
6.708204E-01
8.571429E-01
8.571429E-01
6.555548E-01
7.027284E-01
5.892557E-01
7.086764E-01
6.508541E-01
7.603453E-01
7.603453E-01
7.027284E-01
6.508541E-01
6.555548E-01
7.615773E-01
6.708204E-01
8.838835E-01
8.838835E-01
6.555548E-01
7.615773E-01
7.071068E-01
6.585389E-01
7.091957E-01
8.089011E-01
8.089011E-01
7.615773E-01
6.508541E-01
7.168604E-01
6.009252E-01
7.071068E-01
8.246211E-01
8.246211E-01
7.114582E-01
6.009252E-01
7.329325E-01
6.324555E-01
7.211103E-01
7.453560E-01
7.453560E-01
6.009252E-01
5.590170E-01
5.150788E-01
8.031005E-01
7.693093E-01
9.136251E-01
9.136251E-01
7.453560E-01
8.031005E-01
7.180327E-01
6.250000E-01
7.288690E-01
8.498366E-01
8.498366E-01
8.031005E-01
6.388766E-01
7.034898E-01
6.009252E-01
6.060915E-01
7.500000E-01
7.500000E-01
6.250000E-01
6.009252E-01
6.708204E-01
7.453560E-01
6.478835E-01
6.324555E-01
6.324555E-01
6.009252E-01
7.211103E-01
6.250000E-01
7.546154E-01
7.091957E-01
9.090909E-01
9.090909E-01
6.776309E-01
7.546154E-01
6.434769E-01
6.362738E-01
6.565905E-01
8.374896E-01
8.181818E-01
7.546154E-01
6.987712E-01
6.343239E-01
5.656854E-01
6.009252E-01
6.666667E-01
6.666667E-01
6.388766E-01
5.656854E-01
7.027284E-01
7.767276E-01
6.731456E-01
5.590170E-01
5.590170E-01
5.656854E-01
7.453560E-01
6.388766E-01
6.731456E-01
7.211103E-01
8.689661E-01
8.689661E-01
6.403124E-01
6.731456E-01
7.091957E-01
6.617173E-01
7.071068E-01
7.905694E-01
7.905694E-01
6.731456E-01
6.428243E-01
7.100227E-01
7.682954E-01
6.871843E-01
9.000000E-01
9.000000E-01
7.034898E-01
7.682954E-01
5.758756E-01
6.250000E-01
6.863753E-01
8.232168E-01
8.232168E-01
7.682954E-01
6.863753E-01
6.572311E-01
5.656854E-01
6.009252E-01
6.666667E-01
6.666667E-01
6.388766E-01
5.656854E-01
7.027284E-01
7.767276E-01
6.731456E-01
5.590170E-01
5.590170E-01
5.656854E-01
7.453560E-01
6.388766E-01
6.009252E-01
6.060915E-01
7.500000E-01
7.500000E-01
6.250000E-01
6.009252E-01
6.708204E-01
7.453560E-01
6.478835E-01
6.324555E-01
6.324555E-01
6.009252E-01
7.211103E-01
6.250000E-01
7.905694E-01
8.246211E-01
7.071068E-01
7.071068E-01
8.498366E-01
7.905694E-01
8.838835E-01
8.750000E-01
8.689661E-01
7.453560E-01
7.453560E-01
7.905694E-01
8.333333E-01
8.498366E-01
5.590170E-01
6.324555E-01
5.000000E-01
5.000000E-01
6.871843E-01
5.590170E-01
7.603453E-01
8.246211E-01
7.284314E-01
4.714045E-01
4.714045E-01
5.590170E-01
7.905694E-01
6.871843E-01
6.731456E-01
6.478835E-01
8.333333E-01
8.333333E-01
6.403124E-01
5.890151E-01
6.508541E-01
7.142857E-01
6.428243E-01
7.284314E-01
7.284314E-01
6.731456E-01
7.071068E-01
6.403124E-01
3.535534E-01
6.009252E-01
6.666667E-01
6.666667E-01
6.388766E-01
3.535534E-01
7.027284E-01
7.767276E-01
6.731456E-01
5.590170E-01
5.590170E-01
3.535534E-01
7.453560E-01
6.388766E-01
7.071068E-01
7.142857E-01
7.905694E-01
7.905694E-01
7.288690E-01
7.071068E-01
7.027284E-01
6.758625E-01
7.453560E-01
7.211103E-01
7.211103E-01
7.071068E-01
6.731456E-01
7.288690E-01
6.009252E-01
6.060915E-01
7.500000E-01
7.500000E-01
6.250000E-01
6.009252E-01
6.708204E-01
7.453560E-01
6.478835E-01
6.324555E-01
6.324555E-01
6.009252E-01
7.211103E-01
6.250000E-01
7.615773E-01
7.329325E-01
8.838835E-01
8.838835E-01
6.555548E-01
7.615773E-01
6.527140E-01
6.007884E-01
7.091957E-01
8.089011E-01
8.089011E-01
7.615773E-01
6.508541E-01
7.168604E-01
7.905694E-01
8.246211E-01
7.071068E-01
7.071068E-01
8.498366E-01
7.905694E-01
8.838835E-01
8.958064E-01
8.689661E-01
7.453560E-01
7.453560E-01
7.905694E-01
8.689661E-01
8.498366E-01
6.388766E-01
5.150788E-01
8.000000E-01
8.000000E-01
6.285394E-01
6.388766E-01
6.555548E-01
7.256909E-01
6.403124E-01
6.871843E-01
6.871843E-01
6.388766E-01
7.100227E-01
6.285394E-01
5.270463E-01
6.250000E-01
8.000000E-01
8.000000E-01
5.303301E-01
5.270463E-01
6.555548E-01
7.256909E-01
6.403124E-01
6.871843E-01
6.871843E-01
5.270463E-01
7.100227E-01
6.285394E-01
7.905694E-01
8.246211E-01
7.071068E-01
7.071068E-01
8.498366E-01
7.905694E-01
8.838835E-01
8.750000E-01
8.689661E-01
7.453560E-01
7.453560E-01
7.905694E-01
8.333333E-01
8.498366E-01
5.270463E-01
6.250000E-01
8.000000E-01
8.000000E-01
6.285394E-01
5.270463E-01
6.555548E-01
7.256909E-01
6.403124E-01
6.871843E-01
6.871843E-01
5.270463E-01
7.100227E-01
6.285394E-01
7.288690E-01
7.114582E-01
8.498366E-01
8.498366E-01
7.071068E-01
7.288690E-01
7.168604E-01
7.256909E-01
7.100227E-01
7.693093E-01
7.693093E-01
7.288690E-01
7.100227E-01
7.071068E-01
7.071068E-01
6.009252E-01
7.905694E-01
7.905694E-01
7.288690E-01
7.071068E-01
7.615773E-01
7.280110E-01
7.453560E-01
7.211103E-01
7.211103E-01
7.071068E-01
6.731456E-01
7.288690E-01
7.280110E-01
7.453560E-01
8.958064E-01
8.958064E-01
7.256909E-01
7.280110E-01
7.086764E-01
7.071068E-01
7.142857E-01
8.246211E-01
8.246211E-01
7.280110E-01
6.617173E-01
7.256909E-01
7.211103E-01
7.453560E-01
7.453560E-01
7.453560E-01
7.693093E-01
7.211103E-01
8.089011E-01
7.856742E-01
7.905694E-01
7.071068E-01
7.071068E-01
7.211103E-01
6.666667E-01
7.693093E-01
6.731456E-01
6.478835E-01
8.333333E-01
8.333333E-01
6.403124E-01
6.731456E-01
5.000000E-01
6.617173E-01
6.428243E-01
7.284314E-01
7.284314E-01
6.731456E-01
7.071068E-01
6.403124E-01
7.985957E-01
7.601170E-01
9.166667E-01
9.166667E-01
6.585389E-01
7.985957E-01
6.961091E-01
6.478835E-01
6.324555E-01
8.496432E-01
8.333333E-01
7.985957E-01
7.453560E-01
7.315437E-01
7.280110E-01
6.923430E-01
8.750000E-01
8.750000E-01
6.718548E-01
7.280110E-01
6.007884E-01
6.599663E-01
6.617173E-01
7.856742E-01
7.856742E-01
7.280110E-01
7.142857E-01
6.718548E-01
5.656854E-01
7.142857E-01
7.905694E-01
7.905694E-01
7.288690E-01
5.656854E-01
7.615773E-01
7.280110E-01
7.453560E-01
7.211103E-01
7.211103E-01
5.656854E-01
6.731456E-01
7.288690E-01
6.009252E-01
6.060915E-01
7.500000E-01
7.500000E-01
6.250000E-01
6.009252E-01
6.708204E-01
7.453560E-01
6.478835E-01
6.324555E-01
6.324555E-01
6.009252E-01
7.211103E-01
6.250000E-01
6.009252E-01
6.060915E-01
7.500000E-01
7.500000E-01
6.250000E-01
6.009252E-01
6.708204E-01
7.453560E-01
6.478835E-01
6.324555E-01
6.324555E-01
6.009252E-01
7.211103E-01
6.250000E-01
7.496556E-01
6.618282E-01
8.888889E-01
8.888889E-01
6.880209E-01
7.496556E-01
6.144518E-01
7.083291E-01
6.738558E-01
8.062258E-01
8.062258E-01
7.496556E-01
7.211103E-01
6.880209E-01
3.535534E-01
6.009252E-01
6.666667E-01
6.666667E-01
5.270463E-01
3.535534E-01
7.027284E-01
7.767276E-01
6.731456E-01
5.590170E-01
5.590170E-01
3.535534E-01
7.453560E-01
6.388766E-01
7.211103E-01
7.453560E-01
7.453560E-01
7.453560E-01
7.693093E-01
7.211103E-01
8.089011E-01
7.856742E-01
7.905694E-01
7.071068E-01
7.071068E-01
7.211103E-01
7.284314E-01
7.693093E-01
7.211103E-01
7.453560E-01
7.453560E-01
7.453560E-01
6.871843E-01
7.211103E-01
8.089011E-01
7.856742E-01
7.905694E-01
7.071068E-01
7.071068E-01
7.211103E-01
7.284314E-01
7.693093E-01
7.211103E-01
7.453560E-01
7.453560E-01
7.453560E-01
7.693093E-01
7.211103E-01
7.603453E-01
7.500000E-01
7.905694E-01
7.071068E-01
7.071068E-01
7.211103E-01
7.284314E-01
7.693093E-01
7.027284E-01
7.329325E-01
8.838835E-01
8.838835E-01
6.555548E-01
7.027284E-01
7.071068E-01
6.007884E-01
7.091957E-01
8.089011E-01
8.089011E-01
7.027284E-01
5.000000E-01
6.555548E-01
5.656854E-01
7.142857E-01
7.905694E-01
7.905694E-01
6.388766E-01
5.656854E-01
7.615773E-01
7.280110E-01
7.453560E-01
7.211103E-01
7.211103E-01
5.656854E-01
6.731456E-01
7.288690E-01
7.288690E-01
7.114582E-01
8.498366E-01
8.498366E-01
7.071068E-01
7.288690E-01
7.168604E-01
6.718548E-01
7.100227E-01
7.693093E-01
7.693093E-01
7.288690E-01
6.403124E-01
7.071068E-01
7.071068E-01
7.142857E-01
7.905694E-01
7.905694E-01
7.288690E-01
7.071068E-01
7.027284E-01
6.758625E-01
7.453560E-01
7.211103E-01
7.211103E-01
7.071068E-01
6.731456E-01
7.288690E-01
6.388766E-01
6.250000E-01
8.000000E-01
8.000000E-01
6.285394E-01
6.388766E-01
5.830952E-01
7.256909E-01
6.403124E-01
6.871843E-01
6.871843E-01
6.388766E-01
7.100227E-01
6.285394E-01
6.758625E-01
6.923430E-01
8.750000E-01
8.750000E-01
6.718548E-01
6.758625E-01
6.007884E-01
7.071068E-01
6.617173E-01
7.856742E-01
7.856742E-01
6.758625E-01
7.142857E-01
6.718548E-01
5.656854E-01
7.142857E-01
7.905694E-01
7.905694E-01
7.288690E-01
5.656854E-01
7.615773E-01
7.280110E-01
7.453560E-01
7.211103E-01
7.211103E-01
5.656854E-01
6.731456E-01
7.288690E-01
6.373774E-01
6.708204E-01
8.571429E-01
8.571429E-01
6.555548E-01
6.373774E-01
6.527140E-01
6.585389E-01
6.508541E-01
7.603453E-01
7.603453E-01
6.373774E-01
6.508541E-01
5.830952E-01
7.027284E-01
7.329325E-01
8.838835E-01
8.838835E-01
7.168604E-01
7.027284E-01
6.527140E-01
6.585389E-01
7.091957E-01
8.089011E-01
8.089011E-01
7.027284E-01
6.508541E-01
7.168604E-01
7.280110E-01
6.324555E-01
8.750000E-01
8.750000E-01
6.718548E-01
7.280110E-01
6.007884E-01
6.599663E-01
6.617173E-01
7.856742E-01
7.856742E-01
7.280110E-01
7.142857E-01
6.718548E-01
7.615773E-01
6.708204E-01
8.838835E-01
8.838835E-01
7.168604E-01
7.615773E-01
7.071068E-01
6.585389E-01
7.091957E-01
8.089011E-01
8.089011E-01
7.615773E-01
6.508541E-01
7.168604E-01
7.905694E-01
8.246211E-01
7.071068E-01
7.071068E-01
8.498366E-01
7.905694E-01
8.838835E-01
8.750000E-01
8.689661E-01
7.453560E-01
7.453560E-01
7.905694E-01
8.333333E-01
8.498366E-01
7.329325E-01
7.297564E-01
9.000000E-01
9.000000E-01
7.034898E-01
7.329325E-01
6.760409E-01
7.114582E-01
6.863753E-01
8.232168E-01
8.232168E-01
7.329325E-01
7.288690E-01
7.034898E-01
7.905694E-01
8.246211E-01
7.071068E-01
7.071068E-01
8.498366E-01
7.905694E-01
8.838835E-01
8.750000E-01
8.689661E-01
7.453560E-01
7.453560E-01
7.905694E-01
8.333333E-01
8.498366E-01
7.288690E-01
7.114582E-01
8.498366E-01
8.498366E-01
7.071068E-01
7.288690E-01
7.168604E-01
6.718548E-01
7.100227E-01
7.693093E-01
7.693093E-01
7.288690E-01
6.403124E-01
7.071068E-01
6.731456E-01
6.478835E-01
8.333333E-01
8.333333E-01
6.403124E-01
6.731456E-01
6.508541E-01
7.142857E-01
6.428243E-01
7.284314E-01
7.284314E-01
6.731456E-01
6.428243E-01
6.403124E-01
5.656854E-01
7.142857E-01
7.905694E-01
7.905694E-01
7.288690E-01
5.656854E-01
7.615773E-01
7.280110E-01
7.453560E-01
7.211103E-01
7.211103E-01
5.656854E-01
6.731456E-01
7.288690E-01
6.731456E-01
6.478835E-01
8.333333E-01
8.333333E-01
6.403124E-01
6.731456E-01
5.821022E-01
6.617173E-01
6.428243E-01
7.284314E-01
7.284314E-01
6.731456E-01
7.071068E-01
6.403124E-01
8.422248E-01
8.089011E-01
9.357113E-01
9.357113E-01
7.824247E-01
8.422248E-01
6.842105E-01
6.708204E-01
7.027284E-01
8.838835E-01
8.692270E-01
8.422248E-01
7.027284E-01
7.556373E-01
3.535534E-01
6.009252E-01
6.666667E-01
6.666667E-01
5.270463E-01
3.535534E-01
7.027284E-01
7.767276E-01
6.731456E-01
5.590170E-01
5.590170E-01
3.535534E-01
7.453560E-01
6.388766E-01
6.009252E-01
7.071068E-01
8.246211E-01
8.246211E-01
7.114582E-01
6.009252E-01
6.708204E-01
6.923430E-01
7.211103E-01
7.453560E-01
7.453560E-01
6.009252E-01
6.478835E-01
7.114582E-01
