3.070330E+02
3.565853E+02
4.056010E+02
4.590970E+02
5.058836E+02
4.054463E+02
4.074023E+02
4.559701E+02
3.549555E+02
3.040068E+02
6.100133E+02
4.570376E+02
5.081499E+02
2.519443E+02
5.558055E+02
5.592579E+02
1.545127E+02
8.130935E+02
5.075339E+02
3.025740E+02
4.584338E+02
3.039092E+02
5.097136E+02
5.091935E+02
3.558558E+02
5.581312E+02
2.022345E+02
4.053559E+02
4.067982E+02
3.550936E+02
5.065705E+02
4.047072E+02
6.575645E+02
4.041902E+02
2.012741E+02
4.577464E+02
5.114234E+02
6.619110E+02
4.546075E+02
3.042788E+02
5.062250E+02
4.539513E+02
3.048541E+02
2.520244E+02
7.602049E+02
5.578227E+02
5.095468E+02
2.026604E+02
1.545127E+02
4.093097E+02
3.571085E+02
0.000000E+00
3.545929E+02
4.036086E+02
3.556040E+02
5.038912E+02
3.019532E+02
4.054098E+02
4.539777E+02
2.514624E+02
3.020144E+02
6.080209E+02
3.533705E+02
4.042922E+02
2.499519E+02
5.538131E+02
5.572655E+02
1.525203E+02
8.111011E+02
5.055415E+02
3.005816E+02
4.566320E+02
2.002421E+02
5.077211E+02
5.072011E+02
3.538633E+02
5.561388E+02
2.002421E+02
4.033635E+02
4.048058E+02
3.531012E+02
5.045780E+02
4.027148E+02
6.555721E+02
5.040630E+02
1.992816E+02
3.542533E+02
5.094310E+02
6.599186E+02
3.511145E+02
3.022863E+02
5.042326E+02
4.519588E+02
3.028617E+02
2.500319E+02
7.582125E+02
5.558302E+02
5.075543E+02
4.054201E+02
1.525203E+02
4.073173E+02
3.551161E+02
3.545929E+02
0.000000E+00
2.575622E+02
5.066569E+02
4.599208E+02
4.530061E+02
3.528861E+02
3.079313E+02
4.025153E+02
2.580440E+02
5.640505E+02
5.045975E+02
5.557097E+02
2.059815E+02
5.098427E+02
5.047417E+02
2.020726E+02
7.671307E+02
4.615711E+02
2.566112E+02
4.122603E+02
3.514690E+02
4.637507E+02
4.632307E+02
3.098929E+02
5.121684E+02
2.497944E+02
3.593931E+02
3.522820E+02
3.091308E+02
5.541303E+02
3.587444E+02
7.051244E+02
4.600926E+02
1.553112E+02
4.117835E+02
4.654606E+02
6.159482E+02
4.086447E+02
2.583159E+02
5.537849E+02
4.079884E+02
2.588913E+02
2.060616E+02
7.142421E+02
5.118598E+02
5.571066E+02
2.571765E+02
2.020726E+02
3.633469E+02
3.111457E+02
4.036086E+02
2.575622E+02
0.000000E+00
5.556726E+02
5.089365E+02
5.020219E+02
4.019018E+02
3.569470E+02
4.515310E+02
3.070597E+02
6.130662E+02
5.536132E+02
6.047254E+02
2.549972E+02
5.588584E+02
4.500596E+02
2.510883E+02
8.161464E+02
5.105868E+02
3.056269E+02
4.612760E+02
4.004847E+02
5.127665E+02
5.122464E+02
3.589087E+02
5.611841E+02
2.988101E+02
4.084088E+02
4.012977E+02
3.581465E+02
6.031460E+02
4.077601E+02
7.541401E+02
5.091084E+02
2.043270E+02
4.607993E+02
5.144763E+02
6.649639E+02
4.576604E+02
3.073317E+02
6.028006E+02
4.570041E+02
3.079070E+02
2.550773E+02
7.632578E+02
4.571777E+02
6.061223E+02
4.104655E+02
2.510883E+02
4.123626E+02
3.601614E+02
3.556040E+02
5.066569E+02
5.556726E+02
0.000000E+00
6.559552E+02
3.585736E+02
4.620302E+02
6.060417E+02
3.080828E+02
4.540784E+02
7.600849E+02
5.116656E+02
6.582215E+02
4.020159E+02
6.042024E+02
6.138859E+02
3.045843E+02
9.631651E+02
5.559308E+02
3.509710E+02
6.066728E+02
3.585372E+02
5.581105E+02
6.592651E+02
5.059274E+02
7.082028E+02
2.568625E+02
5.554275E+02
4.614262E+02
4.008920E+02
5.611985E+02
5.547788E+02
7.121925E+02
6.561271E+02
3.513456E+02
5.063173E+02
6.614950E+02
8.119826E+02
5.031785E+02
4.543504E+02
5.608530E+02
6.040228E+02
4.549257E+02
4.020960E+02
9.102765E+02
6.062196E+02
5.641748E+02
5.574842E+02
3.045843E+02
5.593813E+02
5.071801E+02
5.038912E+02
4.599208E+02
5.089365E+02
6.559552E+02
0.000000E+00
6.023045E+02
6.042604E+02
5.593056E+02
5.518137E+02
3.061500E+02
7.133488E+02
5.547005E+02
6.040828E+02
3.552798E+02
6.591410E+02
7.561161E+02
3.513709E+02
8.160476E+02
6.108694E+02
3.049842E+02
6.636346E+02
5.007674E+02
5.118567E+02
6.125290E+02
3.579989E+02
6.614667E+02
3.990927E+02
5.086914E+02
6.036564E+02
4.584291E+02
7.034286E+02
5.080427E+02
8.544227E+02
5.081986E+02
3.046096E+02
5.610819E+02
6.147589E+02
6.660513E+02
5.579430E+02
4.076143E+02
6.038879E+02
5.572868E+02
4.081896E+02
3.553599E+02
8.635404E+02
6.611581E+02
7.064049E+02
5.107481E+02
3.513709E+02
3.051204E+02
4.604440E+02
3.019532E+02
4.530061E+02
5.020219E+02
3.585736E+02
6.023045E+02
0.000000E+00
4.083795E+02
5.523910E+02
2.544321E+02
4.004277E+02
7.064341E+02
4.580149E+02
6.045707E+02
3.483652E+02
5.503611E+02
4.604291E+02
2.509336E+02
9.095144E+02
6.039547E+02
3.989949E+02
6.567200E+02
3.048864E+02
6.061344E+02
6.056144E+02
4.522766E+02
6.545521E+02
2.032118E+02
5.017767E+02
4.077754E+02
4.515145E+02
5.075477E+02
5.011280E+02
6.585418E+02
6.024763E+02
2.976949E+02
4.526666E+02
6.078443E+02
7.583319E+02
3.497217E+02
4.006996E+02
5.072023E+02
5.503721E+02
4.012750E+02
3.484452E+02
8.566257E+02
6.542435E+02
5.105240E+02
5.038334E+02
2.509336E+02
5.057305E+02
4.535294E+02
4.054098E+02
3.528861E+02
4.019018E+02
4.620302E+02
6.042604E+02
4.083795E+02
0.000000E+00
4.522709E+02
3.578887E+02
4.023837E+02
7.083901E+02
4.599708E+02
6.065267E+02
3.503211E+02
6.541823E+02
4.601151E+02
2.528895E+02
9.114703E+02
6.059107E+02
4.009508E+02
5.565999E+02
3.068424E+02
6.080904E+02
6.075703E+02
4.542326E+02
6.565081E+02
2.051677E+02
5.037327E+02
3.076554E+02
4.534704E+02
5.095037E+02
4.027956E+02
6.604977E+02
6.044323E+02
2.996509E+02
5.561232E+02
6.098002E+02
7.602879E+02
5.529844E+02
4.026556E+02
5.091583E+02
5.523281E+02
4.032309E+02
3.504012E+02
8.585817E+02
6.561995E+02
5.124800E+02
5.057894E+02
2.528895E+02
5.076865E+02
4.554853E+02
4.539777E+02
3.079313E+02
3.569470E+02
6.060417E+02
5.593056E+02
5.523910E+02
4.522709E+02
0.000000E+00
5.019002E+02
3.574288E+02
5.622430E+02
6.039823E+02
6.550946E+02
3.053663E+02
6.092275E+02
6.041266E+02
3.014574E+02
8.665155E+02
5.609559E+02
3.559960E+02
5.116451E+02
4.508539E+02
5.631356E+02
5.626155E+02
4.092778E+02
6.115532E+02
3.491792E+02
4.587779E+02
4.516669E+02
4.085156E+02
5.553624E+02
4.581292E+02
7.063565E+02
4.613248E+02
2.546961E+02
5.111684E+02
5.648454E+02
7.153331E+02
5.080295E+02
3.577008E+02
6.531697E+02
5.073733E+02
3.582761E+02
3.054464E+02
7.154742E+02
6.112447E+02
5.583388E+02
4.608346E+02
3.014574E+02
4.627317E+02
4.105305E+02
2.514624E+02
4.025153E+02
4.515310E+02
3.080828E+02
5.518137E+02
2.544321E+02
3.578887E+02
5.019002E+02
0.000000E+00
3.499369E+02
6.559433E+02
4.075241E+02
5.540799E+02
2.978744E+02
6.017355E+02
5.097443E+02
2.004428E+02
8.590236E+02
5.534639E+02
3.485041E+02
6.062291E+02
2.543956E+02
5.556436E+02
5.551236E+02
4.017858E+02
6.040613E+02
1.527210E+02
4.512859E+02
3.572846E+02
4.010237E+02
4.570569E+02
4.506372E+02
5.083829E+02
5.519855E+02
2.472041E+02
4.021758E+02
5.573535E+02
7.078411E+02
3.990369E+02
3.502088E+02
4.567115E+02
4.998813E+02
3.507842E+02
2.979544E+02
8.061349E+02
6.037527E+02
4.600332E+02
4.533426E+02
2.004428E+02
4.552397E+02
2.987653E+02
3.020144E+02
2.580440E+02
3.070597E+02
4.540784E+02
3.061500E+02
4.004277E+02
4.023837E+02
3.574288E+02
3.499369E+02
0.000000E+00
5.114720E+02
4.520190E+02
5.031313E+02
1.534031E+02
4.572642E+02
5.542393E+02
1.494941E+02
7.145523E+02
4.089926E+02
2.040328E+02
4.617578E+02
2.988906E+02
3.099800E+02
4.106522E+02
1.561222E+02
4.595900E+02
1.972159E+02
3.068146E+02
4.017796E+02
2.565524E+02
5.015519E+02
3.061659E+02
6.525459E+02
3.063219E+02
1.027328E+02
3.592051E+02
4.128822E+02
5.633698E+02
3.560663E+02
2.057375E+02
5.012064E+02
3.554100E+02
2.063129E+02
1.534831E+02
6.616636E+02
4.592814E+02
5.045282E+02
3.088713E+02
1.494941E+02
3.107684E+02
2.585673E+02
6.080209E+02
5.640505E+02
6.130662E+02
7.600849E+02
7.133488E+02
7.064341E+02
7.083901E+02
5.622430E+02
6.559433E+02
5.114720E+02
0.000000E+00
7.580255E+02
8.091377E+02
4.594095E+02
7.632707E+02
8.602457E+02
4.555006E+02
1.020559E+03
7.149991E+02
5.100392E+02
7.677643E+02
6.048970E+02
7.171787E+02
7.166587E+02
5.633209E+02
7.655964E+02
5.032224E+02
6.128211E+02
7.077860E+02
5.625588E+02
8.075583E+02
5.135656E+02
9.585524E+02
7.135206E+02
4.087392E+02
6.652115E+02
7.188886E+02
8.693762E+02
6.620727E+02
5.117439E+02
8.072129E+02
6.614164E+02
4.080461E+02
4.594896E+02
9.676701E+02
7.652878E+02
8.105346E+02
6.148777E+02
4.555006E+02
6.167749E+02
5.645737E+02
3.533705E+02
5.045975E+02
5.536132E+02
5.116656E+02
5.547005E+02
4.580149E+02
4.599708E+02
6.039823E+02
4.075241E+02
4.520190E+02
7.580255E+02
0.000000E+00
6.561621E+02
3.999565E+02
7.038177E+02
6.118265E+02
3.025249E+02
9.611057E+02
6.555461E+02
4.505862E+02
6.066366E+02
2.548031E+02
6.577258E+02
6.572057E+02
5.038680E+02
7.061434E+02
2.548031E+02
5.533681E+02
4.593668E+02
5.031058E+02
5.591391E+02
5.527194E+02
7.101331E+02
6.540677E+02
3.492862E+02
6.057586E+02
6.594356E+02
6.093874E+02
6.026197E+02
4.522910E+02
4.595984E+02
6.019634E+02
4.528663E+02
4.000366E+02
9.082171E+02
7.058348E+02
5.621154E+02
5.554248E+02
3.025249E+02
5.573219E+02
5.051207E+02
4.042922E+02
5.557097E+02
6.047254E+02
6.582215E+02
6.040828E+02
6.045707E+02
6.065267E+02
6.550946E+02
5.540799E+02
5.031313E+02
8.091377E+02
6.561621E+02
0.000000E+00
4.510688E+02
7.549299E+02
7.583823E+02
3.536372E+02
6.087886E+02
7.066583E+02
4.007732E+02
7.594235E+02
5.030336E+02
7.088380E+02
7.083180E+02
5.549802E+02
6.570562E+02
4.013590E+02
6.044803E+02
6.059226E+02
5.542181E+02
6.062772E+02
6.038316E+02
8.566890E+02
7.051799E+02
4.003985E+02
6.568708E+02
7.105479E+02
8.610355E+02
5.526776E+02
5.034032E+02
7.053495E+02
6.530757E+02
5.039786E+02
4.511488E+02
8.591299E+02
7.569471E+02
7.086712E+02
6.065370E+02
3.536372E+02
6.084341E+02
5.562330E+02
2.499519E+02
2.059815E+02
2.549972E+02
4.020159E+02
3.552798E+02
3.483652E+02
3.503211E+02
3.053663E+02
2.978744E+02
1.534031E+02
4.594095E+02
3.999565E+02
4.510688E+02
0.000000E+00
4.052017E+02
5.021768E+02
9.743161E+01
6.624898E+02
3.569301E+02
1.519702E+02
4.096953E+02
2.468281E+02
3.591098E+02
3.585897E+02
2.052520E+02
4.075275E+02
1.451534E+02
2.547521E+02
3.497171E+02
2.044899E+02
4.494893E+02
2.541034E+02
6.004834E+02
3.554517E+02
5.067028E+01
3.071426E+02
3.608197E+02
5.113073E+02
3.040038E+02
1.536750E+02
4.491439E+02
3.033475E+02
1.542504E+02
1.014206E+02
6.096011E+02
4.072189E+02
4.524657E+02
2.568088E+02
9.743161E+01
2.587059E+02
2.065048E+02
5.538131E+02
5.098427E+02
5.588584E+02
6.042024E+02
6.591410E+02
5.503611E+02
6.541823E+02
6.092275E+02
6.017355E+02
4.572642E+02
7.632707E+02
7.038177E+02
7.549299E+02
4.052017E+02
0.000000E+00
6.025340E+02
4.012928E+02
9.663509E+02
4.577760E+02
3.541567E+02
7.135565E+02
5.506892E+02
5.612963E+02
6.624509E+02
5.091131E+02
7.113886E+02
4.490146E+02
5.586133E+02
6.535782E+02
5.083510E+02
7.533505E+02
5.579646E+02
9.043446E+02
5.567342E+02
3.545314E+02
6.110038E+02
5.633403E+02
7.138279E+02
6.078649E+02
4.575362E+02
7.530051E+02
5.083955E+02
4.581115E+02
4.052818E+02
8.146491E+02
6.094054E+02
6.549863E+02
5.606699E+02
4.012928E+02
5.625671E+02
5.103659E+02
5.572655E+02
5.047417E+02
4.500596E+02
6.138859E+02
7.561161E+02
4.604291E+02
4.601151E+02
6.041266E+02
5.097443E+02
5.542393E+02
8.602457E+02
6.118265E+02
7.583823E+02
5.021768E+02
6.025340E+02
0.000000E+00
4.047452E+02
9.604391E+02
7.577663E+02
5.528065E+02
7.084556E+02
4.586980E+02
7.599460E+02
7.594260E+02
6.060882E+02
8.083637E+02
3.570234E+02
6.555883E+02
4.595110E+02
6.053261E+02
6.613593E+02
6.549396E+02
8.123534E+02
6.537093E+02
4.515065E+02
7.079788E+02
7.616559E+02
9.121435E+02
6.050340E+02
5.545112E+02
5.581270E+02
7.041837E+02
5.550866E+02
5.022568E+02
1.010437E+03
7.043572E+02
6.643356E+02
6.576450E+02
4.047452E+02
6.595421E+02
6.073410E+02
1.525203E+02
2.020726E+02
2.510883E+02
3.045843E+02
3.513709E+02
2.509336E+02
2.528895E+02
3.014574E+02
2.004428E+02
1.494941E+02
4.555006E+02
3.025249E+02
3.536372E+02
9.743161E+01
4.012928E+02
4.047452E+02
0.000000E+00
6.585808E+02
3.530212E+02
1.480613E+02
4.057864E+02
1.493965E+02
3.552009E+02
3.546808E+02
2.013431E+02
4.036185E+02
4.772180E+01
2.508432E+02
2.522855E+02
2.005809E+02
3.520577E+02
2.501945E+02
5.030518E+02
3.515427E+02
4.676134E+01
3.032337E+02
3.569107E+02
5.073983E+02
3.000948E+02
1.497661E+02
3.517123E+02
2.994385E+02
1.503414E+02
9.751166E+01
6.056922E+02
4.033099E+02
3.550340E+02
2.528998E+02
0.000000E+00
2.547970E+02
2.025958E+02
8.111011E+02
7.671307E+02
8.161464E+02
9.631651E+02
8.160476E+02
9.095144E+02
9.114703E+02
8.665155E+02
8.590236E+02
7.145523E+02
1.020559E+03
9.611057E+02
6.087886E+02
6.624898E+02
9.663509E+02
9.604391E+02
6.585808E+02
0.000000E+00
9.180793E+02
7.131195E+02
9.708445E+02
8.079773E+02
9.202590E+02
9.197389E+02
7.664012E+02
8.684772E+02
7.063026E+02
8.159013E+02
9.108663E+02
7.656391E+02
9.112208E+02
8.152526E+02
1.161633E+03
9.166009E+02
6.118195E+02
8.682918E+02
9.219689E+02
1.072456E+03
8.651530E+02
7.148242E+02
9.074062E+02
8.644967E+02
7.153996E+02
6.625698E+02
1.070551E+03
9.683681E+02
1.013615E+03
8.179580E+02
6.585808E+02
8.198551E+02
7.676540E+02
5.055415E+02
4.615711E+02
5.105868E+02
5.559308E+02
6.108694E+02
6.039547E+02
6.059107E+02
5.609559E+02
5.534639E+02
4.089926E+02
7.149991E+02
6.555461E+02
7.066583E+02
3.569301E+02
4.577760E+02
7.577663E+02
3.530212E+02
9.180793E+02
0.000000E+00
3.058851E+02
6.652849E+02
5.024176E+02
5.130247E+02
6.141793E+02
4.608415E+02
6.631170E+02
4.007430E+02
5.103417E+02
6.053066E+02
4.600794E+02
7.050789E+02
5.096930E+02
7.550186E+02
6.110412E+02
3.062598E+02
5.627321E+02
5.150686E+02
6.655563E+02
5.595933E+02
4.092645E+02
7.047335E+02
5.589370E+02
4.098399E+02
3.570101E+02
8.651907E+02
5.611338E+02
6.067147E+02
5.123983E+02
3.530212E+02
5.142955E+02
4.620943E+02
3.005816E+02
2.566112E+02
3.056269E+02
3.509710E+02
3.049842E+02
3.989949E+02
4.009508E+02
3.559960E+02
3.485041E+02
2.040328E+02
5.100392E+02
4.505862E+02
4.007732E+02
1.519702E+02
3.541567E+02
5.528065E+02
1.480613E+02
7.131195E+02
3.058851E+02
0.000000E+00
4.603250E+02
2.974578E+02
3.080648E+02
4.092194E+02
2.558817E+02
4.581572E+02
1.957831E+02
3.053818E+02
4.003468E+02
2.551195E+02
5.001190E+02
3.047331E+02
6.511131E+02
4.060814E+02
1.013000E+02
3.577723E+02
4.114493E+02
5.619370E+02
3.546335E+02
2.043047E+02
4.997736E+02
3.539772E+02
2.048801E+02
1.520503E+02
6.602308E+02
3.561739E+02
5.030954E+02
3.074385E+02
1.480613E+02
3.093356E+02
2.571344E+02
4.566320E+02
4.122603E+02
4.612760E+02
6.066728E+02
6.636346E+02
6.567200E+02
5.565999E+02
5.116451E+02
6.062291E+02
4.617578E+02
7.677643E+02
6.066366E+02
7.594235E+02
4.096953E+02
7.135565E+02
7.084556E+02
4.057864E+02
9.708445E+02
6.652849E+02
4.603250E+02
0.000000E+00
4.535082E+02
6.674646E+02
6.669445E+02
5.136068E+02
7.158822E+02
4.535082E+02
5.631069E+02
5.559958E+02
5.128446E+02
7.578441E+02
5.624582E+02
9.088382E+02
5.619412E+02
3.590251E+02
6.154974E+02
6.691744E+02
8.196620E+02
6.123585E+02
4.620298E+02
7.574987E+02
6.117022E+02
4.626051E+02
4.097754E+02
9.179559E+02
7.155736E+02
7.608204E+02
4.632983E+02
4.057864E+02
5.670607E+02
5.148595E+02
2.002421E+02
3.514690E+02
4.004847E+02
3.585372E+02
5.007674E+02
3.048864E+02
3.068424E+02
4.508539E+02
2.543956E+02
2.988906E+02
6.048970E+02
2.548031E+02
5.030336E+02
2.468281E+02
5.506892E+02
4.586980E+02
1.493965E+02
8.079773E+02
5.024176E+02
2.974578E+02
4.535082E+02
0.000000E+00
5.045973E+02
5.040773E+02
3.507395E+02
5.530150E+02
1.016747E+02
4.002396E+02
3.062383E+02
3.499774E+02
4.060106E+02
3.995909E+02
5.570047E+02
5.009392E+02
1.961578E+02
4.526301E+02
5.063072E+02
6.567948E+02
4.494913E+02
2.991625E+02
4.056652E+02
3.471603E+02
2.997379E+02
2.469081E+02
6.534140E+02
5.527064E+02
4.089869E+02
4.022963E+02
1.493965E+02
4.041934E+02
3.519923E+02
5.077211E+02
4.637507E+02
5.127665E+02
5.581105E+02
5.118567E+02
6.061344E+02
6.080904E+02
5.631356E+02
5.556436E+02
3.099800E+02
7.171787E+02
6.577258E+02
7.088380E+02
3.591098E+02
5.612963E+02
7.599460E+02
3.552009E+02
9.202590E+02
5.130247E+02
3.080648E+02
6.674646E+02
5.045973E+02
0.000000E+00
6.163590E+02
3.618289E+02
6.652967E+02
4.029226E+02
5.125213E+02
6.074863E+02
4.622591E+02
7.072586E+02
5.118726E+02
8.582527E+02
5.120286E+02
3.084395E+02
5.649118E+02
6.185889E+02
7.690765E+02
5.617730E+02
4.114442E+02
7.069132E+02
5.611167E+02
4.120196E+02
3.591898E+02
8.673704E+02
5.633134E+02
7.102349E+02
5.145780E+02
3.552009E+02
5.164751E+02
4.642740E+02
5.072011E+02
4.632307E+02
5.122464E+02
6.592651E+02
6.125290E+02
6.056144E+02
6.075703E+02
5.626155E+02
5.551236E+02
4.106522E+02
7.166587E+02
6.572057E+02
7.083180E+02
3.585897E+02
6.624509E+02
7.594260E+02
3.546808E+02
9.197389E+02
6.141793E+02
4.092194E+02
6.669445E+02
5.040773E+02
6.163590E+02
0.000000E+00
3.588033E+02
6.647766E+02
4.024026E+02
4.111973E+02
6.069663E+02
4.617390E+02
7.067385E+02
5.113526E+02
8.577326E+02
5.112002E+02
3.079195E+02
5.643918E+02
6.180688E+02
6.677524E+02
5.612529E+02
4.109242E+02
7.063931E+02
5.605967E+02
4.114995E+02
3.586698E+02
8.668503E+02
6.644680E+02
7.097148E+02
5.140580E+02
3.546808E+02
5.159551E+02
3.600561E+02
3.538633E+02
3.098929E+02
3.589087E+02
5.059274E+02
3.579989E+02
4.522766E+02
4.542326E+02
4.092778E+02
4.017858E+02
1.561222E+02
5.633209E+02
5.038680E+02
5.549802E+02
2.052520E+02
5.091131E+02
6.060882E+02
2.013431E+02
7.664012E+02
4.608415E+02
2.558817E+02
5.136068E+02
3.507395E+02
3.618289E+02
3.588033E+02
0.000000E+00
5.114389E+02
2.490649E+02
3.586635E+02
4.536285E+02
3.084013E+02
5.534008E+02
3.580148E+02
7.043949E+02
3.581708E+02
1.545817E+02
4.110540E+02
4.647311E+02
5.109455E+02
4.079152E+02
2.575864E+02
5.530554E+02
4.072589E+02
2.581618E+02
2.053320E+02
7.135126E+02
5.111303E+02
5.563771E+02
3.607202E+02
2.013431E+02
3.626173E+02
2.067183E+02
5.561388E+02
5.121684E+02
5.611841E+02
7.082028E+02
6.614667E+02
6.545521E+02
6.565081E+02
6.115532E+02
6.040613E+02
4.595900E+02
7.655964E+02
7.061434E+02
6.570562E+02
4.075275E+02
7.113886E+02
8.083637E+02
4.036185E+02
8.684772E+02
6.631170E+02
4.581572E+02
7.158822E+02
5.530150E+02
6.652967E+02
6.647766E+02
5.114389E+02
0.000000E+00
4.513403E+02
5.609390E+02
6.559040E+02
5.106768E+02
7.556763E+02
5.602903E+02
7.065921E+02
6.616386E+02
3.568572E+02
6.133295E+02
6.670066E+02
8.174942E+02
6.101907E+02
4.598619E+02
7.553308E+02
6.095344E+02
4.604373E+02
4.076075E+02
7.153891E+02
7.134058E+02
7.586526E+02
5.629957E+02
4.036185E+02
5.648928E+02
5.126917E+02
2.002421E+02
2.497944E+02
2.988101E+02
2.568625E+02
3.990927E+02
2.032118E+02
2.051677E+02
3.491792E+02
1.527210E+02
1.972159E+02
5.032224E+02
2.548031E+02
4.013590E+02
1.451534E+02
4.490146E+02
3.570234E+02
4.772180E+01
7.063026E+02
4.007430E+02
1.957831E+02
4.535082E+02
1.016747E+02
4.029226E+02
4.024026E+02
2.490649E+02
4.513403E+02
0.000000E+00
2.985650E+02
2.045637E+02
2.483027E+02
3.043359E+02
2.979163E+02
4.553300E+02
3.992645E+02
9.448313E+01
3.509555E+02
4.046325E+02
5.551201E+02
3.478166E+02
1.974879E+02
3.039905E+02
3.471603E+02
1.980632E+02
1.452335E+02
6.534140E+02
4.510317E+02
3.073123E+02
3.006216E+02
4.772180E+01
3.025188E+02
2.503176E+02
4.033635E+02
3.593931E+02
4.084088E+02
5.554275E+02
5.086914E+02
5.017767E+02
5.037327E+02
4.587779E+02
4.512859E+02
3.068146E+02
6.128211E+02
5.533681E+02
6.044803E+02
2.547521E+02
5.586133E+02
6.555883E+02
2.508432E+02
8.159013E+02
5.103417E+02
3.053818E+02
5.631069E+02
4.002396E+02
5.125213E+02
4.111973E+02
3.586635E+02
5.609390E+02
2.985650E+02
0.000000E+00
4.029292E+02
3.579014E+02
6.029009E+02
4.075150E+02
7.538950E+02
4.045900E+02
2.040818E+02
4.605541E+02
5.142312E+02
5.639148E+02
4.574153E+02
3.070865E+02
6.025555E+02
4.567590E+02
3.076619E+02
2.548321E+02
7.630127E+02
5.606304E+02
6.058772E+02
4.102203E+02
2.508432E+02
4.121175E+02
3.599163E+02
4.048058E+02
3.522820E+02
4.012977E+02
4.614262E+02
6.036564E+02
4.077754E+02
3.076554E+02
4.516669E+02
3.572846E+02
4.017796E+02
7.077860E+02
4.593668E+02
6.059226E+02
3.497171E+02
6.535782E+02
4.595110E+02
2.522855E+02
9.108663E+02
6.053066E+02
4.003468E+02
5.559958E+02
3.062383E+02
6.074863E+02
6.069663E+02
4.536285E+02
6.559040E+02
2.045637E+02
4.029292E+02
0.000000E+00
4.528664E+02
5.088996E+02
5.024799E+02
6.598937E+02
6.038282E+02
2.990468E+02
5.555191E+02
6.091962E+02
7.596838E+02
5.523803E+02
4.020515E+02
5.085542E+02
5.517240E+02
4.026269E+02
3.497971E+02
8.579776E+02
6.555954E+02
5.118759E+02
5.051853E+02
2.522855E+02
5.070824E+02
4.548813E+02
3.531012E+02
3.091308E+02
3.581465E+02
4.008920E+02
4.584291E+02
4.515145E+02
4.534704E+02
4.085156E+02
4.010237E+02
2.565524E+02
5.625588E+02
5.031058E+02
5.542181E+02
2.044899E+02
5.083510E+02
6.053261E+02
2.005809E+02
7.656391E+02
4.600794E+02
2.551195E+02
5.128446E+02
3.499774E+02
4.622591E+02
4.617390E+02
3.084013E+02
5.106768E+02
2.483027E+02
3.579014E+02
4.528664E+02
0.000000E+00
5.526386E+02
3.572527E+02
7.036327E+02
4.586010E+02
1.538196E+02
4.102919E+02
4.639690E+02
6.144566E+02
4.071531E+02
1.545127E+02
5.522932E+02
4.064968E+02
2.573997E+02
2.045699E+02
7.127504E+02
4.093138E+02
5.556150E+02
3.599581E+02
2.005809E+02
3.618552E+02
3.096541E+02
5.045780E+02
5.541303E+02
6.031460E+02
5.611985E+02
7.034286E+02
5.075477E+02
5.095037E+02
5.553624E+02
4.570569E+02
5.015519E+02
8.075583E+02
5.591391E+02
6.062772E+02
4.494893E+02
7.533505E+02
6.613593E+02
3.520577E+02
9.112208E+02
7.050789E+02
5.001190E+02
7.578441E+02
4.060106E+02
7.072586E+02
7.067385E+02
5.534008E+02
7.556763E+02
3.043359E+02
6.029009E+02
5.088996E+02
5.526386E+02
0.000000E+00
6.022522E+02
6.615133E+02
6.054478E+02
3.988191E+02
6.552914E+02
7.089684E+02
8.594561E+02
6.521526E+02
5.018238E+02
6.083265E+02
6.514963E+02
5.023992E+02
4.495694E+02
8.595972E+02
7.553677E+02
5.134955E+02
6.049576E+02
3.520577E+02
6.068547E+02
5.546535E+02
4.027148E+02
3.587444E+02
4.077601E+02
5.547788E+02
5.080427E+02
5.011280E+02
4.027956E+02
4.581292E+02
4.506372E+02
3.061659E+02
5.135656E+02
5.527194E+02
6.038316E+02
2.541034E+02
5.579646E+02
6.549396E+02
2.501945E+02
8.152526E+02
5.096930E+02
3.047331E+02
5.624582E+02
3.995909E+02
5.118726E+02
5.113526E+02
3.580148E+02
5.602903E+02
2.979163E+02
4.075150E+02
5.024799E+02
3.572527E+02
6.022522E+02
0.000000E+00
7.532463E+02
5.082145E+02
2.034331E+02
4.599055E+02
5.135825E+02
6.640701E+02
4.567666E+02
3.064379E+02
6.019068E+02
4.561103E+02
3.070132E+02
2.541835E+02
7.623640E+02
5.599817E+02
6.052285E+02
4.095716E+02
2.501945E+02
4.114688E+02
3.592676E+02
6.555721E+02
7.051244E+02
7.541401E+02
7.121925E+02
8.544227E+02
6.585418E+02
6.604977E+02
7.063565E+02
5.083829E+02
6.525459E+02
9.585524E+02
7.101331E+02
8.566890E+02
6.004834E+02
9.043446E+02
8.123534E+02
5.030518E+02
1.161633E+03
7.550186E+02
6.511131E+02
9.088382E+02
5.570047E+02
8.582527E+02
8.577326E+02
7.043949E+02
7.065921E+02
4.553300E+02
7.538950E+02
6.598937E+02
7.036327E+02
6.615133E+02
7.532463E+02
0.000000E+00
7.564419E+02
5.498131E+02
8.062855E+02
8.599625E+02
1.010450E+03
8.031466E+02
6.528179E+02
6.567419E+02
8.024903E+02
6.533932E+02
6.005635E+02
9.103918E+02
9.063617E+02
6.644896E+02
7.559517E+02
5.030518E+02
7.578488E+02
7.056476E+02
5.040630E+02
4.600926E+02
5.091084E+02
6.561271E+02
5.081986E+02
6.024763E+02
6.044323E+02
4.613248E+02
5.519855E+02
3.063219E+02
7.135206E+02
6.540677E+02
7.051799E+02
3.554517E+02
5.567342E+02
6.537093E+02
3.515427E+02
9.166009E+02
6.110412E+02
4.060814E+02
5.619412E+02
5.009392E+02
5.120286E+02
5.112002E+02
3.581708E+02
6.616386E+02
3.992645E+02
4.045900E+02
6.038282E+02
4.586010E+02
6.054478E+02
5.082145E+02
7.564419E+02
0.000000E+00
3.047814E+02
5.612537E+02
6.149308E+02
7.654184E+02
5.581149E+02
4.077861E+02
7.032551E+02
5.574586E+02
4.083615E+02
3.555317E+02
7.655596E+02
6.613300E+02
6.084241E+02
4.090546E+02
3.515427E+02
5.128170E+02
4.606159E+02
1.992816E+02
1.553112E+02
2.043270E+02
3.513456E+02
3.046096E+02
2.976949E+02
2.996509E+02
2.546961E+02
2.472041E+02
1.027328E+02
4.087392E+02
3.492862E+02
4.003985E+02
5.067028E+01
3.545314E+02
4.515065E+02
4.676134E+01
6.118195E+02
3.062598E+02
1.013000E+02
3.590251E+02
1.961578E+02
3.084395E+02
3.079195E+02
1.545817E+02
3.568572E+02
9.448313E+01
2.040818E+02
2.990468E+02
1.538196E+02
3.988191E+02
2.034331E+02
5.498131E+02
3.047814E+02
0.000000E+00
2.564723E+02
3.101494E+02
4.606370E+02
2.533335E+02
1.030047E+02
3.984737E+02
2.526772E+02
1.035801E+02
5.075032E+01
5.589308E+02
3.565486E+02
4.017954E+02
2.061385E+02
4.676134E+01
2.080356E+02
1.558345E+02
3.542533E+02
4.117835E+02
4.607993E+02
5.063173E+02
5.610819E+02
4.526666E+02
5.561232E+02
5.111684E+02
4.021758E+02
3.592051E+02
6.652115E+02
6.057586E+02
6.568708E+02
3.071426E+02
6.110038E+02
7.079788E+02
3.032337E+02
8.682918E+02
5.627321E+02
3.577723E+02
6.154974E+02
4.526301E+02
5.649118E+02
5.643918E+02
4.110540E+02
6.133295E+02
3.509555E+02
4.605541E+02
5.555191E+02
4.102919E+02
6.552914E+02
4.599055E+02
8.062855E+02
5.612537E+02
2.564723E+02
0.000000E+00
5.666217E+02
7.171093E+02
4.083052E+02
3.594770E+02
6.549460E+02
5.091495E+02
3.600524E+02
3.072226E+02
8.154032E+02
6.130209E+02
6.582677E+02
4.626108E+02
3.032337E+02
4.645080E+02
4.123068E+02
5.094310E+02
4.654606E+02
5.144763E+02
6.614950E+02
6.147589E+02
6.078443E+02
6.098002E+02
5.648454E+02
5.573535E+02
4.128822E+02
7.188886E+02
6.594356E+02
7.105479E+02
3.608197E+02
5.633403E+02
7.616559E+02
3.569107E+02
9.219689E+02
5.150686E+02
4.114493E+02
6.691744E+02
5.063072E+02
6.185889E+02
6.180688E+02
4.647311E+02
6.670066E+02
4.046325E+02
5.142312E+02
6.091962E+02
4.639690E+02
7.089684E+02
5.135825E+02
8.599625E+02
6.149308E+02
3.101494E+02
5.666217E+02
0.000000E+00
5.651726E+02
5.634829E+02
4.131541E+02
7.086230E+02
5.628266E+02
4.137295E+02
3.608997E+02
8.690802E+02
6.666980E+02
6.106042E+02
5.162879E+02
3.569107E+02
5.181850E+02
4.659839E+02
6.599186E+02
6.159482E+02
6.649639E+02
8.119826E+02
6.660513E+02
7.583319E+02
7.602879E+02
7.153331E+02
7.078411E+02
5.633698E+02
8.693762E+02
6.093874E+02
8.610355E+02
5.113073E+02
7.138279E+02
9.121435E+02
5.073983E+02
1.072456E+03
6.655563E+02
5.619370E+02
8.196620E+02
6.567948E+02
7.690765E+02
6.677524E+02
5.109455E+02
8.174942E+02
5.551201E+02
5.639148E+02
7.596838E+02
6.144566E+02
8.594561E+02
6.640701E+02
1.010450E+03
7.654184E+02
4.606370E+02
7.171093E+02
5.651726E+02
0.000000E+00
7.139705E+02
5.636417E+02
7.599154E+02
7.133142E+02
5.642171E+02
5.113873E+02
1.019568E+03
8.171856E+02
7.610918E+02
6.667755E+02
5.073983E+02
6.686726E+02
6.164715E+02
3.511145E+02
4.086447E+02
4.576604E+02
5.031785E+02
5.579430E+02
3.497217E+02
5.529844E+02
5.080295E+02
3.990369E+02
3.560663E+02
6.620727E+02
6.026197E+02
5.526776E+02
3.040038E+02
6.078649E+02
6.050340E+02
3.000948E+02
8.651530E+02
5.595933E+02
3.546335E+02
6.123585E+02
4.494913E+02
5.617730E+02
5.612529E+02
4.079152E+02
6.101907E+02
3.478166E+02
4.574153E+02
5.523803E+02
4.071531E+02
6.521526E+02
4.567666E+02
8.031466E+02
5.581149E+02
2.533335E+02
4.083052E+02
5.634829E+02
7.139705E+02
0.000000E+00
3.563382E+02
6.518071E+02
5.060107E+02
3.569136E+02
3.040838E+02
8.122643E+02
6.098821E+02
6.551289E+02
4.594720E+02
3.000948E+02
4.613691E+02
4.091680E+02
3.022863E+02
2.583159E+02
3.073317E+02
4.543504E+02
4.076143E+02
4.006996E+02
4.026556E+02
3.577008E+02
3.502088E+02
2.057375E+02
5.117439E+02
4.522910E+02
5.034032E+02
1.536750E+02
4.575362E+02
5.545112E+02
1.497661E+02
7.148242E+02
4.092645E+02
2.043047E+02
4.620298E+02
2.991625E+02
4.114442E+02
4.109242E+02
2.575864E+02
4.598619E+02
1.974879E+02
3.070865E+02
4.020515E+02
1.545127E+02
5.018238E+02
3.064379E+02
6.528179E+02
4.077861E+02
1.030047E+02
3.594770E+02
4.131541E+02
5.636417E+02
3.563382E+02
0.000000E+00
5.014784E+02
3.556819E+02
2.065848E+02
1.537550E+02
6.619356E+02
4.595533E+02
5.048001E+02
3.091432E+02
1.497661E+02
3.110404E+02
2.588392E+02
5.042326E+02
5.537849E+02
6.028006E+02
5.608530E+02
6.038879E+02
5.072023E+02
5.091583E+02
6.531697E+02
4.567115E+02
5.012064E+02
8.072129E+02
4.595984E+02
7.053495E+02
4.491439E+02
7.530051E+02
5.581270E+02
3.517123E+02
9.074062E+02
7.047335E+02
4.997736E+02
7.574987E+02
4.056652E+02
7.069132E+02
7.063931E+02
5.530554E+02
7.553308E+02
3.039905E+02
6.025555E+02
5.085542E+02
5.522932E+02
6.083265E+02
6.019068E+02
6.567419E+02
7.032551E+02
3.984737E+02
6.549460E+02
7.086230E+02
7.599154E+02
6.518071E+02
5.014784E+02
0.000000E+00
6.511509E+02
5.020537E+02
4.492240E+02
9.574045E+02
7.550222E+02
6.113028E+02
6.046122E+02
3.517123E+02
6.065093E+02
5.543081E+02
4.519588E+02
4.079884E+02
4.570041E+02
6.040228E+02
5.572868E+02
5.503721E+02
5.523281E+02
5.073733E+02
4.998813E+02
3.554100E+02
6.614164E+02
6.019634E+02
6.530757E+02
3.033475E+02
5.083955E+02
7.041837E+02
2.994385E+02
8.644967E+02
5.589370E+02
3.539772E+02
6.117022E+02
3.471603E+02
5.611167E+02
5.605967E+02
4.072589E+02
6.095344E+02
3.471603E+02
4.567590E+02
5.517240E+02
4.064968E+02
6.514963E+02
4.561103E+02
8.024903E+02
5.574586E+02
2.526772E+02
5.091495E+02
5.628266E+02
7.133142E+02
5.060107E+02
3.556819E+02
6.511509E+02
0.000000E+00
3.562573E+02
3.034275E+02
5.096196E+02
6.092258E+02
6.544726E+02
4.588157E+02
2.994385E+02
4.607128E+02
4.085117E+02
3.028617E+02
2.588913E+02
3.079070E+02
4.549257E+02
4.081896E+02
4.012750E+02
4.032309E+02
3.582761E+02
3.507842E+02
2.063129E+02
4.080461E+02
4.528663E+02
5.039786E+02
1.542504E+02
4.581115E+02
5.550866E+02
1.503414E+02
7.153996E+02
4.098399E+02
2.048801E+02
4.626051E+02
2.997379E+02
4.120196E+02
4.114995E+02
2.581618E+02
4.604373E+02
1.980632E+02
3.076619E+02
4.026269E+02
2.573997E+02
5.023992E+02
3.070132E+02
6.533932E+02
4.083615E+02
1.035801E+02
3.600524E+02
4.137295E+02
5.642171E+02
3.569136E+02
2.065848E+02
5.020537E+02
3.562573E+02
0.000000E+00
1.543304E+02
6.625109E+02
4.601287E+02
5.053755E+02
3.097186E+02
1.503414E+02
3.116157E+02
2.594146E+02
2.500319E+02
2.060616E+02
2.550773E+02
4.020960E+02
3.553599E+02
3.484452E+02
3.504012E+02
3.054464E+02
2.979544E+02
1.534831E+02
4.594896E+02
4.000366E+02
4.511488E+02
1.014206E+02
4.052818E+02
5.022568E+02
9.751166E+01
6.625698E+02
3.570101E+02
1.520503E+02
4.097754E+02
2.469081E+02
3.591898E+02
3.586698E+02
2.053320E+02
4.076075E+02
1.452335E+02
2.548321E+02
3.497971E+02
2.045699E+02
4.495694E+02
2.541835E+02
6.005635E+02
3.555317E+02
5.075032E+01
3.072226E+02
3.608997E+02
5.113873E+02
3.040838E+02
1.537550E+02
4.492240E+02
3.034275E+02
1.543304E+02
0.000000E+00
6.096812E+02
4.072989E+02
4.525457E+02
2.568888E+02
9.751166E+01
2.587860E+02
2.065848E+02
7.582125E+02
7.142421E+02
7.632578E+02
9.102765E+02
8.635404E+02
8.566257E+02
8.585817E+02
7.154742E+02
8.061349E+02
6.616636E+02
9.676701E+02
9.082171E+02
8.591299E+02
6.096011E+02
8.146491E+02
1.010437E+03
6.056922E+02
1.070551E+03
8.651907E+02
6.602308E+02
9.179559E+02
6.534140E+02
8.673704E+02
8.668503E+02
7.135126E+02
7.153891E+02
6.534140E+02
7.630127E+02
8.579776E+02
7.127504E+02
8.595972E+02
7.623640E+02
9.103918E+02
7.655596E+02
5.589308E+02
8.154032E+02
8.690802E+02
1.019568E+03
8.122643E+02
6.619356E+02
9.574045E+02
5.096196E+02
6.625109E+02
6.096812E+02
0.000000E+00
9.154794E+02
8.625735E+02
7.650693E+02
6.056922E+02
7.669665E+02
7.147653E+02
5.558302E+02
5.118598E+02
4.571777E+02
6.062196E+02
6.611581E+02
6.542435E+02
6.561995E+02
6.112447E+02
6.037527E+02
4.592814E+02
7.652878E+02
7.058348E+02
7.569471E+02
4.072189E+02
6.094054E+02
7.043572E+02
4.033099E+02
9.683681E+02
5.611338E+02
3.561739E+02
7.155736E+02
5.527064E+02
5.633134E+02
6.644680E+02
5.111303E+02
7.134058E+02
4.510317E+02
5.606304E+02
6.555954E+02
4.093138E+02
7.553677E+02
5.599817E+02
9.063617E+02
6.613300E+02
3.565486E+02
6.130209E+02
6.666980E+02
8.171856E+02
6.098821E+02
4.595533E+02
7.550222E+02
6.092258E+02
4.601287E+02
4.072989E+02
9.154794E+02
0.000000E+00
7.583440E+02
5.626871E+02
4.033099E+02
5.645842E+02
5.123831E+02
5.075543E+02
5.571066E+02
6.061223E+02
5.641748E+02
7.064049E+02
5.105240E+02
5.124800E+02
5.583388E+02
4.600332E+02
5.045282E+02
8.105346E+02
5.621154E+02
7.086712E+02
4.524657E+02
6.549863E+02
6.643356E+02
3.550340E+02
1.013615E+03
6.067147E+02
5.030954E+02
7.608204E+02
4.089869E+02
7.102349E+02
7.097148E+02
5.563771E+02
7.586526E+02
3.073123E+02
6.058772E+02
5.118759E+02
5.556150E+02
5.134955E+02
6.052285E+02
6.644896E+02
6.084241E+02
4.017954E+02
6.582677E+02
6.106042E+02
7.610918E+02
6.551289E+02
5.048001E+02
6.113028E+02
6.544726E+02
5.053755E+02
4.525457E+02
8.625735E+02
7.583440E+02
0.000000E+00
6.079339E+02
3.550340E+02
6.098310E+02
5.576299E+02
4.054201E+02
2.571765E+02
4.104655E+02
5.574842E+02
5.107481E+02
5.038334E+02
5.057894E+02
4.608346E+02
4.533426E+02
3.088713E+02
6.148777E+02
5.554248E+02
6.065370E+02
2.568088E+02
5.606699E+02
6.576450E+02
2.528998E+02
8.179580E+02
5.123983E+02
3.074385E+02
4.632983E+02
4.022963E+02
5.145780E+02
5.140580E+02
3.607202E+02
5.629957E+02
3.006216E+02
4.102203E+02
5.051853E+02
3.599581E+02
6.049576E+02
4.095716E+02
7.559517E+02
4.090546E+02
2.061385E+02
4.626108E+02
5.162879E+02
6.667755E+02
4.594720E+02
3.091432E+02
6.046122E+02
4.588157E+02
3.097186E+02
2.568888E+02
7.650693E+02
5.626871E+02
6.079339E+02
0.000000E+00
2.528998E+02
4.141741E+02
3.619730E+02
1.525203E+02
2.020726E+02
2.510883E+02
3.045843E+02
3.513709E+02
2.509336E+02
2.528895E+02
3.014574E+02
2.004428E+02
1.494941E+02
4.555006E+02
3.025249E+02
3.536372E+02
9.743161E+01
4.012928E+02
4.047452E+02
0.000000E+00
6.585808E+02
3.530212E+02
1.480613E+02
4.057864E+02
1.493965E+02
3.552009E+02
3.546808E+02
2.013431E+02
4.036185E+02
4.772180E+01
2.508432E+02
2.522855E+02
2.005809E+02
3.520577E+02
2.501945E+02
5.030518E+02
3.515427E+02
4.676134E+01
3.032337E+02
3.569107E+02
5.073983E+02
3.000948E+02
1.497661E+02
3.517123E+02
2.994385E+02
1.503414E+02
9.751166E+01
6.056922E+02
4.033099E+02
3.550340E+02
2.528998E+02
0.000000E+00
2.547970E+02
2.025958E+02
4.073173E+02
3.633469E+02
4.123626E+02
5.593813E+02
3.051204E+02
5.057305E+02
5.076865E+02
4.627317E+02
4.552397E+02
3.107684E+02
6.167749E+02
5.573219E+02
6.084341E+02
2.587059E+02
5.625671E+02
6.595421E+02
2.547970E+02
8.198551E+02
5.142955E+02
3.093356E+02
5.670607E+02
4.041934E+02
5.164751E+02
5.159551E+02
3.626173E+02
5.648928E+02
3.025188E+02
4.121175E+02
5.070824E+02
3.618552E+02
6.068547E+02
4.114688E+02
7.578488E+02
5.128170E+02
2.080356E+02
4.645080E+02
5.181850E+02
6.686726E+02
4.613691E+02
3.110404E+02
6.065093E+02
4.607128E+02
3.116157E+02
2.587860E+02
7.669665E+02
5.645842E+02
6.098310E+02
4.141741E+02
2.547970E+02
0.000000E+00
3.638701E+02
3.551161E+02
3.111457E+02
3.601614E+02
5.071801E+02
4.604440E+02
4.535294E+02
4.554853E+02
4.105305E+02
2.987653E+02
2.585673E+02
5.645737E+02
5.051207E+02
5.562330E+02
2.065048E+02
5.103659E+02
6.073410E+02
2.025958E+02
7.676540E+02
4.620943E+02
2.571344E+02
5.148595E+02
3.519923E+02
4.642740E+02
3.600561E+02
2.067183E+02
5.126917E+02
2.503176E+02
3.599163E+02
4.548813E+02
3.096541E+02
5.546535E+02
3.592676E+02
7.056476E+02
4.606159E+02
1.558345E+02
4.123068E+02
4.659839E+02
6.164715E+02
4.091680E+02
2.588392E+02
5.543081E+02
4.085117E+02
2.594146E+02
2.065848E+02
7.147653E+02
5.123831E+02
5.576299E+02
3.619730E+02
2.025958E+02
3.638701E+02
0.000000E+00
