5.504205E+02
5.547435E+02
2.086453E+02
7.642842E+02
3.547163E+02
2.563199E+02
3.137236E+02
3.584125E+02
5.619216E+02
3.554094E+02
6.061220E+02
2.563199E+02
2.563199E+02
2.086453E+02
4.095325E+02
3.029025E+02
3.534284E+02
2.563199E+02
3.601768E+02
4.077986E+02
2.563199E+02
2.086453E+02
3.106509E+02
2.579433E+02
2.563199E+02
4.522870E+02
3.029025E+02
4.082040E+02
6.624783E+02
3.029025E+02
7.687846E+02
7.655063E+02
5.120633E+02
2.614398E+02
7.661456E+02
3.601768E+02
3.130995E+02
5.050045E+02
2.563199E+02
4.036634E+02
4.685463E+02
6.624219E+02
8.678355E+02
5.565302E+02
4.179265E+02
3.087455E+02
3.648318E+02
5.072876E+02
3.029025E+02
3.029025E+02
2.086453E+02
4.030028E+02
6.175543E+02
3.029025E+02
3.550040E+02
1.339454E+03
6.681596E+02
4.136651E+02
1.015629E+03
1.035462E+03
6.239025E+02
4.690753E+02
8.770988E+02
3.542308E+02
7.165829E+02
4.636810E+02
1.081400E+03
2.563199E+02
3.522006E+02
1.680982E+03
6.133311E+02
3.104503E+02
3.547163E+02
4.646118E+02
7.286034E+02
6.572923E+02
3.523414E+02
3.556971E+02
0.000000E+00
4.993589E+02
3.417752E+02
7.088997E+02
2.993317E+02
2.941006E+02
4.468536E+02
2.975971E+02
4.075640E+02
3.000249E+02
4.548049E+02
2.941006E+02
2.941006E+02
3.417752E+02
6.472300E+02
2.475180E+02
2.980439E+02
2.941006E+02
2.958329E+02
3.524140E+02
2.941006E+02
3.417752E+02
4.437809E+02
2.924771E+02
2.941006E+02
3.009699E+02
2.475180E+02
3.528195E+02
5.111612E+02
2.475180E+02
9.019146E+02
7.101218E+02
4.539115E+02
3.945698E+02
6.117881E+02
2.958329E+02
4.462294E+02
3.506469E+02
2.941006E+02
2.523463E+02
5.030801E+02
5.111048E+02
6.146003E+02
4.052130E+02
5.510565E+02
3.432793E+02
4.979618E+02
3.530253E+02
2.475180E+02
2.475180E+02
3.417752E+02
2.490220E+02
5.621697E+02
2.475180E+02
2.996194E+02
1.472584E+03
6.127750E+02
5.499421E+02
8.612715E+02
1.168592E+03
7.570324E+02
6.022052E+02
1.010229E+03
1.961897E+02
6.611983E+02
5.968109E+02
1.214530E+03
2.941006E+02
1.982199E+02
1.628840E+03
5.579465E+02
3.449840E+02
2.993317E+02
5.018092E+02
8.617334E+02
5.059752E+02
1.980791E+02
3.003125E+02
4.993589E+02
0.000000E+00
3.460982E+02
5.179493E+02
3.036547E+02
2.984236E+02
4.511766E+02
4.005163E+02
5.108600E+02
3.043479E+02
4.582847E+02
2.984236E+02
2.984236E+02
3.460982E+02
6.515530E+02
2.518410E+02
3.023669E+02
2.984236E+02
4.976297E+02
3.567370E+02
2.984236E+02
3.460982E+02
4.481039E+02
3.953963E+02
2.984236E+02
4.012255E+02
2.518410E+02
3.571425E+02
6.114167E+02
2.518410E+02
7.109642E+02
7.144448E+02
5.541671E+02
3.988928E+02
7.150841E+02
4.976297E+02
4.505524E+02
4.539429E+02
2.984236E+02
3.526018E+02
6.059993E+02
6.113604E+02
8.167739E+02
5.054686E+02
5.553795E+02
4.461985E+02
5.022848E+02
4.562260E+02
2.518410E+02
2.518410E+02
3.460982E+02
3.519412E+02
5.664927E+02
2.518410E+02
3.039424E+02
1.380131E+03
6.170980E+02
5.529270E+02
8.642564E+02
1.074417E+03
7.613554E+02
6.065282E+02
9.177760E+02
3.031692E+02
6.655213E+02
6.011339E+02
1.122078E+03
2.984236E+02
3.011390E+02
1.436456E+03
4.619585E+02
4.479032E+02
3.036547E+02
6.020648E+02
8.660564E+02
5.059196E+02
3.012798E+02
3.046355E+02
3.417752E+02
3.460982E+02
0.000000E+00
5.556390E+02
1.460710E+02
4.767460E+01
1.050784E+02
1.497673E+02
3.532763E+02
1.467642E+02
3.974767E+02
4.767460E+01
4.767460E+01
0.000000E+00
3.054548E+02
9.425726E+01
1.447832E+02
4.767460E+01
1.515315E+02
1.991533E+02
4.767460E+01
0.000000E+00
1.020057E+02
4.929808E+01
4.767460E+01
2.436418E+02
9.425726E+01
1.995588E+02
4.538330E+02
9.425726E+01
5.601393E+02
5.568611E+02
3.034180E+02
5.279459E+01
5.575004E+02
1.515315E+02
1.044542E+02
2.963592E+02
4.767460E+01
1.950181E+02
2.599011E+02
4.537767E+02
6.591902E+02
3.478849E+02
2.092812E+02
1.001002E+02
1.561865E+02
2.986423E+02
9.425726E+01
9.425726E+01
0.000000E+00
1.943575E+02
4.089090E+02
9.425726E+01
1.463587E+02
1.130809E+03
4.595143E+02
3.071399E+02
8.069837E+02
8.268164E+02
4.152572E+02
2.604300E+02
6.684536E+02
1.455855E+02
5.079376E+02
2.550357E+02
8.727551E+02
4.767460E+01
1.435553E+02
1.574457E+03
4.046858E+02
1.018050E+02
1.460710E+02
2.559666E+02
5.199582E+02
4.486470E+02
1.436961E+02
1.470518E+02
7.088997E+02
5.179493E+02
5.556390E+02
0.000000E+00
5.131955E+02
5.079644E+02
6.607173E+02
6.100570E+02
7.204008E+02
5.138886E+02
6.678255E+02
5.079644E+02
5.079644E+02
5.556390E+02
8.610938E+02
4.613817E+02
5.119076E+02
5.079644E+02
7.071705E+02
5.662777E+02
5.079644E+02
5.556390E+02
6.576446E+02
6.049371E+02
5.079644E+02
6.107662E+02
4.613817E+02
5.666832E+02
8.209575E+02
4.613817E+02
9.205049E+02
8.205936E+02
7.637078E+02
6.084336E+02
9.246248E+02
7.071705E+02
6.600932E+02
6.634837E+02
5.079644E+02
5.621426E+02
8.155401E+02
8.209011E+02
1.026315E+03
7.150094E+02
7.649202E+02
6.557392E+02
7.118255E+02
6.657668E+02
4.613817E+02
4.613817E+02
5.556390E+02
5.614820E+02
7.760335E+02
4.613817E+02
5.134832E+02
1.589672E+03
8.266388E+02
8.627788E+02
1.174108E+03
1.283958E+03
9.708962E+02
8.160690E+02
1.127317E+03
5.127100E+02
8.750621E+02
7.081664E+02
1.331618E+03
5.079644E+02
5.106798E+02
1.746308E+03
7.718103E+02
6.574440E+02
5.131955E+02
8.116056E+02
1.075597E+03
8.157715E+02
5.108206E+02
5.141763E+02
2.993317E+02
3.036547E+02
1.460710E+02
5.131955E+02
0.000000E+00
9.839642E+01
2.511494E+02
2.004891E+02
3.108328E+02
1.043207E+02
3.550332E+02
9.839642E+01
9.839642E+01
1.460710E+02
4.515258E+02
5.181376E+01
1.023397E+02
9.839642E+01
2.976026E+02
1.567098E+02
9.839642E+01
1.460710E+02
2.480767E+02
1.953691E+02
9.839642E+01
2.011983E+02
5.181376E+01
1.571153E+02
4.113895E+02
5.181376E+01
7.062104E+02
5.144176E+02
3.541399E+02
1.988656E+02
5.150569E+02
2.976026E+02
2.505252E+02
2.539157E+02
9.839642E+01
1.525746E+02
4.059721E+02
4.113332E+02
6.167468E+02
3.054414E+02
3.553523E+02
2.461713E+02
3.022576E+02
2.561988E+02
5.181376E+01
5.181376E+01
1.460710E+02
1.519140E+02
3.664655E+02
5.181376E+01
1.039152E+02
1.276880E+03
4.170708E+02
4.532109E+02
7.645402E+02
8.692599E+02
5.613282E+02
4.065011E+02
8.145246E+02
1.031420E+02
4.654941E+02
4.011067E+02
1.018826E+03
9.839642E+01
1.011118E+02
1.532013E+03
3.622423E+02
2.478760E+02
1.036275E+02
4.020376E+02
6.660292E+02
4.062035E+02
1.012526E+02
1.046084E+02
2.941006E+02
2.984236E+02
4.767460E+01
5.079644E+02
9.839642E+01
0.000000E+00
1.527530E+02
1.020927E+02
3.056017E+02
9.908956E+01
3.498021E+02
0.000000E+00
0.000000E+00
4.767460E+01
3.531294E+02
4.658265E+01
9.710856E+01
0.000000E+00
1.992061E+02
1.514787E+02
0.000000E+00
4.767460E+01
1.496803E+02
9.697269E+01
0.000000E+00
1.959672E+02
4.658265E+01
1.518842E+02
4.061584E+02
4.658265E+01
6.078139E+02
5.091865E+02
2.557434E+02
1.004692E+02
5.098258E+02
1.992061E+02
1.521288E+02
2.486846E+02
0.000000E+00
1.473435E+02
3.075757E+02
4.061021E+02
6.115156E+02
3.002103E+02
2.569558E+02
1.477748E+02
2.038612E+02
2.509677E+02
4.658265E+01
4.658265E+01
4.767460E+01
1.466829E+02
3.612344E+02
4.658265E+01
9.868410E+01
1.178483E+03
4.118397E+02
3.548145E+02
7.593091E+02
8.744910E+02
4.629318E+02
3.081046E+02
7.161282E+02
9.791091E+01
4.602630E+02
3.027103E+02
9.204297E+02
0.000000E+00
9.588074E+01
1.526782E+03
3.570112E+02
1.494796E+02
9.839642E+01
3.036412E+02
5.676328E+02
4.009724E+02
9.602151E+01
9.937725E+01
4.468536E+02
4.511766E+02
1.050784E+02
6.607173E+02
2.511494E+02
1.527530E+02
0.000000E+00
2.548456E+02
4.583547E+02
2.518425E+02
5.025551E+02
1.527530E+02
1.527530E+02
1.050784E+02
4.105332E+02
1.993356E+02
2.498615E+02
1.527530E+02
2.566099E+02
3.042317E+02
1.527530E+02
1.050784E+02
2.070840E+02
1.543764E+02
1.527530E+02
3.487201E+02
1.993356E+02
3.046371E+02
5.589114E+02
1.993356E+02
6.652177E+02
6.619394E+02
4.084964E+02
1.578729E+02
6.625787E+02
2.566099E+02
2.095326E+02
4.014376E+02
1.527530E+02
3.000965E+02
3.649794E+02
5.588550E+02
7.642686E+02
4.529633E+02
3.143596E+02
2.051786E+02
2.612649E+02
4.037207E+02
1.993356E+02
1.993356E+02
1.050784E+02
2.994359E+02
5.139874E+02
1.993356E+02
2.514371E+02
1.235887E+03
5.645927E+02
4.122182E+02
9.120621E+02
9.318948E+02
5.203356E+02
3.655084E+02
7.735319E+02
2.506639E+02
6.130160E+02
3.601141E+02
9.778335E+02
1.527530E+02
2.486337E+02
1.679535E+03
5.097642E+02
2.068834E+02
2.511494E+02
3.610449E+02
6.250365E+02
5.537254E+02
2.487745E+02
2.521302E+02
2.975971E+02
4.005163E+02
1.497673E+02
6.100570E+02
2.004891E+02
1.020927E+02
2.548456E+02
0.000000E+00
4.076944E+02
2.011822E+02
4.518948E+02
1.020927E+02
1.020927E+02
1.497673E+02
4.552221E+02
1.486753E+02
1.992012E+02
1.020927E+02
2.027026E+02
2.535714E+02
1.020927E+02
1.497673E+02
2.517729E+02
1.004692E+02
1.020927E+02
2.980598E+02
1.486753E+02
2.539768E+02
5.082511E+02
1.486753E+02
7.099066E+02
6.112792E+02
3.578361E+02
2.025619E+02
6.119185E+02
2.027026E+02
2.542215E+02
3.507773E+02
1.020927E+02
2.494362E+02
3.110722E+02
5.081948E+02
7.136083E+02
4.023030E+02
3.590485E+02
1.512714E+02
3.059538E+02
3.530604E+02
1.486753E+02
1.486753E+02
1.497673E+02
1.501794E+02
4.633271E+02
1.486753E+02
2.007768E+02
1.280576E+03
5.139324E+02
4.569072E+02
8.614018E+02
9.765837E+02
5.650245E+02
4.101973E+02
8.182208E+02
2.000036E+02
5.623557E+02
4.048030E+02
1.022522E+03
1.020927E+02
9.937725E+01
1.628875E+03
4.591039E+02
1.529761E+02
2.004891E+02
4.057339E+02
6.697254E+02
5.030651E+02
1.981142E+02
2.014699E+02
4.075640E+02
5.108600E+02
3.532763E+02
7.204008E+02
3.108328E+02
3.056017E+02
4.583547E+02
4.076944E+02
0.000000E+00
3.115260E+02
5.622385E+02
3.056017E+02
3.056017E+02
3.532763E+02
6.587311E+02
2.590190E+02
3.095450E+02
3.056017E+02
5.048078E+02
3.639151E+02
3.056017E+02
3.532763E+02
4.552820E+02
4.025744E+02
3.056017E+02
4.084035E+02
2.590190E+02
3.643205E+02
6.185948E+02
2.590190E+02
9.134156E+02
7.216229E+02
5.613451E+02
4.060709E+02
6.232892E+02
5.048078E+02
4.577305E+02
3.621480E+02
3.056017E+02
3.597799E+02
6.131774E+02
6.185385E+02
7.249791E+02
5.126467E+02
5.625575E+02
4.533765E+02
5.094629E+02
4.634041E+02
2.590190E+02
2.590190E+02
3.532763E+02
3.591193E+02
5.736708E+02
2.590190E+02
3.111205E+02
1.484085E+03
6.242761E+02
5.614432E+02
8.727725E+02
1.180093E+03
7.685335E+02
6.137063E+02
1.021730E+03
3.103473E+02
6.726994E+02
6.083120E+02
1.226031E+03
3.056017E+02
3.083171E+02
1.739218E+03
5.694476E+02
4.550813E+02
3.108328E+02
6.092429E+02
8.732345E+02
6.134088E+02
3.084579E+02
3.118136E+02
3.000249E+02
3.043479E+02
1.467642E+02
5.138886E+02
1.043207E+02
9.908956E+01
2.518425E+02
2.011822E+02
3.115260E+02
0.000000E+00
3.557264E+02
9.908956E+01
9.908956E+01
1.467642E+02
4.522190E+02
5.250691E+01
1.030328E+02
9.908956E+01
2.982957E+02
1.574029E+02
9.908956E+01
1.467642E+02
2.487698E+02
1.960623E+02
9.908956E+01
2.018914E+02
5.250691E+01
1.578084E+02
4.120827E+02
5.250691E+01
7.069035E+02
5.151107E+02
3.548330E+02
1.995588E+02
5.157500E+02
2.982957E+02
2.512184E+02
2.546088E+02
9.908956E+01
1.532678E+02
4.066653E+02
4.120263E+02
6.174399E+02
3.061345E+02
3.560454E+02
2.468644E+02
3.029507E+02
2.568920E+02
5.250691E+01
5.250691E+01
1.467642E+02
1.526072E+02
3.671586E+02
5.250691E+01
1.046084E+02
1.277573E+03
4.177640E+02
4.539040E+02
7.652334E+02
9.735806E+02
5.620214E+02
4.071942E+02
8.152177E+02
1.038352E+02
4.661873E+02
4.017999E+02
1.019519E+03
9.908956E+01
1.018050E+02
1.532706E+03
3.629355E+02
2.485692E+02
1.043207E+02
4.027308E+02
6.667223E+02
4.068967E+02
1.019458E+02
1.053015E+02
4.548049E+02
4.582847E+02
3.974767E+02
6.678255E+02
3.550332E+02
3.498021E+02
5.025551E+02
4.518948E+02
5.622385E+02
3.557264E+02
0.000000E+00
3.498021E+02
3.498021E+02
3.974767E+02
7.029316E+02
3.032195E+02
3.537454E+02
3.498021E+02
5.490083E+02
4.081155E+02
3.498021E+02
3.974767E+02
4.994824E+02
4.467748E+02
3.498021E+02
3.566714E+02
3.032195E+02
4.085210E+02
5.668627E+02
3.032195E+02
8.608403E+02
7.658233E+02
5.096130E+02
4.502713E+02
7.664626E+02
5.490083E+02
5.019309E+02
5.053214E+02
3.498021E+02
3.080478E+02
6.573778E+02
5.668064E+02
8.681525E+02
4.609146E+02
6.067580E+02
4.975770E+02
5.536633E+02
5.076045E+02
3.032195E+02
3.032195E+02
3.974767E+02
4.033197E+02
6.178712E+02
3.032195E+02
3.553209E+02
1.431510E+03
6.684766E+02
7.046166E+02
1.015946E+03
1.224293E+03
8.127339E+02
6.579068E+02
9.691546E+02
3.545477E+02
7.168998E+02
6.525125E+02
1.073412E+03
3.498021E+02
3.525176E+02
1.586599E+03
6.136480E+02
4.992817E+02
3.550332E+02
5.575108E+02
9.174349E+02
5.616767E+02
3.526583E+02
3.560141E+02
2.941006E+02
2.984236E+02
4.767460E+01
5.079644E+02
9.839642E+01
0.000000E+00
1.527530E+02
1.020927E+02
3.056017E+02
9.908956E+01
3.498021E+02
0.000000E+00
0.000000E+00
4.767460E+01
3.531294E+02
4.658265E+01
9.710856E+01
0.000000E+00
1.992061E+02
1.514787E+02
0.000000E+00
4.767460E+01
1.496803E+02
9.697269E+01
0.000000E+00
1.959672E+02
4.658265E+01
1.518842E+02
4.061584E+02
4.658265E+01
6.078139E+02
5.091865E+02
2.557434E+02
1.004692E+02
5.098258E+02
1.992061E+02
1.521288E+02
2.486846E+02
0.000000E+00
1.473435E+02
3.075757E+02
4.061021E+02
6.115156E+02
3.002103E+02
2.569558E+02
1.477748E+02
2.038612E+02
2.509677E+02
4.658265E+01
4.658265E+01
4.767460E+01
1.466829E+02
3.612344E+02
4.658265E+01
9.868410E+01
1.178483E+03
4.118397E+02
3.548145E+02
7.593091E+02
8.744910E+02
4.629318E+02
3.081046E+02
7.161282E+02
9.791091E+01
4.602630E+02
3.027103E+02
9.204297E+02
0.000000E+00
9.588074E+01
1.526782E+03
3.570112E+02
1.494796E+02
9.839642E+01
3.036412E+02
5.676328E+02
4.009724E+02
9.602151E+01
9.937725E+01
2.941006E+02
2.984236E+02
4.767460E+01
5.079644E+02
9.839642E+01
0.000000E+00
1.527530E+02
1.020927E+02
3.056017E+02
9.908956E+01
3.498021E+02
0.000000E+00
0.000000E+00
4.767460E+01
3.531294E+02
4.658265E+01
9.710856E+01
0.000000E+00
1.992061E+02
1.514787E+02
0.000000E+00
4.767460E+01
1.496803E+02
9.697269E+01
0.000000E+00
1.959672E+02
4.658265E+01
1.518842E+02
4.061584E+02
4.658265E+01
6.078139E+02
5.091865E+02
2.557434E+02
1.004692E+02
5.098258E+02
1.992061E+02
1.521288E+02
2.486846E+02
0.000000E+00
1.473435E+02
3.075757E+02
4.061021E+02
6.115156E+02
3.002103E+02
2.569558E+02
1.477748E+02
2.038612E+02
2.509677E+02
4.658265E+01
4.658265E+01
4.767460E+01
1.466829E+02
3.612344E+02
4.658265E+01
9.868410E+01
1.178483E+03
4.118397E+02
3.548145E+02
7.593091E+02
8.744910E+02
4.629318E+02
3.081046E+02
7.161282E+02
9.791091E+01
4.602630E+02
3.027103E+02
9.204297E+02
0.000000E+00
9.588074E+01
1.526782E+03
3.570112E+02
1.494796E+02
9.839642E+01
3.036412E+02
5.676328E+02
4.009724E+02
9.602151E+01
9.937725E+01
3.417752E+02
3.460982E+02
0.000000E+00
5.556390E+02
1.460710E+02
4.767460E+01
1.050784E+02
1.497673E+02
3.532763E+02
1.467642E+02
3.974767E+02
4.767460E+01
4.767460E+01
0.000000E+00
3.054548E+02
9.425726E+01
1.447832E+02
4.767460E+01
1.515315E+02
1.991533E+02
4.767460E+01
0.000000E+00
1.020057E+02
4.929808E+01
4.767460E+01
2.436418E+02
9.425726E+01
1.995588E+02
4.538330E+02
9.425726E+01
5.601393E+02
5.568611E+02
3.034180E+02
5.279459E+01
5.575004E+02
1.515315E+02
1.044542E+02
2.963592E+02
4.767460E+01
1.950181E+02
2.599011E+02
4.537767E+02
6.591902E+02
3.478849E+02
2.092812E+02
1.001002E+02
1.561865E+02
2.986423E+02
9.425726E+01
9.425726E+01
0.000000E+00
1.943575E+02
4.089090E+02
9.425726E+01
1.463587E+02
1.130809E+03
4.595143E+02
3.071399E+02
8.069837E+02
8.268164E+02
4.152572E+02
2.604300E+02
6.684536E+02
1.455855E+02
5.079376E+02
2.550357E+02
8.727551E+02
4.767460E+01
1.435553E+02
1.574457E+03
4.046858E+02
1.018050E+02
1.460710E+02
2.559666E+02
5.199582E+02
4.486470E+02
1.436961E+02
1.470518E+02
6.472300E+02
6.515530E+02
3.054548E+02
8.610938E+02
4.515258E+02
3.531294E+02
4.105332E+02
4.552221E+02
6.587311E+02
4.522190E+02
7.029316E+02
3.531294E+02
3.531294E+02
3.054548E+02
0.000000E+00
3.997121E+02
4.502380E+02
3.531294E+02
4.569864E+02
5.046081E+02
3.531294E+02
3.054548E+02
4.074605E+02
3.547529E+02
3.531294E+02
5.490966E+02
3.997121E+02
5.050136E+02
7.592878E+02
3.997121E+02
8.655942E+02
8.623159E+02
6.088729E+02
3.582494E+02
8.629552E+02
4.569864E+02
4.099090E+02
5.017700E+02
3.531294E+02
5.004729E+02
5.653559E+02
7.592315E+02
9.646451E+02
6.533397E+02
5.147361E+02
4.055551E+02
4.616414E+02
5.034214E+02
3.997121E+02
3.997121E+02
3.054548E+02
4.998123E+02
7.143638E+02
3.997121E+02
4.518135E+02
1.436263E+03
7.649692E+02
6.125947E+02
8.102885E+02
1.132271E+03
6.201474E+02
5.658849E+02
9.739084E+02
4.510403E+02
8.133924E+02
5.604905E+02
1.178210E+03
3.531294E+02
4.490102E+02
1.577241E+03
7.101406E+02
4.072598E+02
4.515258E+02
5.614214E+02
8.254130E+02
7.541018E+02
4.491509E+02
4.525067E+02
2.475180E+02
2.518410E+02
9.425726E+01
4.613817E+02
5.181376E+01
4.658265E+01
1.993356E+02
1.486753E+02
2.590190E+02
5.250691E+01
3.032195E+02
4.658265E+01
4.658265E+01
9.425726E+01
3.997121E+02
0.000000E+00
5.052591E+01
4.658265E+01
2.457888E+02
1.048960E+02
4.658265E+01
9.425726E+01
1.962629E+02
1.435553E+02
4.658265E+01
1.493845E+02
0.000000E+00
1.053015E+02
3.595758E+02
0.000000E+00
6.543966E+02
4.626038E+02
3.023261E+02
1.470518E+02
4.632431E+02
2.457888E+02
1.987115E+02
2.021019E+02
4.658265E+01
1.007609E+02
3.541583E+02
3.595194E+02
5.649330E+02
2.536276E+02
3.035385E+02
1.943575E+02
2.504438E+02
2.043851E+02
0.000000E+00
0.000000E+00
9.425726E+01
1.001002E+02
3.146517E+02
0.000000E+00
5.210144E+01
1.225066E+03
3.652571E+02
4.013971E+02
7.127265E+02
9.210737E+02
5.095145E+02
3.546873E+02
7.627108E+02
5.132825E+01
4.136804E+02
3.492930E+02
9.670124E+02
4.658265E+01
4.929808E+01
1.480199E+03
3.104286E+02
1.960623E+02
5.181376E+01
3.502238E+02
6.142154E+02
3.543898E+02
4.943886E+01
5.279459E+01
2.980439E+02
3.023669E+02
1.447832E+02
5.119076E+02
1.023397E+02
9.710856E+01
2.498615E+02
1.992012E+02
3.095450E+02
1.030328E+02
3.537454E+02
9.710856E+01
9.710856E+01
1.447832E+02
4.502380E+02
5.052591E+01
0.000000E+00
9.710856E+01
2.963147E+02
1.554219E+02
9.710856E+01
1.447832E+02
2.467888E+02
1.940812E+02
9.710856E+01
1.999104E+02
5.052591E+01
1.558274E+02
4.101017E+02
5.052591E+01
7.049225E+02
5.131297E+02
3.528520E+02
1.975778E+02
5.137690E+02
2.963147E+02
2.492374E+02
2.526278E+02
9.710856E+01
1.512868E+02
4.046843E+02
4.100453E+02
6.154589E+02
3.041535E+02
3.540644E+02
2.448834E+02
3.009697E+02
2.549110E+02
5.052591E+01
5.052591E+01
1.447832E+02
1.506262E+02
3.651776E+02
5.052591E+01
1.026274E+02
1.275592E+03
4.157830E+02
4.519230E+02
7.632524E+02
9.715996E+02
5.600404E+02
4.052132E+02
8.132367E+02
1.018542E+02
4.642063E+02
3.998189E+02
1.017538E+03
9.710856E+01
9.982399E+01
1.530725E+03
3.609545E+02
2.465882E+02
1.023397E+02
4.007498E+02
6.647413E+02
4.049157E+02
9.996476E+01
1.033205E+02
2.941006E+02
2.984236E+02
4.767460E+01
5.079644E+02
9.839642E+01
0.000000E+00
1.527530E+02
1.020927E+02
3.056017E+02
9.908956E+01
3.498021E+02
0.000000E+00
0.000000E+00
4.767460E+01
3.531294E+02
4.658265E+01
9.710856E+01
0.000000E+00
1.992061E+02
1.514787E+02
0.000000E+00
4.767460E+01
1.496803E+02
9.697269E+01
0.000000E+00
1.959672E+02
4.658265E+01
1.518842E+02
4.061584E+02
4.658265E+01
6.078139E+02
5.091865E+02
2.557434E+02
1.004692E+02
5.098258E+02
1.992061E+02
1.521288E+02
2.486846E+02
0.000000E+00
1.473435E+02
3.075757E+02
4.061021E+02
6.115156E+02
3.002103E+02
2.569558E+02
1.477748E+02
2.038612E+02
2.509677E+02
4.658265E+01
4.658265E+01
4.767460E+01
1.466829E+02
3.612344E+02
4.658265E+01
9.868410E+01
1.178483E+03
4.118397E+02
3.548145E+02
7.593091E+02
8.744910E+02
4.629318E+02
3.081046E+02
7.161282E+02
9.791091E+01
4.602630E+02
3.027103E+02
9.204297E+02
0.000000E+00
9.588074E+01
1.526782E+03
3.570112E+02
1.494796E+02
9.839642E+01
3.036412E+02
5.676328E+02
4.009724E+02
9.602151E+01
9.937725E+01
2.958329E+02
4.976297E+02
1.515315E+02
7.071705E+02
2.976026E+02
1.992061E+02
2.566099E+02
2.027026E+02
5.048078E+02
2.982957E+02
5.490083E+02
1.992061E+02
1.992061E+02
1.515315E+02
4.569864E+02
2.457888E+02
2.963147E+02
1.992061E+02
0.000000E+00
3.506848E+02
1.992061E+02
1.515315E+02
2.535372E+02
1.022334E+02
1.992061E+02
3.951733E+02
2.457888E+02
3.510903E+02
6.053646E+02
2.457888E+02
7.116709E+02
7.083926E+02
4.549496E+02
9.873694E+01
7.090319E+02
1.055892E+02
2.559857E+02
4.478907E+02
1.992061E+02
3.465497E+02
3.128364E+02
6.053082E+02
7.118441E+02
4.994164E+02
3.608128E+02
1.530356E+02
3.077181E+02
3.512961E+02
2.457888E+02
2.457888E+02
1.515315E+02
2.472929E+02
5.604405E+02
2.457888E+02
2.978902E+02
1.282340E+03
6.110459E+02
4.586714E+02
9.585153E+02
9.783480E+02
5.667887E+02
4.119616E+02
8.199851E+02
2.971170E+02
6.594692E+02
4.065673E+02
1.024287E+03
1.992061E+02
1.964907E+02
1.627110E+03
5.562174E+02
1.547404E+02
2.976026E+02
4.074981E+02
6.714897E+02
6.001785E+02
1.963499E+02
2.985834E+02
3.524140E+02
3.567370E+02
1.991533E+02
5.662777E+02
1.567098E+02
1.514787E+02
3.042317E+02
2.535714E+02
3.639151E+02
1.574029E+02
4.081155E+02
1.514787E+02
1.514787E+02
1.991533E+02
5.046081E+02
1.048960E+02
1.554219E+02
1.514787E+02
3.506848E+02
0.000000E+00
1.514787E+02
1.991533E+02
3.011590E+02
2.484514E+02
1.514787E+02
2.542805E+02
1.048960E+02
2.101975E+02
4.644718E+02
1.048960E+02
7.592926E+02
5.674999E+02
4.072221E+02
2.519479E+02
5.681392E+02
3.506848E+02
3.036075E+02
3.069980E+02
1.514787E+02
2.056569E+02
4.590544E+02
4.644155E+02
6.698290E+02
3.585237E+02
4.084345E+02
2.992535E+02
3.553398E+02
3.092811E+02
1.048960E+02
1.048960E+02
1.991533E+02
2.049963E+02
4.195478E+02
1.048960E+02
1.569975E+02
1.329962E+03
4.701531E+02
5.062932E+02
8.176225E+02
1.025970E+03
6.144105E+02
4.595833E+02
8.676069E+02
1.562243E+02
5.185764E+02
4.541890E+02
1.071908E+03
1.514787E+02
1.541941E+02
1.585095E+03
4.153246E+02
3.009583E+02
1.567098E+02
4.551199E+02
7.191115E+02
4.592858E+02
1.543349E+02
1.576906E+02
2.941006E+02
2.984236E+02
4.767460E+01
5.079644E+02
9.839642E+01
0.000000E+00
1.527530E+02
1.020927E+02
3.056017E+02
9.908956E+01
3.498021E+02
0.000000E+00
0.000000E+00
4.767460E+01
3.531294E+02
4.658265E+01
9.710856E+01
0.000000E+00
1.992061E+02
1.514787E+02
0.000000E+00
4.767460E+01
1.496803E+02
9.697269E+01
0.000000E+00
1.959672E+02
4.658265E+01
1.518842E+02
4.061584E+02
4.658265E+01
6.078139E+02
5.091865E+02
2.557434E+02
1.004692E+02
5.098258E+02
1.992061E+02
1.521288E+02
2.486846E+02
0.000000E+00
1.473435E+02
3.075757E+02
4.061021E+02
6.115156E+02
3.002103E+02
2.569558E+02
1.477748E+02
2.038612E+02
2.509677E+02
4.658265E+01
4.658265E+01
4.767460E+01
1.466829E+02
3.612344E+02
4.658265E+01
9.868410E+01
1.178483E+03
4.118397E+02
3.548145E+02
7.593091E+02
8.744910E+02
4.629318E+02
3.081046E+02
7.161282E+02
9.791091E+01
4.602630E+02
3.027103E+02
9.204297E+02
0.000000E+00
9.588074E+01
1.526782E+03
3.570112E+02
1.494796E+02
9.839642E+01
3.036412E+02
5.676328E+02
4.009724E+02
9.602151E+01
9.937725E+01
3.417752E+02
3.460982E+02
0.000000E+00
5.556390E+02
1.460710E+02
4.767460E+01
1.050784E+02
1.497673E+02
3.532763E+02
1.467642E+02
3.974767E+02
4.767460E+01
4.767460E+01
0.000000E+00
3.054548E+02
9.425726E+01
1.447832E+02
4.767460E+01
1.515315E+02
1.991533E+02
4.767460E+01
0.000000E+00
1.020057E+02
4.929808E+01
4.767460E+01
2.436418E+02
9.425726E+01
1.995588E+02
4.538330E+02
9.425726E+01
5.601393E+02
5.568611E+02
3.034180E+02
5.279459E+01
5.575004E+02
1.515315E+02
1.044542E+02
2.963592E+02
4.767460E+01
1.950181E+02
2.599011E+02
4.537767E+02
6.591902E+02
3.478849E+02
2.092812E+02
1.001002E+02
1.561865E+02
2.986423E+02
9.425726E+01
9.425726E+01
0.000000E+00
1.943575E+02
4.089090E+02
9.425726E+01
1.463587E+02
1.130809E+03
4.595143E+02
3.071399E+02
8.069837E+02
8.268164E+02
4.152572E+02
2.604300E+02
6.684536E+02
1.455855E+02
5.079376E+02
2.550357E+02
8.727551E+02
4.767460E+01
1.435553E+02
1.574457E+03
4.046858E+02
1.018050E+02
1.460710E+02
2.559666E+02
5.199582E+02
4.486470E+02
1.436961E+02
1.470518E+02
4.437809E+02
4.481039E+02
1.020057E+02
6.576446E+02
2.480767E+02
1.496803E+02
2.070840E+02
2.517729E+02
4.552820E+02
2.487698E+02
4.994824E+02
1.496803E+02
1.496803E+02
1.020057E+02
4.074605E+02
1.962629E+02
2.467888E+02
1.496803E+02
2.535372E+02
3.011590E+02
1.496803E+02
1.020057E+02
0.000000E+00
1.513037E+02
1.496803E+02
3.456474E+02
1.962629E+02
3.015644E+02
5.558387E+02
1.962629E+02
6.621450E+02
6.588667E+02
3.042290E+02
1.548003E+02
6.595061E+02
2.535372E+02
2.064599E+02
3.983649E+02
1.496803E+02
2.970238E+02
3.619067E+02
5.557823E+02
7.611959E+02
4.498906E+02
3.112869E+02
2.021059E+02
2.581922E+02
4.006480E+02
1.962629E+02
1.962629E+02
1.020057E+02
2.963632E+02
5.109147E+02
1.962629E+02
2.483644E+02
1.232814E+03
5.615200E+02
4.091455E+02
9.089894E+02
9.288221E+02
5.172629E+02
3.624357E+02
7.704592E+02
2.475912E+02
6.099433E+02
3.570414E+02
9.747608E+02
1.496803E+02
2.455610E+02
1.676462E+03
5.066915E+02
2.038107E+02
2.480767E+02
3.579723E+02
6.219638E+02
5.506527E+02
2.457018E+02
2.490575E+02
2.924771E+02
3.953963E+02
4.929808E+01
6.049371E+02
1.953691E+02
9.697269E+01
1.543764E+02
1.004692E+02
4.025744E+02
1.960623E+02
4.467748E+02
9.697269E+01
9.697269E+01
4.929808E+01
3.547529E+02
1.435553E+02
1.940812E+02
9.697269E+01
1.022334E+02
2.484514E+02
9.697269E+01
4.929808E+01
1.513037E+02
0.000000E+00
9.697269E+01
2.929398E+02
1.435553E+02
2.488568E+02
5.031311E+02
1.435553E+02
6.094374E+02
6.061592E+02
3.527161E+02
1.020927E+02
6.067985E+02
1.022334E+02
1.537523E+02
3.456573E+02
9.697269E+01
2.443162E+02
2.106030E+02
5.030748E+02
7.084883E+02
3.971830E+02
2.585793E+02
5.080216E+01
2.054846E+02
3.479404E+02
1.435553E+02
1.435553E+02
4.929808E+01
1.450594E+02
4.582071E+02
1.435553E+02
1.956568E+02
1.180107E+03
5.088124E+02
3.564380E+02
8.562818E+02
8.761145E+02
4.645553E+02
3.097281E+02
7.177516E+02
1.948836E+02
5.572357E+02
3.043338E+02
9.220532E+02
9.697269E+01
9.425726E+01
1.623755E+03
4.539839E+02
5.250691E+01
1.953691E+02
3.052647E+02
5.692562E+02
4.979451E+02
1.929942E+02
1.963499E+02
2.941006E+02
2.984236E+02
4.767460E+01
5.079644E+02
9.839642E+01
0.000000E+00
1.527530E+02
1.020927E+02
3.056017E+02
9.908956E+01
3.498021E+02
0.000000E+00
0.000000E+00
4.767460E+01
3.531294E+02
4.658265E+01
9.710856E+01
0.000000E+00
1.992061E+02
1.514787E+02
0.000000E+00
4.767460E+01
1.496803E+02
9.697269E+01
0.000000E+00
1.959672E+02
4.658265E+01
1.518842E+02
4.061584E+02
4.658265E+01
6.078139E+02
5.091865E+02
2.557434E+02
1.004692E+02
5.098258E+02
1.992061E+02
1.521288E+02
2.486846E+02
0.000000E+00
1.473435E+02
3.075757E+02
4.061021E+02
6.115156E+02
3.002103E+02
2.569558E+02
1.477748E+02
2.038612E+02
2.509677E+02
4.658265E+01
4.658265E+01
4.767460E+01
1.466829E+02
3.612344E+02
4.658265E+01
9.868410E+01
1.178483E+03
4.118397E+02
3.548145E+02
7.593091E+02
8.744910E+02
4.629318E+02
3.081046E+02
7.161282E+02
9.791091E+01
4.602630E+02
3.027103E+02
9.204297E+02
0.000000E+00
9.588074E+01
1.526782E+03
3.570112E+02
1.494796E+02
9.839642E+01
3.036412E+02
5.676328E+02
4.009724E+02
9.602151E+01
9.937725E+01
3.009699E+02
4.012255E+02
2.436418E+02
6.107662E+02
2.011983E+02
1.959672E+02
3.487201E+02
2.980598E+02
4.084035E+02
2.018914E+02
3.566714E+02
1.959672E+02
1.959672E+02
2.436418E+02
5.490966E+02
1.493845E+02
1.999104E+02
1.959672E+02
3.951733E+02
2.542805E+02
1.959672E+02
2.436418E+02
3.456474E+02
2.929398E+02
1.959672E+02
0.000000E+00
1.493845E+02
2.546860E+02
4.130277E+02
1.493845E+02
8.037811E+02
6.119883E+02
3.557780E+02
2.964363E+02
6.126276E+02
3.951733E+02
3.480960E+02
3.514864E+02
1.959672E+02
1.542128E+02
5.035428E+02
4.129714E+02
7.143175E+02
3.070796E+02
4.529230E+02
3.437420E+02
3.998283E+02
3.537696E+02
1.493845E+02
1.493845E+02
2.436418E+02
2.494847E+02
4.640362E+02
1.493845E+02
2.014859E+02
1.374450E+03
5.146416E+02
5.507816E+02
8.621110E+02
1.070458E+03
6.588989E+02
5.040718E+02
9.120953E+02
2.007128E+02
5.630649E+02
4.986775E+02
1.116397E+03
1.959672E+02
1.986826E+02
1.629584E+03
4.598131E+02
3.454467E+02
2.011983E+02
4.036758E+02
7.635999E+02
3.079959E+02
1.988234E+02
2.021791E+02
2.475180E+02
2.518410E+02
9.425726E+01
4.613817E+02
5.181376E+01
4.658265E+01
1.993356E+02
1.486753E+02
2.590190E+02
5.250691E+01
3.032195E+02
4.658265E+01
4.658265E+01
9.425726E+01
3.997121E+02
0.000000E+00
5.052591E+01
4.658265E+01
2.457888E+02
1.048960E+02
4.658265E+01
9.425726E+01
1.962629E+02
1.435553E+02
4.658265E+01
1.493845E+02
0.000000E+00
1.053015E+02
3.595758E+02
0.000000E+00
6.543966E+02
4.626038E+02
3.023261E+02
1.470518E+02
4.632431E+02
2.457888E+02
1.987115E+02
2.021019E+02
4.658265E+01
1.007609E+02
3.541583E+02
3.595194E+02
5.649330E+02
2.536276E+02
3.035385E+02
1.943575E+02
2.504438E+02
2.043851E+02
0.000000E+00
0.000000E+00
9.425726E+01
1.001002E+02
3.146517E+02
0.000000E+00
5.210144E+01
1.225066E+03
3.652571E+02
4.013971E+02
7.127265E+02
9.210737E+02
5.095145E+02
3.546873E+02
7.627108E+02
5.132825E+01
4.136804E+02
3.492930E+02
9.670124E+02
4.658265E+01
4.929808E+01
1.480199E+03
3.104286E+02
1.960623E+02
5.181376E+01
3.502238E+02
6.142154E+02
3.543898E+02
4.943886E+01
5.279459E+01
3.528195E+02
3.571425E+02
1.995588E+02
5.666832E+02
1.571153E+02
1.518842E+02
3.046371E+02
2.539768E+02
3.643205E+02
1.578084E+02
4.085210E+02
1.518842E+02
1.518842E+02
1.995588E+02
5.050136E+02
1.053015E+02
1.558274E+02
1.518842E+02
3.510903E+02
2.101975E+02
1.518842E+02
1.995588E+02
3.015644E+02
2.488568E+02
1.518842E+02
2.546860E+02
1.053015E+02
0.000000E+00
4.648773E+02
1.053015E+02
7.596981E+02
5.679053E+02
4.076276E+02
2.523533E+02
5.685446E+02
3.510903E+02
3.040130E+02
3.074034E+02
1.518842E+02
2.060624E+02
4.594598E+02
4.648209E+02
6.702345E+02
3.589291E+02
4.088400E+02
2.996590E+02
3.557453E+02
3.096866E+02
1.053015E+02
1.053015E+02
1.995588E+02
2.054017E+02
4.199532E+02
1.053015E+02
1.574029E+02
1.330367E+03
4.705586E+02
5.066986E+02
8.180280E+02
1.026375E+03
6.148160E+02
4.599888E+02
8.680123E+02
1.566298E+02
5.189819E+02
4.545945E+02
1.072314E+03
1.518842E+02
1.545996E+02
1.585501E+03
4.157301E+02
3.013638E+02
1.571153E+02
4.555253E+02
7.195169E+02
4.596913E+02
1.547404E+02
1.580961E+02
5.111612E+02
6.114167E+02
4.538330E+02
8.209575E+02
4.113895E+02
4.061584E+02
5.589114E+02
5.082511E+02
6.185948E+02
4.120827E+02
5.668627E+02
4.061584E+02
4.061584E+02
4.538330E+02
7.592878E+02
3.595758E+02
4.101017E+02
4.061584E+02
6.053646E+02
4.644718E+02
4.061584E+02
4.538330E+02
5.558387E+02
5.031311E+02
4.061584E+02
4.130277E+02
3.595758E+02
4.648773E+02
0.000000E+00
3.595758E+02
1.013972E+03
8.221796E+02
5.659693E+02
5.066276E+02
8.228189E+02
6.053646E+02
5.582872E+02
5.616777E+02
4.061584E+02
3.644041E+02
7.137341E+02
6.231626E+02
9.245088E+02
4.164159E+02
6.631143E+02
5.539333E+02
6.100196E+02
5.639608E+02
3.595758E+02
3.595758E+02
4.538330E+02
4.596760E+02
6.742275E+02
3.595758E+02
4.116772E+02
1.584642E+03
7.248328E+02
7.609729E+02
1.072302E+03
1.280649E+03
8.690902E+02
7.142631E+02
1.122287E+03
4.109040E+02
7.732561E+02
7.088687E+02
1.326588E+03
4.061584E+02
4.088738E+02
1.839775E+03
6.700043E+02
5.556380E+02
4.113895E+02
6.138671E+02
9.737912E+02
6.180330E+02
4.090146E+02
4.123704E+02
2.475180E+02
2.518410E+02
9.425726E+01
4.613817E+02
5.181376E+01
4.658265E+01
1.993356E+02
1.486753E+02
2.590190E+02
5.250691E+01
3.032195E+02
4.658265E+01
4.658265E+01
9.425726E+01
3.997121E+02
0.000000E+00
5.052591E+01
4.658265E+01
2.457888E+02
1.048960E+02
4.658265E+01
9.425726E+01
1.962629E+02
1.435553E+02
4.658265E+01
1.493845E+02
0.000000E+00
1.053015E+02
3.595758E+02
0.000000E+00
6.543966E+02
4.626038E+02
3.023261E+02
1.470518E+02
4.632431E+02
2.457888E+02
1.987115E+02
2.021019E+02
4.658265E+01
1.007609E+02
3.541583E+02
3.595194E+02
5.649330E+02
2.536276E+02
3.035385E+02
1.943575E+02
2.504438E+02
2.043851E+02
0.000000E+00
0.000000E+00
9.425726E+01
1.001002E+02
3.146517E+02
0.000000E+00
5.210144E+01
1.225066E+03
3.652571E+02
4.013971E+02
7.127265E+02
9.210737E+02
5.095145E+02
3.546873E+02
7.627108E+02
5.132825E+01
4.136804E+02
3.492930E+02
9.670124E+02
4.658265E+01
4.929808E+01
1.480199E+03
3.104286E+02
1.960623E+02
5.181376E+01
3.502238E+02
6.142154E+02
3.543898E+02
4.943886E+01
5.279459E+01
9.019146E+02
7.109642E+02
5.601393E+02
9.205049E+02
7.062104E+02
6.078139E+02
6.652177E+02
7.099066E+02
9.134156E+02
7.069035E+02
8.608403E+02
6.078139E+02
6.078139E+02
5.601393E+02
8.655942E+02
6.543966E+02
7.049225E+02
6.078139E+02
7.116709E+02
7.592926E+02
6.078139E+02
5.601393E+02
6.621450E+02
6.094374E+02
6.078139E+02
8.037811E+02
6.543966E+02
7.596981E+02
1.013972E+03
6.543966E+02
0.000000E+00
9.165446E+02
8.635574E+02
6.129339E+02
1.117640E+03
7.116709E+02
6.645935E+02
8.564985E+02
6.078139E+02
7.551575E+02
8.200404E+02
1.013916E+03
1.120151E+03
9.080242E+02
7.694206E+02
6.602396E+02
7.163259E+02
8.587817E+02
6.543966E+02
6.543966E+02
5.601393E+02
7.544968E+02
9.690483E+02
6.543966E+02
7.064980E+02
1.395733E+03
9.184589E+02
8.672792E+02
1.367123E+03
1.288458E+03
9.753965E+02
7.173881E+02
1.030622E+03
7.057249E+02
1.068077E+03
7.159968E+02
1.236940E+03
6.078139E+02
7.036947E+02
1.638878E+03
9.648252E+02
6.619443E+02
7.062104E+02
8.161059E+02
1.080098E+03
1.008786E+03
7.038355E+02
7.071912E+02
7.101218E+02
7.144448E+02
5.568611E+02
8.205936E+02
5.144176E+02
5.091865E+02
6.619394E+02
6.112792E+02
7.216229E+02
5.151107E+02
7.658233E+02
5.091865E+02
5.091865E+02
5.568611E+02
8.623159E+02
4.626038E+02
5.131297E+02
5.091865E+02
7.083926E+02
5.674999E+02
5.091865E+02
5.568611E+02
6.588667E+02
6.061592E+02
5.091865E+02
6.119883E+02
4.626038E+02
5.679053E+02
8.221796E+02
4.626038E+02
9.165446E+02
0.000000E+00
7.649299E+02
6.096557E+02
9.258470E+02
7.083926E+02
6.613153E+02
6.647058E+02
5.091865E+02
5.633647E+02
8.167622E+02
8.221232E+02
1.027537E+03
7.162315E+02
7.661423E+02
6.569613E+02
7.130476E+02
6.669889E+02
4.626038E+02
4.626038E+02
5.568611E+02
5.627041E+02
7.772556E+02
4.626038E+02
5.147053E+02
1.588409E+03
7.266662E+02
8.640010E+02
1.175330E+03
1.383678E+03
9.721183E+02
8.172911E+02
1.021129E+03
5.139321E+02
8.762842E+02
8.118968E+02
1.429616E+03
5.091865E+02
5.119019E+02
1.639403E+03
7.730324E+02
6.586661E+02
5.144176E+02
8.128277E+02
1.076819E+03
8.169936E+02
5.120427E+02
5.153984E+02
4.539115E+02
5.541671E+02
3.034180E+02
7.637078E+02
3.541399E+02
2.557434E+02
4.084964E+02
3.578361E+02
5.613451E+02
3.548330E+02
5.096130E+02
2.557434E+02
2.557434E+02
3.034180E+02
6.088729E+02
3.023261E+02
3.528520E+02
2.557434E+02
4.549496E+02
4.072221E+02
2.557434E+02
3.034180E+02
3.042290E+02
3.527161E+02
2.557434E+02
3.557780E+02
3.023261E+02
4.076276E+02
5.659693E+02
3.023261E+02
8.635574E+02
7.649299E+02
0.000000E+00
3.562126E+02
7.655692E+02
4.549496E+02
4.078723E+02
5.044280E+02
2.557434E+02
3.071544E+02
5.633191E+02
5.659130E+02
8.672591E+02
4.600212E+02
5.126993E+02
4.035183E+02
4.596046E+02
5.067112E+02
3.023261E+02
3.023261E+02
3.034180E+02
4.024263E+02
6.169778E+02
3.023261E+02
3.544275E+02
1.434227E+03
6.675832E+02
6.105579E+02
1.015053E+03
1.130234E+03
7.186752E+02
5.638481E+02
9.718716E+02
3.536544E+02
7.160065E+02
5.584538E+02
1.176173E+03
2.557434E+02
3.516242E+02
1.782525E+03
6.127547E+02
4.052230E+02
3.541399E+02
4.634521E+02
8.233762E+02
5.607833E+02
3.517650E+02
3.551207E+02
3.945698E+02
3.988928E+02
5.279459E+01
6.084336E+02
1.988656E+02
1.004692E+02
1.578729E+02
2.025619E+02
4.060709E+02
1.995588E+02
4.502713E+02
1.004692E+02
1.004692E+02
5.279459E+01
3.582494E+02
1.470518E+02
1.975778E+02
1.004692E+02
9.873694E+01
2.519479E+02
1.004692E+02
5.279459E+01
1.548003E+02
1.020927E+02
1.004692E+02
2.964363E+02
1.470518E+02
2.523533E+02
5.066276E+02
1.470518E+02
6.129339E+02
6.096557E+02
3.562126E+02
0.000000E+00
6.102950E+02
2.043261E+02
1.572488E+02
3.491538E+02
1.004692E+02
2.478127E+02
3.126957E+02
5.065713E+02
7.119848E+02
4.006795E+02
2.620758E+02
1.528948E+02
2.089811E+02
3.514369E+02
1.470518E+02
1.470518E+02
5.279459E+01
2.471521E+02
4.617036E+02
1.470518E+02
1.991533E+02
1.183603E+03
5.123089E+02
3.599345E+02
8.597783E+02
8.796110E+02
4.680518E+02
3.132246E+02
7.212482E+02
1.983801E+02
5.607322E+02
3.078303E+02
9.255497E+02
1.004692E+02
1.963499E+02
1.627251E+03
4.574804E+02
1.545996E+02
1.988656E+02
3.087612E+02
5.727528E+02
5.014416E+02
1.964907E+02
1.998464E+02
6.117881E+02
7.150841E+02
5.575004E+02
9.246248E+02
5.150569E+02
5.098258E+02
6.625787E+02
6.119185E+02
6.232892E+02
5.157500E+02
7.664626E+02
5.098258E+02
5.098258E+02
5.575004E+02
8.629552E+02
4.632431E+02
5.137690E+02
5.098258E+02
7.090319E+02
5.681392E+02
5.098258E+02
5.575004E+02
6.595061E+02
6.067985E+02
5.098258E+02
6.126276E+02
4.632431E+02
5.685446E+02
8.228189E+02
4.632431E+02
1.117640E+03
9.258470E+02
7.655692E+02
6.102950E+02
0.000000E+00
7.090319E+02
6.619546E+02
5.663721E+02
5.098258E+02
5.640040E+02
8.174015E+02
8.227626E+02
9.292032E+02
7.168708E+02
7.667816E+02
6.576006E+02
7.136869E+02
6.676282E+02
4.632431E+02
4.632431E+02
5.575004E+02
5.633434E+02
7.778949E+02
4.632431E+02
5.153446E+02
1.587900E+03
8.285002E+02
7.656673E+02
1.076997E+03
1.384317E+03
9.727576E+02
8.179304E+02
1.225954E+03
5.145714E+02
8.769235E+02
8.125361E+02
1.430256E+03
5.098258E+02
5.125412E+02
1.943442E+03
7.736717E+02
6.593054E+02
5.150569E+02
8.134670E+02
1.077459E+03
8.176329E+02
5.126820E+02
5.160377E+02
2.958329E+02
4.976297E+02
1.515315E+02
7.071705E+02
2.976026E+02
1.992061E+02
2.566099E+02
2.027026E+02
5.048078E+02
2.982957E+02
5.490083E+02
1.992061E+02
1.992061E+02
1.515315E+02
4.569864E+02
2.457888E+02
2.963147E+02
1.992061E+02
1.055892E+02
3.506848E+02
1.992061E+02
1.515315E+02
2.535372E+02
1.022334E+02
1.992061E+02
3.951733E+02
2.457888E+02
3.510903E+02
6.053646E+02
2.457888E+02
7.116709E+02
7.083926E+02
4.549496E+02
2.043261E+02
7.090319E+02
0.000000E+00
2.559857E+02
4.478907E+02
1.992061E+02
3.465497E+02
3.128364E+02
6.053082E+02
7.118441E+02
4.994164E+02
3.608128E+02
1.530356E+02
3.077181E+02
3.512961E+02
2.457888E+02
2.457888E+02
1.515315E+02
2.472929E+02
5.604405E+02
2.457888E+02
2.978902E+02
1.282340E+03
6.110459E+02
4.586714E+02
9.585153E+02
9.783480E+02
5.667887E+02
4.119616E+02
8.199851E+02
2.971170E+02
6.594692E+02
4.065673E+02
1.024287E+03
1.992061E+02
1.964907E+02
1.627110E+03
5.562174E+02
1.547404E+02
2.976026E+02
4.074981E+02
6.714897E+02
6.001785E+02
1.963499E+02
2.985834E+02
4.462294E+02
4.505524E+02
1.044542E+02
6.600932E+02
2.505252E+02
1.521288E+02
2.095326E+02
2.542215E+02
4.577305E+02
2.512184E+02
5.019309E+02
1.521288E+02
1.521288E+02
1.044542E+02
4.099090E+02
1.987115E+02
2.492374E+02
1.521288E+02
2.559857E+02
3.036075E+02
1.521288E+02
1.044542E+02
2.064599E+02
1.537523E+02
1.521288E+02
3.480960E+02
1.987115E+02
3.040130E+02
5.582872E+02
1.987115E+02
6.645935E+02
6.613153E+02
4.078723E+02
1.572488E+02
6.619546E+02
2.559857E+02
0.000000E+00
4.008134E+02
1.521288E+02
2.994723E+02
3.643553E+02
5.582309E+02
7.636445E+02
4.523391E+02
3.137354E+02
2.045544E+02
2.606408E+02
4.030965E+02
1.987115E+02
1.987115E+02
1.044542E+02
2.988117E+02
4.083494E+02
1.987115E+02
2.508129E+02
1.235263E+03
5.639685E+02
4.115941E+02
9.114379E+02
9.312706E+02
5.197114E+02
3.648842E+02
7.729078E+02
2.500397E+02
6.123918E+02
3.594899E+02
9.772093E+02
1.521288E+02
2.480095E+02
1.678911E+03
5.091400E+02
2.062592E+02
2.505252E+02
3.604208E+02
6.244124E+02
5.531012E+02
2.481503E+02
2.515061E+02
3.506469E+02
4.539429E+02
2.963592E+02
6.634837E+02
2.539157E+02
2.486846E+02
4.014376E+02
3.507773E+02
3.621480E+02
2.546088E+02
5.053214E+02
2.486846E+02
2.486846E+02
2.963592E+02
5.017700E+02
2.021019E+02
2.526278E+02
2.486846E+02
4.478907E+02
3.069980E+02
2.486846E+02
2.963592E+02
3.983649E+02
3.456573E+02
2.486846E+02
3.514864E+02
2.021019E+02
3.074034E+02
5.616777E+02
2.021019E+02
8.564985E+02
6.647058E+02
5.044280E+02
3.491538E+02
5.663721E+02
4.478907E+02
4.008134E+02
0.000000E+00
2.486846E+02
3.028628E+02
5.562603E+02
5.616214E+02
6.680620E+02
4.557296E+02
5.056404E+02
3.964594E+02
4.525457E+02
4.064870E+02
2.021019E+02
2.021019E+02
2.963592E+02
3.022022E+02
5.167537E+02
2.021019E+02
2.542034E+02
1.427168E+03
5.673590E+02
5.045261E+02
7.158114E+02
1.023003E+03
7.116164E+02
5.567892E+02
9.648128E+02
2.534302E+02
6.157823E+02
5.513949E+02
1.169114E+03
2.486846E+02
2.514000E+02
1.582128E+03
5.125305E+02
3.981642E+02
2.539157E+02
5.523258E+02
8.163174E+02
5.564917E+02
2.515408E+02
2.548965E+02
2.941006E+02
2.984236E+02
4.767460E+01
5.079644E+02
9.839642E+01
0.000000E+00
1.527530E+02
1.020927E+02
3.056017E+02
9.908956E+01
3.498021E+02
0.000000E+00
0.000000E+00
4.767460E+01
3.531294E+02
4.658265E+01
9.710856E+01
0.000000E+00
1.992061E+02
1.514787E+02
0.000000E+00
4.767460E+01
1.496803E+02
9.697269E+01
0.000000E+00
1.959672E+02
4.658265E+01
1.518842E+02
4.061584E+02
4.658265E+01
6.078139E+02
5.091865E+02
2.557434E+02
1.004692E+02
5.098258E+02
1.992061E+02
1.521288E+02
2.486846E+02
0.000000E+00
1.473435E+02
3.075757E+02
4.061021E+02
6.115156E+02
3.002103E+02
2.569558E+02
1.477748E+02
2.038612E+02
2.509677E+02
4.658265E+01
4.658265E+01
4.767460E+01
1.466829E+02
3.612344E+02
4.658265E+01
9.868410E+01
1.178483E+03
4.118397E+02
3.548145E+02
7.593091E+02
8.744910E+02
4.629318E+02
3.081046E+02
7.161282E+02
9.791091E+01
4.602630E+02
3.027103E+02
9.204297E+02
0.000000E+00
9.588074E+01
1.526782E+03
3.570112E+02
1.494796E+02
9.839642E+01
3.036412E+02
5.676328E+02
4.009724E+02
9.602151E+01
9.937725E+01
2.523463E+02
3.526018E+02
1.950181E+02
5.621426E+02
1.525746E+02
1.473435E+02
3.000965E+02
2.494362E+02
3.597799E+02
1.532678E+02
3.080478E+02
1.473435E+02
1.473435E+02
1.950181E+02
5.004729E+02
1.007609E+02
1.512868E+02
1.473435E+02
3.465497E+02
2.056569E+02
1.473435E+02
1.950181E+02
2.970238E+02
2.443162E+02
1.473435E+02
1.542128E+02
1.007609E+02
2.060624E+02
3.644041E+02
1.007609E+02
7.551575E+02
5.633647E+02
3.071544E+02
2.478127E+02
5.640040E+02
3.465497E+02
2.994723E+02
3.028628E+02
1.473435E+02
0.000000E+00
4.549192E+02
3.643477E+02
6.656939E+02
2.584560E+02
4.042994E+02
2.951184E+02
3.512047E+02
3.051459E+02
1.007609E+02
1.007609E+02
1.950181E+02
2.008611E+02
4.154126E+02
1.007609E+02
1.528623E+02
1.325827E+03
4.660179E+02
5.021580E+02
8.134873E+02
1.021835E+03
6.102753E+02
4.554482E+02
8.634717E+02
1.520891E+02
5.144412E+02
4.500538E+02
1.067773E+03
1.473435E+02
1.500590E+02
1.580960E+03
4.111894E+02
2.968231E+02
1.525746E+02
3.550522E+02
7.149763E+02
3.592181E+02
1.501997E+02
1.535555E+02
5.030801E+02
6.059993E+02
2.599011E+02
8.155401E+02
4.059721E+02
3.075757E+02
3.649794E+02
3.110722E+02
6.131774E+02
4.066653E+02
6.573778E+02
3.075757E+02
3.075757E+02
2.599011E+02
5.653559E+02
3.541583E+02
4.046843E+02
3.075757E+02
3.128364E+02
4.590544E+02
3.075757E+02
2.599011E+02
3.619067E+02
2.106030E+02
3.075757E+02
5.035428E+02
3.541583E+02
4.594598E+02
7.137341E+02
3.541583E+02
8.200404E+02
8.167622E+02
5.633191E+02
3.126957E+02
8.174015E+02
3.128364E+02
3.643553E+02
5.562603E+02
3.075757E+02
4.549192E+02
0.000000E+00
7.136778E+02
9.190913E+02
6.077860E+02
4.691823E+02
2.614052E+02
4.160876E+02
5.585434E+02
3.541583E+02
3.541583E+02
2.599011E+02
3.556624E+02
6.688101E+02
3.541583E+02
4.062598E+02
1.390710E+03
7.194154E+02
5.670410E+02
1.066885E+03
1.086718E+03
6.751583E+02
5.203311E+02
9.283546E+02
4.054866E+02
7.678387E+02
5.149368E+02
1.132656E+03
3.075757E+02
3.048603E+02
1.834358E+03
6.645869E+02
2.631099E+02
4.059721E+02
5.158677E+02
7.798592E+02
7.085481E+02
4.035972E+02
4.069529E+02
5.111048E+02
6.113604E+02
4.537767E+02
8.209011E+02
4.113332E+02
4.061021E+02
5.588550E+02
5.081948E+02
6.185385E+02
4.120263E+02
5.668064E+02
4.061021E+02
4.061021E+02
4.537767E+02
7.592315E+02
3.595194E+02
4.100453E+02
4.061021E+02
6.053082E+02
4.644155E+02
4.061021E+02
4.537767E+02
5.557823E+02
5.030748E+02
4.061021E+02
4.129714E+02
3.595194E+02
4.648209E+02
6.231626E+02
3.595194E+02
1.013916E+03
8.221232E+02
5.659130E+02
5.065713E+02
8.227626E+02
6.053082E+02
5.582309E+02
5.616214E+02
4.061021E+02
3.643477E+02
7.136778E+02
0.000000E+00
9.244524E+02
5.172145E+02
6.630579E+02
5.538769E+02
6.099632E+02
5.639045E+02
3.595194E+02
3.595194E+02
4.537767E+02
4.596197E+02
6.741712E+02
3.595194E+02
4.116209E+02
1.584585E+03
7.247765E+02
7.609166E+02
1.072246E+03
1.280593E+03
8.690339E+02
7.142067E+02
1.122230E+03
4.108477E+02
7.731998E+02
7.088124E+02
1.326532E+03
4.061021E+02
4.088175E+02
1.839719E+03
6.699480E+02
5.555817E+02
4.113332E+02
6.138107E+02
9.737348E+02
6.179766E+02
4.089583E+02
4.123140E+02
6.146003E+02
8.167739E+02
6.591902E+02
1.026315E+03
6.167468E+02
6.115156E+02
7.642686E+02
7.136083E+02
7.249791E+02
6.174399E+02
8.681525E+02
6.115156E+02
6.115156E+02
6.591902E+02
9.646451E+02
5.649330E+02
6.154589E+02
6.115156E+02
7.118441E+02
6.698290E+02
6.115156E+02
6.591902E+02
7.611959E+02
7.084883E+02
6.115156E+02
7.143175E+02
5.649330E+02
6.702345E+02
9.245088E+02
5.649330E+02
1.120151E+03
1.027537E+03
8.672591E+02
7.119848E+02
9.292032E+02
7.118441E+02
7.636445E+02
6.680620E+02
6.115156E+02
6.656939E+02
9.190913E+02
9.244524E+02
0.000000E+00
8.185606E+02
8.684715E+02
7.592905E+02
8.153768E+02
6.704403E+02
5.649330E+02
5.649330E+02
6.591902E+02
6.650332E+02
8.795847E+02
5.649330E+02
6.170344E+02
1.585807E+03
9.301901E+02
8.673572E+02
1.178686E+03
1.486007E+03
1.074447E+03
9.196203E+02
1.327644E+03
6.162612E+02
8.793803E+02
8.150477E+02
1.432767E+03
6.115156E+02
6.142311E+02
1.847076E+03
8.753616E+02
7.609952E+02
6.167468E+02
9.151568E+02
1.179148E+03
9.193227E+02
5.154941E+02
6.177276E+02
4.052130E+02
5.054686E+02
3.478849E+02
7.150094E+02
3.054414E+02
3.002103E+02
4.529633E+02
4.023030E+02
5.126467E+02
3.061345E+02
4.609146E+02
3.002103E+02
3.002103E+02
3.478849E+02
6.533397E+02
2.536276E+02
3.041535E+02
3.002103E+02
4.994164E+02
3.585237E+02
3.002103E+02
3.478849E+02
4.498906E+02
3.971830E+02
3.002103E+02
3.070796E+02
2.536276E+02
3.589291E+02
4.164159E+02
2.536276E+02
9.080242E+02
7.162315E+02
4.600212E+02
4.006795E+02
7.168708E+02
4.994164E+02
4.523391E+02
4.557296E+02
3.002103E+02
2.584560E+02
6.077860E+02
5.172145E+02
8.185606E+02
0.000000E+00
5.571661E+02
4.479851E+02
5.040714E+02
4.580127E+02
2.536276E+02
2.536276E+02
3.478849E+02
3.537279E+02
5.682794E+02
2.536276E+02
3.057291E+02
1.478693E+03
6.188847E+02
6.550248E+02
9.663541E+02
1.174701E+03
7.631421E+02
6.083149E+02
1.016338E+03
3.049559E+02
6.673080E+02
6.029206E+02
1.220640E+03
3.002103E+02
3.029257E+02
1.733827E+03
5.640562E+02
4.496899E+02
3.054414E+02
5.079189E+02
8.678431E+02
5.120848E+02
3.030665E+02
3.064222E+02
5.510565E+02
5.553795E+02
2.092812E+02
7.649202E+02
3.553523E+02
2.569558E+02
3.143596E+02
3.590485E+02
5.625575E+02
3.560454E+02
6.067580E+02
2.569558E+02
2.569558E+02
2.092812E+02
5.147361E+02
3.035385E+02
3.540644E+02
2.569558E+02
3.608128E+02
4.084345E+02
2.569558E+02
2.092812E+02
3.112869E+02
2.585793E+02
2.569558E+02
4.529230E+02
3.035385E+02
4.088400E+02
6.631143E+02
3.035385E+02
7.694206E+02
7.661423E+02
5.126993E+02
2.620758E+02
7.667816E+02
3.608128E+02
3.137354E+02
5.056404E+02
2.569558E+02
4.042994E+02
4.691823E+02
6.630579E+02
8.684715E+02
5.571661E+02
0.000000E+00
3.093815E+02
2.620758E+02
5.079236E+02
3.035385E+02
3.035385E+02
2.092812E+02
4.036387E+02
6.181902E+02
3.035385E+02
3.556399E+02
1.340090E+03
6.687956E+02
5.164211E+02
1.016265E+03
1.036098E+03
6.245384E+02
4.697113E+02
8.777348E+02
3.548668E+02
7.172189E+02
4.643170E+02
1.082036E+03
2.569558E+02
3.528366E+02
1.783738E+03
6.139671E+02
3.110862E+02
3.553523E+02
4.652478E+02
7.292394E+02
6.579283E+02
3.529774E+02
3.563331E+02
3.432793E+02
4.461985E+02
1.001002E+02
6.557392E+02
2.461713E+02
1.477748E+02
2.051786E+02
1.512714E+02
4.533765E+02
2.468644E+02
4.975770E+02
1.477748E+02
1.477748E+02
1.001002E+02
4.055551E+02
1.943575E+02
2.448834E+02
1.477748E+02
1.530356E+02
2.992535E+02
1.477748E+02
1.001002E+02
2.021059E+02
5.080216E+01
1.477748E+02
3.437420E+02
1.943575E+02
2.996590E+02
5.539333E+02
1.943575E+02
6.602396E+02
6.569613E+02
4.035183E+02
1.528948E+02
6.576006E+02
1.530356E+02
2.045544E+02
3.964594E+02
1.477748E+02
2.951184E+02
2.614052E+02
5.538769E+02
7.592905E+02
4.479851E+02
3.093815E+02
0.000000E+00
2.562868E+02
3.987426E+02
1.943575E+02
1.943575E+02
1.001002E+02
9.425726E+01
5.090092E+02
1.943575E+02
2.464589E+02
1.230909E+03
5.596146E+02
4.072401E+02
9.070840E+02
9.269167E+02
5.153574E+02
3.605303E+02
7.685538E+02
2.456858E+02
6.080379E+02
3.551360E+02
9.728554E+02
1.477748E+02
1.450594E+02
1.674557E+03
5.047861E+02
1.033091E+02
2.461713E+02
3.560668E+02
6.200584E+02
5.487473E+02
2.437964E+02
2.471521E+02
4.979618E+02
5.022848E+02
1.561865E+02
7.118255E+02
3.022576E+02
2.038612E+02
2.612649E+02
3.059538E+02
5.094629E+02
3.029507E+02
5.536633E+02
2.038612E+02
2.038612E+02
1.561865E+02
4.616414E+02
2.504438E+02
3.009697E+02
2.038612E+02
3.077181E+02
3.553398E+02
2.038612E+02
1.561865E+02
2.581922E+02
2.054846E+02
2.038612E+02
3.998283E+02
2.504438E+02
3.557453E+02
6.100196E+02
2.504438E+02
7.163259E+02
7.130476E+02
4.596046E+02
2.089811E+02
7.136869E+02
3.077181E+02
2.606408E+02
4.525457E+02
2.038612E+02
3.512047E+02
4.160876E+02
6.099632E+02
8.153768E+02
5.040714E+02
2.620758E+02
2.562868E+02
0.000000E+00
4.548289E+02
2.504438E+02
2.504438E+02
1.561865E+02
3.505441E+02
5.650955E+02
2.504438E+02
3.025453E+02
1.286995E+03
6.157009E+02
4.633264E+02
9.631703E+02
9.830030E+02
5.714437E+02
4.166166E+02
8.246401E+02
3.017721E+02
6.641242E+02
4.112223E+02
1.028942E+03
2.038612E+02
2.997419E+02
1.730643E+03
5.608724E+02
2.579915E+02
3.022576E+02
4.121531E+02
6.761447E+02
6.048336E+02
2.998827E+02
3.032384E+02
3.530253E+02
4.562260E+02
2.986423E+02
6.657668E+02
2.561988E+02
2.509677E+02
4.037207E+02
3.530604E+02
4.634041E+02
2.568920E+02
5.076045E+02
2.509677E+02
2.509677E+02
2.986423E+02
5.034214E+02
2.043851E+02
2.549110E+02
2.509677E+02
3.512961E+02
3.092811E+02
2.509677E+02
2.986423E+02
4.006480E+02
3.479404E+02
2.509677E+02
3.537696E+02
2.043851E+02
3.096866E+02
5.639608E+02
2.043851E+02
8.587817E+02
6.669889E+02
5.067112E+02
3.514369E+02
6.676282E+02
3.512961E+02
4.030965E+02
4.064870E+02
2.509677E+02
3.051459E+02
5.585434E+02
5.639045E+02
6.704403E+02
4.580127E+02
5.079236E+02
3.987426E+02
4.548289E+02
0.000000E+00
2.043851E+02
2.043851E+02
2.986423E+02
3.044853E+02
5.190368E+02
2.043851E+02
2.564865E+02
1.429451E+03
5.696421E+02
6.057822E+02
8.164358E+02
1.125459E+03
7.138995E+02
5.590724E+02
9.670959E+02
2.557133E+02
6.180654E+02
5.536780E+02
1.171397E+03
2.509677E+02
2.536831E+02
1.485031E+03
5.148136E+02
4.004473E+02
2.561988E+02
5.546089E+02
8.186005E+02
5.587748E+02
1.549462E+02
2.571797E+02
2.475180E+02
2.518410E+02
9.425726E+01
4.613817E+02
5.181376E+01
4.658265E+01
1.993356E+02
1.486753E+02
2.590190E+02
5.250691E+01
3.032195E+02
4.658265E+01
4.658265E+01
9.425726E+01
3.997121E+02
0.000000E+00
5.052591E+01
4.658265E+01
2.457888E+02
1.048960E+02
4.658265E+01
9.425726E+01
1.962629E+02
1.435553E+02
4.658265E+01
1.493845E+02
0.000000E+00
1.053015E+02
3.595758E+02
0.000000E+00
6.543966E+02
4.626038E+02
3.023261E+02
1.470518E+02
4.632431E+02
2.457888E+02
1.987115E+02
2.021019E+02
4.658265E+01
1.007609E+02
3.541583E+02
3.595194E+02
5.649330E+02
2.536276E+02
3.035385E+02
1.943575E+02
2.504438E+02
2.043851E+02
0.000000E+00
0.000000E+00
9.425726E+01
1.001002E+02
3.146517E+02
0.000000E+00
5.210144E+01
1.225066E+03
3.652571E+02
4.013971E+02
7.127265E+02
9.210737E+02
5.095145E+02
3.546873E+02
7.627108E+02
5.132825E+01
4.136804E+02
3.492930E+02
9.670124E+02
4.658265E+01
4.929808E+01
1.480199E+03
3.104286E+02
1.960623E+02
5.181376E+01
3.502238E+02
6.142154E+02
3.543898E+02
4.943886E+01
5.279459E+01
2.475180E+02
2.518410E+02
9.425726E+01
4.613817E+02
5.181376E+01
4.658265E+01
1.993356E+02
1.486753E+02
2.590190E+02
5.250691E+01
3.032195E+02
4.658265E+01
4.658265E+01
9.425726E+01
3.997121E+02
0.000000E+00
5.052591E+01
4.658265E+01
2.457888E+02
1.048960E+02
4.658265E+01
9.425726E+01
1.962629E+02
1.435553E+02
4.658265E+01
1.493845E+02
0.000000E+00
1.053015E+02
3.595758E+02
0.000000E+00
6.543966E+02
4.626038E+02
3.023261E+02
1.470518E+02
4.632431E+02
2.457888E+02
1.987115E+02
2.021019E+02
4.658265E+01
1.007609E+02
3.541583E+02
3.595194E+02
5.649330E+02
2.536276E+02
3.035385E+02
1.943575E+02
2.504438E+02
2.043851E+02
0.000000E+00
0.000000E+00
9.425726E+01
1.001002E+02
3.146517E+02
0.000000E+00
5.210144E+01
1.225066E+03
3.652571E+02
4.013971E+02
7.127265E+02
9.210737E+02
5.095145E+02
3.546873E+02
7.627108E+02
5.132825E+01
4.136804E+02
3.492930E+02
9.670124E+02
4.658265E+01
4.929808E+01
1.480199E+03
3.104286E+02
1.960623E+02
5.181376E+01
3.502238E+02
6.142154E+02
3.543898E+02
4.943886E+01
5.279459E+01
3.417752E+02
3.460982E+02
0.000000E+00
5.556390E+02
1.460710E+02
4.767460E+01
1.050784E+02
1.497673E+02
3.532763E+02
1.467642E+02
3.974767E+02
4.767460E+01
4.767460E+01
0.000000E+00
3.054548E+02
9.425726E+01
1.447832E+02
4.767460E+01
1.515315E+02
1.991533E+02
4.767460E+01
0.000000E+00
1.020057E+02
4.929808E+01
4.767460E+01
2.436418E+02
9.425726E+01
1.995588E+02
4.538330E+02
9.425726E+01
5.601393E+02
5.568611E+02
3.034180E+02
5.279459E+01
5.575004E+02
1.515315E+02
1.044542E+02
2.963592E+02
4.767460E+01
1.950181E+02
2.599011E+02
4.537767E+02
6.591902E+02
3.478849E+02
2.092812E+02
1.001002E+02
1.561865E+02
2.986423E+02
9.425726E+01
9.425726E+01
0.000000E+00
1.943575E+02
4.089090E+02
9.425726E+01
1.463587E+02
1.130809E+03
4.595143E+02
3.071399E+02
8.069837E+02
8.268164E+02
4.152572E+02
2.604300E+02
6.684536E+02
1.455855E+02
5.079376E+02
2.550357E+02
8.727551E+02
4.767460E+01
1.435553E+02
1.574457E+03
4.046858E+02
1.018050E+02
1.460710E+02
2.559666E+02
5.199582E+02
4.486470E+02
1.436961E+02
1.470518E+02
2.490220E+02
3.519412E+02
1.943575E+02
5.614820E+02
1.519140E+02
1.466829E+02
2.994359E+02
1.501794E+02
3.591193E+02
1.526072E+02
4.033197E+02
1.466829E+02
1.466829E+02
1.943575E+02
4.998123E+02
1.001002E+02
1.506262E+02
1.466829E+02
2.472929E+02
2.049963E+02
1.466829E+02
1.943575E+02
2.963632E+02
1.450594E+02
1.466829E+02
2.494847E+02
1.001002E+02
2.054017E+02
4.596760E+02
1.001002E+02
7.544968E+02
5.627041E+02
4.024263E+02
2.471521E+02
5.633434E+02
2.472929E+02
2.988117E+02
3.022022E+02
1.466829E+02
2.008611E+02
3.556624E+02
4.596197E+02
6.650332E+02
3.537279E+02
4.036387E+02
9.425726E+01
3.505441E+02
3.044853E+02
1.001002E+02
1.001002E+02
1.943575E+02
0.000000E+00
4.147520E+02
1.001002E+02
1.522017E+02
1.325166E+03
4.653573E+02
5.014974E+02
8.128267E+02
1.021174E+03
6.096147E+02
4.547875E+02
8.628111E+02
1.514285E+02
5.137806E+02
4.493932E+02
1.067113E+03
1.466829E+02
5.080216E+01
1.580300E+03
4.105288E+02
1.975663E+02
1.519140E+02
4.503241E+02
7.143157E+02
4.544900E+02
1.495391E+02
1.528948E+02
5.621697E+02
5.664927E+02
4.089090E+02
7.760335E+02
3.664655E+02
3.612344E+02
5.139874E+02
4.633271E+02
5.736708E+02
3.671586E+02
6.178712E+02
3.612344E+02
3.612344E+02
4.089090E+02
7.143638E+02
3.146517E+02
3.651776E+02
3.612344E+02
5.604405E+02
4.195478E+02
3.612344E+02
4.089090E+02
5.109147E+02
4.582071E+02
3.612344E+02
4.640362E+02
3.146517E+02
4.199532E+02
6.742275E+02
3.146517E+02
9.690483E+02
7.772556E+02
6.169778E+02
4.617036E+02
7.778949E+02
5.604405E+02
4.083494E+02
5.167537E+02
3.612344E+02
4.154126E+02
6.688101E+02
6.741712E+02
8.795847E+02
5.682794E+02
6.181902E+02
5.090092E+02
5.650955E+02
5.190368E+02
3.146517E+02
3.146517E+02
4.089090E+02
4.147520E+02
0.000000E+00
3.146517E+02
3.667532E+02
1.539718E+03
6.799088E+02
7.160489E+02
1.027378E+03
1.235725E+03
8.241662E+02
6.693390E+02
1.077363E+03
3.659800E+02
7.283321E+02
6.639447E+02
1.281664E+03
3.612344E+02
3.639498E+02
1.794851E+03
6.250803E+02
5.107140E+02
3.664655E+02
6.648756E+02
9.288672E+02
6.690415E+02
3.640906E+02
3.674463E+02
2.475180E+02
2.518410E+02
9.425726E+01
4.613817E+02
5.181376E+01
4.658265E+01
1.993356E+02
1.486753E+02
2.590190E+02
5.250691E+01
3.032195E+02
4.658265E+01
4.658265E+01
9.425726E+01
3.997121E+02
0.000000E+00
5.052591E+01
4.658265E+01
2.457888E+02
1.048960E+02
4.658265E+01
9.425726E+01
1.962629E+02
1.435553E+02
4.658265E+01
1.493845E+02
0.000000E+00
1.053015E+02
3.595758E+02
0.000000E+00
6.543966E+02
4.626038E+02
3.023261E+02
1.470518E+02
4.632431E+02
2.457888E+02
1.987115E+02
2.021019E+02
4.658265E+01
1.007609E+02
3.541583E+02
3.595194E+02
5.649330E+02
2.536276E+02
3.035385E+02
1.943575E+02
2.504438E+02
2.043851E+02
0.000000E+00
0.000000E+00
9.425726E+01
1.001002E+02
3.146517E+02
0.000000E+00
5.210144E+01
1.225066E+03
3.652571E+02
4.013971E+02
7.127265E+02
9.210737E+02
5.095145E+02
3.546873E+02
7.627108E+02
5.132825E+01
4.136804E+02
3.492930E+02
9.670124E+02
4.658265E+01
4.929808E+01
1.480199E+03
3.104286E+02
1.960623E+02
5.181376E+01
3.502238E+02
6.142154E+02
3.543898E+02
4.943886E+01
5.279459E+01
2.996194E+02
3.039424E+02
1.463587E+02
5.134832E+02
1.039152E+02
9.868410E+01
2.514371E+02
2.007768E+02
3.111205E+02
1.046084E+02
3.553209E+02
9.868410E+01
9.868410E+01
1.463587E+02
4.518135E+02
5.210144E+01
1.026274E+02
9.868410E+01
2.978902E+02
1.569975E+02
9.868410E+01
1.463587E+02
2.483644E+02
1.956568E+02
9.868410E+01
2.014859E+02
5.210144E+01
1.574029E+02
4.116772E+02
5.210144E+01
7.064980E+02
5.147053E+02
3.544275E+02
1.991533E+02
5.153446E+02
2.978902E+02
2.508129E+02
2.542034E+02
9.868410E+01
1.528623E+02
4.062598E+02
4.116209E+02
6.170344E+02
3.057291E+02
3.556399E+02
2.464589E+02
3.025453E+02
2.564865E+02
5.210144E+01
5.210144E+01
1.463587E+02
1.522017E+02
3.667532E+02
5.210144E+01
0.000000E+00
1.277167E+03
4.173585E+02
4.534986E+02
7.648279E+02
9.731751E+02
5.616159E+02
4.067887E+02
8.148123E+02
1.034297E+02
4.657818E+02
4.013944E+02
1.019114E+03
9.868410E+01
1.013995E+02
1.532301E+03
3.625300E+02
2.481637E+02
1.039152E+02
4.023253E+02
6.663169E+02
3.022883E+02
1.015403E+02
1.048960E+02
1.472584E+03
1.380131E+03
1.130809E+03
1.589672E+03
1.276880E+03
1.178483E+03
1.235887E+03
1.280576E+03
1.484085E+03
1.277573E+03
1.431510E+03
1.178483E+03
1.178483E+03
1.130809E+03
1.436263E+03
1.225066E+03
1.275592E+03
1.178483E+03
1.282340E+03
1.329962E+03
1.178483E+03
1.130809E+03
1.232814E+03
1.180107E+03
1.178483E+03
1.374450E+03
1.225066E+03
1.330367E+03
1.584642E+03
1.225066E+03
1.395733E+03
1.588409E+03
1.434227E+03
1.183603E+03
1.587900E+03
1.282340E+03
1.235263E+03
1.427168E+03
1.178483E+03
1.325827E+03
1.390710E+03
1.584585E+03
1.585807E+03
1.478693E+03
1.340090E+03
1.230909E+03
1.286995E+03
1.429451E+03
1.225066E+03
1.225066E+03
1.130809E+03
1.325166E+03
1.539718E+03
1.225066E+03
1.277167E+03
0.000000E+00
1.590323E+03
1.437948E+03
1.937792E+03
1.957625E+03
1.546066E+03
1.391239E+03
1.600589E+03
1.276394E+03
1.538900E+03
1.185990E+03
1.606050E+03
1.178483E+03
1.274364E+03
2.410050E+03
1.535494E+03
1.232614E+03
1.276880E+03
1.386775E+03
1.450773E+03
1.479610E+03
1.274505E+03
1.277860E+03
6.127750E+02
6.170980E+02
4.595143E+02
8.266388E+02
4.170708E+02
4.118397E+02
5.645927E+02
5.139324E+02
6.242761E+02
4.177640E+02
6.684766E+02
4.118397E+02
4.118397E+02
4.595143E+02
7.649692E+02
3.652571E+02
4.157830E+02
4.118397E+02
6.110459E+02
4.701531E+02
4.118397E+02
4.595143E+02
5.615200E+02
5.088124E+02
4.118397E+02
5.146416E+02
3.652571E+02
4.705586E+02
7.248328E+02
3.652571E+02
9.184589E+02
7.266662E+02
6.675832E+02
5.123089E+02
8.285002E+02
6.110459E+02
5.639685E+02
5.673590E+02
4.118397E+02
4.660179E+02
7.194154E+02
7.247765E+02
9.301901E+02
6.188847E+02
6.687956E+02
5.596146E+02
6.157009E+02
5.696421E+02
3.652571E+02
3.652571E+02
4.595143E+02
4.653573E+02
6.799088E+02
3.652571E+02
4.173585E+02
1.590323E+03
0.000000E+00
7.666542E+02
1.077984E+03
1.286331E+03
8.747715E+02
7.199444E+02
1.026773E+03
4.165853E+02
7.789374E+02
7.145501E+02
1.332269E+03
4.118397E+02
4.145552E+02
1.845456E+03
6.756856E+02
5.613193E+02
4.170708E+02
7.154809E+02
9.794725E+02
7.196468E+02
4.146959E+02
4.180517E+02
5.499421E+02
5.529270E+02
3.071399E+02
8.627788E+02
4.532109E+02
3.548145E+02
4.122182E+02
4.569072E+02
5.614432E+02
4.539040E+02
7.046166E+02
3.548145E+02
3.548145E+02
3.071399E+02
6.125947E+02
4.013971E+02
4.519230E+02
3.548145E+02
4.586714E+02
5.062932E+02
3.548145E+02
3.071399E+02
4.091455E+02
3.564380E+02
3.548145E+02
5.507816E+02
4.013971E+02
5.066986E+02
7.609729E+02
4.013971E+02
8.672792E+02
8.640010E+02
6.105579E+02
3.599345E+02
7.656673E+02
4.586714E+02
4.115941E+02
5.045261E+02
3.548145E+02
5.021580E+02
5.670410E+02
7.609166E+02
8.673572E+02
6.550248E+02
5.164211E+02
4.072401E+02
4.633264E+02
6.057822E+02
4.013971E+02
4.013971E+02
3.071399E+02
5.014974E+02
7.160489E+02
4.013971E+02
4.534986E+02
1.437948E+03
7.666542E+02
0.000000E+00
9.148396E+02
1.133956E+03
7.223971E+02
5.675699E+02
9.755934E+02
4.527254E+02
8.150775E+02
5.621756E+02
1.179895E+03
3.548145E+02
4.506952E+02
1.577468E+03
6.115146E+02
4.089449E+02
4.532109E+02
5.631065E+02
8.270980E+02
6.554758E+02
4.508360E+02
4.541917E+02
8.612715E+02
8.642564E+02
8.069837E+02
1.174108E+03
7.645402E+02
7.593091E+02
9.120621E+02
8.614018E+02
8.727725E+02
7.652334E+02
1.015946E+03
7.593091E+02
7.593091E+02
8.069837E+02
8.102885E+02
7.127265E+02
7.632524E+02
7.593091E+02
9.585153E+02
8.176225E+02
7.593091E+02
8.069837E+02
9.089894E+02
8.562818E+02
7.593091E+02
8.621110E+02
7.127265E+02
8.180280E+02
1.072302E+03
7.127265E+02
1.367123E+03
1.175330E+03
1.015053E+03
8.597783E+02
1.076997E+03
9.585153E+02
9.114379E+02
7.158114E+02
7.593091E+02
8.134873E+02
1.066885E+03
1.072246E+03
1.178686E+03
9.663541E+02
1.016265E+03
9.070840E+02
9.631703E+02
8.164358E+02
7.127265E+02
7.127265E+02
8.069837E+02
8.128267E+02
1.027378E+03
7.127265E+02
7.648279E+02
1.937792E+03
1.077984E+03
9.148396E+02
0.000000E+00
1.633800E+03
1.222241E+03
1.067414E+03
1.475437E+03
7.640547E+02
1.126407E+03
1.062019E+03
1.679739E+03
7.593091E+02
7.620245E+02
1.890509E+03
9.228440E+02
9.087887E+02
7.645402E+02
1.062950E+03
1.326942E+03
9.668051E+02
7.621653E+02
7.655211E+02
1.168592E+03
1.074417E+03
8.268164E+02
1.283958E+03
8.692599E+02
8.744910E+02
9.318948E+02
9.765837E+02
1.180093E+03
9.735806E+02
1.224293E+03
8.744910E+02
8.744910E+02
8.268164E+02
1.132271E+03
9.210737E+02
9.715996E+02
8.744910E+02
9.783480E+02
1.025970E+03
8.744910E+02
8.268164E+02
9.288221E+02
8.761145E+02
8.744910E+02
1.070458E+03
9.210737E+02
1.026375E+03
1.280649E+03
9.210737E+02
1.288458E+03
1.383678E+03
1.130234E+03
8.796110E+02
1.384317E+03
9.783480E+02
9.312706E+02
1.023003E+03
8.744910E+02
1.021835E+03
1.086718E+03
1.280593E+03
1.486007E+03
1.174701E+03
1.036098E+03
9.269167E+02
9.830030E+02
1.125459E+03
9.210737E+02
9.210737E+02
8.268164E+02
1.021174E+03
1.235725E+03
9.210737E+02
9.731751E+02
1.957625E+03
1.286331E+03
1.133956E+03
1.633800E+03
0.000000E+00
1.139954E+03
1.087246E+03
1.393150E+03
9.724020E+02
1.334754E+03
1.081852E+03
1.600253E+03
8.744910E+02
9.703718E+02
2.202602E+03
1.231502E+03
9.286214E+02
9.728875E+02
1.082783E+03
1.346775E+03
1.275463E+03
9.705126E+02
9.738683E+02
7.570324E+02
7.613554E+02
4.152572E+02
9.708962E+02
5.613282E+02
4.629318E+02
5.203356E+02
5.650245E+02
7.685335E+02
5.620214E+02
8.127339E+02
4.629318E+02
4.629318E+02
4.152572E+02
6.201474E+02
5.095145E+02
5.600404E+02
4.629318E+02
5.667887E+02
6.144105E+02
4.629318E+02
4.152572E+02
5.172629E+02
4.645553E+02
4.629318E+02
6.588989E+02
5.095145E+02
6.148160E+02
8.690902E+02
5.095145E+02
9.753965E+02
9.721183E+02
7.186752E+02
4.680518E+02
9.727576E+02
5.667887E+02
5.197114E+02
7.116164E+02
4.629318E+02
6.102753E+02
6.751583E+02
8.690339E+02
1.074447E+03
7.631421E+02
6.245384E+02
5.153574E+02
5.714437E+02
7.138995E+02
5.095145E+02
5.095145E+02
4.152572E+02
6.096147E+02
8.241662E+02
5.095145E+02
5.616159E+02
1.546066E+03
8.747715E+02
7.223971E+02
1.222241E+03
1.139954E+03
0.000000E+00
6.756872E+02
9.815908E+02
5.608427E+02
9.231948E+02
6.702929E+02
1.288012E+03
4.629318E+02
5.588125E+02
1.889149E+03
8.199430E+02
5.170622E+02
5.613282E+02
6.712238E+02
9.352154E+02
8.639042E+02
5.589533E+02
5.623090E+02
6.022052E+02
6.065282E+02
2.604300E+02
8.160690E+02
4.065011E+02
3.081046E+02
3.655084E+02
4.101973E+02
6.137063E+02
4.071942E+02
6.579068E+02
3.081046E+02
3.081046E+02
2.604300E+02
5.658849E+02
3.546873E+02
4.052132E+02
3.081046E+02
4.119616E+02
4.595833E+02
3.081046E+02
2.604300E+02
3.624357E+02
3.097281E+02
3.081046E+02
5.040718E+02
3.546873E+02
4.599888E+02
7.142631E+02
3.546873E+02
7.173881E+02
8.172911E+02
5.638481E+02
3.132246E+02
8.179304E+02
4.119616E+02
3.648842E+02
5.567892E+02
3.081046E+02
4.554482E+02
5.203311E+02
7.142067E+02
9.196203E+02
6.083149E+02
4.697113E+02
3.605303E+02
4.166166E+02
5.590724E+02
3.546873E+02
3.546873E+02
2.604300E+02
4.547875E+02
6.693390E+02
3.546873E+02
4.067887E+02
1.391239E+03
7.199444E+02
5.675699E+02
1.067414E+03
1.087246E+03
6.756872E+02
0.000000E+00
9.288836E+02
4.060155E+02
7.683677E+02
5.154658E+02
1.133185E+03
3.081046E+02
4.039854E+02
1.834887E+03
6.651159E+02
3.622350E+02
4.065011E+02
5.163966E+02
7.803882E+02
7.090770E+02
4.041261E+02
4.074819E+02
1.010229E+03
9.177760E+02
6.684536E+02
1.127317E+03
8.145246E+02
7.161282E+02
7.735319E+02
8.182208E+02
1.021730E+03
8.152177E+02
9.691546E+02
7.161282E+02
7.161282E+02
6.684536E+02
9.739084E+02
7.627108E+02
8.132367E+02
7.161282E+02
8.199851E+02
8.676069E+02
7.161282E+02
6.684536E+02
7.704592E+02
7.177516E+02
7.161282E+02
9.120953E+02
7.627108E+02
8.680123E+02
1.122287E+03
7.627108E+02
1.030622E+03
1.021129E+03
9.718716E+02
7.212482E+02
1.225954E+03
8.199851E+02
7.729078E+02
9.648128E+02
7.161282E+02
8.634717E+02
9.283546E+02
1.122230E+03
1.327644E+03
1.016338E+03
8.777348E+02
7.685538E+02
8.246401E+02
9.670959E+02
7.627108E+02
7.627108E+02
6.684536E+02
8.628111E+02
1.077363E+03
7.627108E+02
8.148123E+02
1.600589E+03
1.026773E+03
9.755934E+02
1.475437E+03
1.393150E+03
9.815908E+02
9.288836E+02
0.000000E+00
8.140391E+02
1.176391E+03
9.234893E+02
1.444433E+03
7.161282E+02
8.120089E+02
2.146134E+03
1.073139E+03
7.702586E+02
8.145246E+02
9.244201E+02
1.188412E+03
1.117101E+03
8.121497E+02
8.155054E+02
1.961897E+02
3.031692E+02
1.455855E+02
5.127100E+02
1.031420E+02
9.791091E+01
2.506639E+02
2.000036E+02
3.103473E+02
1.038352E+02
3.545477E+02
9.791091E+01
9.791091E+01
1.455855E+02
4.510403E+02
5.132825E+01
1.018542E+02
9.791091E+01
2.971170E+02
1.562243E+02
9.791091E+01
1.455855E+02
2.475912E+02
1.948836E+02
9.791091E+01
2.007128E+02
5.132825E+01
1.566298E+02
4.109040E+02
5.132825E+01
7.057249E+02
5.139321E+02
3.536544E+02
1.983801E+02
5.145714E+02
2.971170E+02
2.500397E+02
2.534302E+02
9.791091E+01
1.520891E+02
4.054866E+02
4.108477E+02
6.162612E+02
3.049559E+02
3.548668E+02
2.456858E+02
3.017721E+02
2.557133E+02
5.132825E+01
5.132825E+01
1.455855E+02
1.514285E+02
3.659800E+02
5.132825E+01
1.034297E+02
1.276394E+03
4.165853E+02
4.527254E+02
7.640547E+02
9.724020E+02
5.608427E+02
4.060155E+02
8.140391E+02
0.000000E+00
4.650086E+02
4.006212E+02
1.018341E+03
9.791091E+01
1.006263E+02
1.531528E+03
3.617568E+02
2.473905E+02
1.031420E+02
4.015521E+02
6.655437E+02
4.057180E+02
1.007671E+02
1.041228E+02
6.611983E+02
6.655213E+02
5.079376E+02
8.750621E+02
4.654941E+02
4.602630E+02
6.130160E+02
5.623557E+02
6.726994E+02
4.661873E+02
7.168998E+02
4.602630E+02
4.602630E+02
5.079376E+02
8.133924E+02
4.136804E+02
4.642063E+02
4.602630E+02
6.594692E+02
5.185764E+02
4.602630E+02
5.079376E+02
6.099433E+02
5.572357E+02
4.602630E+02
5.630649E+02
4.136804E+02
5.189819E+02
7.732561E+02
4.136804E+02
1.068077E+03
8.762842E+02
7.160065E+02
5.607322E+02
8.769235E+02
6.594692E+02
6.123918E+02
6.157823E+02
4.602630E+02
5.144412E+02
7.678387E+02
7.731998E+02
8.793803E+02
6.673080E+02
7.172189E+02
6.080379E+02
6.641242E+02
6.180654E+02
4.136804E+02
4.136804E+02
5.079376E+02
5.137806E+02
7.283321E+02
4.136804E+02
4.657818E+02
1.538900E+03
7.789374E+02
8.150775E+02
1.126407E+03
1.334754E+03
9.231948E+02
7.683677E+02
1.176391E+03
4.650086E+02
0.000000E+00
7.629733E+02
1.380693E+03
4.602630E+02
4.629784E+02
1.893880E+03
7.241089E+02
6.097426E+02
4.654941E+02
7.639042E+02
1.027896E+03
6.682243E+02
4.631192E+02
4.664750E+02
5.968109E+02
6.011339E+02
2.550357E+02
7.081664E+02
4.011067E+02
3.027103E+02
3.601141E+02
4.048030E+02
6.083120E+02
4.017999E+02
6.525125E+02
3.027103E+02
3.027103E+02
2.550357E+02
5.604905E+02
3.492930E+02
3.998189E+02
3.027103E+02
4.065673E+02
4.541890E+02
3.027103E+02
2.550357E+02
3.570414E+02
3.043338E+02
3.027103E+02
4.986775E+02
3.492930E+02
4.545945E+02
7.088687E+02
3.492930E+02
7.159968E+02
8.118968E+02
5.584538E+02
3.078303E+02
8.125361E+02
4.065673E+02
3.594899E+02
5.513949E+02
3.027103E+02
4.500538E+02
5.149368E+02
7.088124E+02
8.150477E+02
6.029206E+02
4.643170E+02
3.551360E+02
4.112223E+02
5.536780E+02
3.492930E+02
3.492930E+02
2.550357E+02
4.493932E+02
6.639447E+02
3.492930E+02
4.013944E+02
1.185990E+03
7.145501E+02
5.621756E+02
1.062019E+03
1.081852E+03
6.702929E+02
5.154658E+02
9.234893E+02
4.006212E+02
7.629733E+02
0.000000E+00
1.028613E+03
3.027103E+02
3.985911E+02
1.628194E+03
6.597215E+02
3.568407E+02
4.011067E+02
5.110023E+02
6.743182E+02
7.036827E+02
3.987318E+02
4.020876E+02
1.214530E+03
1.122078E+03
8.727551E+02
1.331618E+03
1.018826E+03
9.204297E+02
9.778335E+02
1.022522E+03
1.226031E+03
1.019519E+03
1.073412E+03
9.204297E+02
9.204297E+02
8.727551E+02
1.178210E+03
9.670124E+02
1.017538E+03
9.204297E+02
1.024287E+03
1.071908E+03
9.204297E+02
8.727551E+02
9.747608E+02
9.220532E+02
9.204297E+02
1.116397E+03
9.670124E+02
1.072314E+03
1.326588E+03
9.670124E+02
1.236940E+03
1.429616E+03
1.176173E+03
9.255497E+02
1.430256E+03
1.024287E+03
9.772093E+02
1.169114E+03
9.204297E+02
1.067773E+03
1.132656E+03
1.326532E+03
1.432767E+03
1.220640E+03
1.082036E+03
9.728554E+02
1.028942E+03
1.171397E+03
9.670124E+02
9.670124E+02
8.727551E+02
1.067113E+03
1.281664E+03
9.670124E+02
1.019114E+03
1.606050E+03
1.332269E+03
1.179895E+03
1.679739E+03
1.600253E+03
1.288012E+03
1.133185E+03
1.444433E+03
1.018341E+03
1.380693E+03
1.028613E+03
0.000000E+00
9.204297E+02
1.016310E+03
1.942572E+03
1.277441E+03
9.745601E+02
1.018826E+03
1.128722E+03
1.293395E+03
1.321402E+03
1.016451E+03
1.019807E+03
2.941006E+02
2.984236E+02
4.767460E+01
5.079644E+02
9.839642E+01
0.000000E+00
1.527530E+02
1.020927E+02
3.056017E+02
9.908956E+01
3.498021E+02
0.000000E+00
0.000000E+00
4.767460E+01
3.531294E+02
4.658265E+01
9.710856E+01
0.000000E+00
1.992061E+02
1.514787E+02
0.000000E+00
4.767460E+01
1.496803E+02
9.697269E+01
0.000000E+00
1.959672E+02
4.658265E+01
1.518842E+02
4.061584E+02
4.658265E+01
6.078139E+02
5.091865E+02
2.557434E+02
1.004692E+02
5.098258E+02
1.992061E+02
1.521288E+02
2.486846E+02
0.000000E+00
1.473435E+02
3.075757E+02
4.061021E+02
6.115156E+02
3.002103E+02
2.569558E+02
1.477748E+02
2.038612E+02
2.509677E+02
4.658265E+01
4.658265E+01
4.767460E+01
1.466829E+02
3.612344E+02
4.658265E+01
9.868410E+01
1.178483E+03
4.118397E+02
3.548145E+02
7.593091E+02
8.744910E+02
4.629318E+02
3.081046E+02
7.161282E+02
9.791091E+01
4.602630E+02
3.027103E+02
9.204297E+02
0.000000E+00
9.588074E+01
1.526782E+03
3.570112E+02
1.494796E+02
9.839642E+01
3.036412E+02
5.676328E+02
4.009724E+02
9.602151E+01
9.937725E+01
1.982199E+02
3.011390E+02
1.435553E+02
5.106798E+02
1.011118E+02
9.588074E+01
2.486337E+02
9.937725E+01
3.083171E+02
1.018050E+02
3.525176E+02
9.588074E+01
9.588074E+01
1.435553E+02
4.490102E+02
4.929808E+01
9.982399E+01
9.588074E+01
1.964907E+02
1.541941E+02
9.588074E+01
1.435553E+02
2.455610E+02
9.425726E+01
9.588074E+01
1.986826E+02
4.929808E+01
1.545996E+02
4.088738E+02
4.929808E+01
7.036947E+02
5.119019E+02
3.516242E+02
1.963499E+02
5.125412E+02
1.964907E+02
2.480095E+02
2.514000E+02
9.588074E+01
1.500590E+02
3.048603E+02
4.088175E+02
6.142311E+02
3.029257E+02
3.528366E+02
1.450594E+02
2.997419E+02
2.536831E+02
4.929808E+01
4.929808E+01
1.435553E+02
5.080216E+01
3.639498E+02
4.929808E+01
1.013995E+02
1.274364E+03
4.145552E+02
4.506952E+02
7.620245E+02
9.703718E+02
5.588125E+02
4.039854E+02
8.120089E+02
1.006263E+02
4.629784E+02
3.985911E+02
1.016310E+03
9.588074E+01
0.000000E+00
1.529497E+03
3.597266E+02
1.467642E+02
1.011118E+02
3.995219E+02
6.635135E+02
4.036878E+02
9.873694E+01
1.020927E+02
1.628840E+03
1.436456E+03
1.574457E+03
1.746308E+03
1.532013E+03
1.526782E+03
1.679535E+03
1.628875E+03
1.739218E+03
1.532706E+03
1.586599E+03
1.526782E+03
1.526782E+03
1.574457E+03
1.577241E+03
1.480199E+03
1.530725E+03
1.526782E+03
1.627110E+03
1.585095E+03
1.526782E+03
1.574457E+03
1.676462E+03
1.623755E+03
1.526782E+03
1.629584E+03
1.480199E+03
1.585501E+03
1.839775E+03
1.480199E+03
1.638878E+03
1.639403E+03
1.782525E+03
1.627251E+03
1.943442E+03
1.627110E+03
1.678911E+03
1.582128E+03
1.526782E+03
1.580960E+03
1.834358E+03
1.839719E+03
1.847076E+03
1.733827E+03
1.783738E+03
1.674557E+03
1.730643E+03
1.485031E+03
1.480199E+03
1.480199E+03
1.574457E+03
1.580300E+03
1.794851E+03
1.480199E+03
1.532301E+03
2.410050E+03
1.845456E+03
1.577468E+03
1.890509E+03
2.202602E+03
1.889149E+03
1.834887E+03
2.146134E+03
1.531528E+03
1.893880E+03
1.628194E+03
1.942572E+03
1.526782E+03
1.529497E+03
0.000000E+00
1.690317E+03
1.676262E+03
1.532013E+03
1.830423E+03
2.094415E+03
1.734278E+03
1.430760E+03
1.532994E+03
5.579465E+02
4.619585E+02
4.046858E+02
7.718103E+02
3.622423E+02
3.570112E+02
5.097642E+02
4.591039E+02
5.694476E+02
3.629355E+02
6.136480E+02
3.570112E+02
3.570112E+02
4.046858E+02
7.101406E+02
3.104286E+02
3.609545E+02
3.570112E+02
5.562174E+02
4.153246E+02
3.570112E+02
4.046858E+02
5.066915E+02
4.539839E+02
3.570112E+02
4.598131E+02
3.104286E+02
4.157301E+02
6.700043E+02
3.104286E+02
9.648252E+02
7.730324E+02
6.127547E+02
4.574804E+02
7.736717E+02
5.562174E+02
5.091400E+02
5.125305E+02
3.570112E+02
4.111894E+02
6.645869E+02
6.699480E+02
8.753616E+02
5.640562E+02
6.139671E+02
5.047861E+02
5.608724E+02
5.148136E+02
3.104286E+02
3.104286E+02
4.046858E+02
4.105288E+02
6.250803E+02
3.104286E+02
3.625300E+02
1.535494E+03
6.756856E+02
6.115146E+02
9.228440E+02
1.231502E+03
8.199430E+02
6.651159E+02
1.073139E+03
3.617568E+02
7.241089E+02
6.597215E+02
1.277441E+03
3.570112E+02
3.597266E+02
1.690317E+03
0.000000E+00
5.064908E+02
3.622423E+02
6.606524E+02
9.246440E+02
5.645072E+02
3.598674E+02
3.632232E+02
3.449840E+02
4.479032E+02
1.018050E+02
6.574440E+02
2.478760E+02
1.494796E+02
2.068834E+02
1.529761E+02
4.550813E+02
2.485692E+02
4.992817E+02
1.494796E+02
1.494796E+02
1.018050E+02
4.072598E+02
1.960623E+02
2.465882E+02
1.494796E+02
1.547404E+02
3.009583E+02
1.494796E+02
1.018050E+02
2.038107E+02
5.250691E+01
1.494796E+02
3.454467E+02
1.960623E+02
3.013638E+02
5.556380E+02
1.960623E+02
6.619443E+02
6.586661E+02
4.052230E+02
1.545996E+02
6.593054E+02
1.547404E+02
2.062592E+02
3.981642E+02
1.494796E+02
2.968231E+02
2.631099E+02
5.555817E+02
7.609952E+02
4.496899E+02
3.110862E+02
1.033091E+02
2.579915E+02
4.004473E+02
1.960623E+02
1.960623E+02
1.018050E+02
1.975663E+02
5.107140E+02
1.960623E+02
2.481637E+02
1.232614E+03
5.613193E+02
4.089449E+02
9.087887E+02
9.286214E+02
5.170622E+02
3.622350E+02
7.702586E+02
2.473905E+02
6.097426E+02
3.568407E+02
9.745601E+02
1.494796E+02
1.467642E+02
1.676262E+03
5.064908E+02
0.000000E+00
2.478760E+02
3.577716E+02
6.217632E+02
5.504520E+02
2.455011E+02
2.488568E+02
2.993317E+02
3.036547E+02
1.460710E+02
5.131955E+02
1.036275E+02
9.839642E+01
2.511494E+02
2.004891E+02
3.108328E+02
1.043207E+02
3.550332E+02
9.839642E+01
9.839642E+01
1.460710E+02
4.515258E+02
5.181376E+01
1.023397E+02
9.839642E+01
2.976026E+02
1.567098E+02
9.839642E+01
1.460710E+02
2.480767E+02
1.953691E+02
9.839642E+01
2.011983E+02
5.181376E+01
1.571153E+02
4.113895E+02
5.181376E+01
7.062104E+02
5.144176E+02
3.541399E+02
1.988656E+02
5.150569E+02
2.976026E+02
2.505252E+02
2.539157E+02
9.839642E+01
1.525746E+02
4.059721E+02
4.113332E+02
6.167468E+02
3.054414E+02
3.553523E+02
2.461713E+02
3.022576E+02
2.561988E+02
5.181376E+01
5.181376E+01
1.460710E+02
1.519140E+02
3.664655E+02
5.181376E+01
1.039152E+02
1.276880E+03
4.170708E+02
4.532109E+02
7.645402E+02
9.728875E+02
5.613282E+02
4.065011E+02
8.145246E+02
1.031420E+02
4.654941E+02
4.011067E+02
1.018826E+03
9.839642E+01
1.011118E+02
1.532013E+03
3.622423E+02
2.478760E+02
0.000000E+00
4.020376E+02
6.660292E+02
4.062035E+02
1.012526E+02
1.046084E+02
5.018092E+02
6.020648E+02
2.559666E+02
8.116056E+02
4.020376E+02
3.036412E+02
3.610449E+02
4.057339E+02
6.092429E+02
4.027308E+02
5.575108E+02
3.036412E+02
3.036412E+02
2.559666E+02
5.614214E+02
3.502238E+02
4.007498E+02
3.036412E+02
4.074981E+02
4.551199E+02
3.036412E+02
2.559666E+02
3.579723E+02
3.052647E+02
3.036412E+02
4.036758E+02
3.502238E+02
4.555253E+02
6.138671E+02
3.502238E+02
8.161059E+02
8.128277E+02
4.634521E+02
3.087612E+02
8.134670E+02
4.074981E+02
3.604208E+02
5.523258E+02
3.036412E+02
3.550522E+02
5.158677E+02
6.138107E+02
9.151568E+02
5.079189E+02
4.652478E+02
3.560668E+02
4.121531E+02
5.546089E+02
3.502238E+02
3.502238E+02
2.559666E+02
4.503241E+02
6.648756E+02
3.502238E+02
4.023253E+02
1.386775E+03
7.154809E+02
5.631065E+02
1.062950E+03
1.082783E+03
6.712238E+02
5.163966E+02
9.244201E+02
4.015521E+02
7.639042E+02
5.110023E+02
1.128722E+03
3.036412E+02
3.995219E+02
1.830423E+03
6.606524E+02
3.577716E+02
4.020376E+02
0.000000E+00
7.759248E+02
6.086810E+02
3.996627E+02
4.030184E+02
8.617334E+02
8.660564E+02
5.199582E+02
1.075597E+03
6.660292E+02
5.676328E+02
6.250365E+02
6.697254E+02
8.732345E+02
6.667223E+02
9.174349E+02
5.676328E+02
5.676328E+02
5.199582E+02
8.254130E+02
6.142154E+02
6.647413E+02
5.676328E+02
6.714897E+02
7.191115E+02
5.676328E+02
5.199582E+02
6.219638E+02
5.692562E+02
5.676328E+02
7.635999E+02
6.142154E+02
7.195169E+02
9.737912E+02
6.142154E+02
1.080098E+03
1.076819E+03
8.233762E+02
5.727528E+02
1.077459E+03
6.714897E+02
6.244124E+02
8.163174E+02
5.676328E+02
7.149763E+02
7.798592E+02
9.737348E+02
1.179148E+03
8.678431E+02
7.292394E+02
6.200584E+02
6.761447E+02
8.186005E+02
6.142154E+02
6.142154E+02
5.199582E+02
7.143157E+02
9.288672E+02
6.142154E+02
6.663169E+02
1.450773E+03
9.794725E+02
8.270980E+02
1.326942E+03
1.346775E+03
9.352154E+02
7.803882E+02
1.188412E+03
6.655437E+02
1.027896E+03
6.743182E+02
1.293395E+03
5.676328E+02
6.635135E+02
2.094415E+03
9.246440E+02
6.217632E+02
6.660292E+02
7.759248E+02
0.000000E+00
9.686052E+02
6.636543E+02
6.670100E+02
5.059752E+02
5.059196E+02
4.486470E+02
8.157715E+02
4.062035E+02
4.009724E+02
5.537254E+02
5.030651E+02
6.134088E+02
4.068967E+02
5.616767E+02
4.009724E+02
4.009724E+02
4.486470E+02
7.541018E+02
3.543898E+02
4.049157E+02
4.009724E+02
6.001785E+02
4.592858E+02
4.009724E+02
4.486470E+02
5.506527E+02
4.979451E+02
4.009724E+02
3.079959E+02
3.543898E+02
4.596913E+02
6.180330E+02
3.543898E+02
1.008786E+03
8.169936E+02
5.607833E+02
5.014416E+02
8.176329E+02
6.001785E+02
5.531012E+02
5.564917E+02
4.009724E+02
3.592181E+02
7.085481E+02
6.179766E+02
9.193227E+02
5.120848E+02
6.579283E+02
5.487473E+02
6.048336E+02
5.587748E+02
3.543898E+02
3.543898E+02
4.486470E+02
4.544900E+02
6.690415E+02
3.543898E+02
3.022883E+02
1.479610E+03
7.196468E+02
6.554758E+02
9.668051E+02
1.275463E+03
8.639042E+02
7.090770E+02
1.117101E+03
4.057180E+02
6.682243E+02
7.036827E+02
1.321402E+03
4.009724E+02
4.036878E+02
1.734278E+03
5.645072E+02
5.504520E+02
4.062035E+02
6.086810E+02
9.686052E+02
0.000000E+00
4.038286E+02
4.071843E+02
1.980791E+02
3.012798E+02
1.436961E+02
5.108206E+02
1.012526E+02
9.602151E+01
2.487745E+02
1.981142E+02
3.084579E+02
1.019458E+02
3.526583E+02
9.602151E+01
9.602151E+01
1.436961E+02
4.491509E+02
4.943886E+01
9.996476E+01
9.602151E+01
1.963499E+02
1.543349E+02
9.602151E+01
1.436961E+02
2.457018E+02
1.929942E+02
9.602151E+01
1.988234E+02
4.943886E+01
1.547404E+02
4.090146E+02
4.943886E+01
7.038355E+02
5.120427E+02
3.517650E+02
1.964907E+02
5.126820E+02
1.963499E+02
2.481503E+02
2.515408E+02
9.602151E+01
1.501997E+02
4.035972E+02
4.089583E+02
5.154941E+02
3.030665E+02
3.529774E+02
2.437964E+02
2.998827E+02
1.549462E+02
4.943886E+01
4.943886E+01
1.436961E+02
1.495391E+02
3.640906E+02
4.943886E+01
1.015403E+02
1.274505E+03
4.146959E+02
4.508360E+02
7.621653E+02
9.705126E+02
5.589533E+02
4.041261E+02
8.121497E+02
1.007671E+02
4.631192E+02
3.987318E+02
1.016451E+03
9.602151E+01
9.873694E+01
1.430760E+03
3.598674E+02
2.455011E+02
1.012526E+02
3.996627E+02
6.636543E+02
4.038286E+02
0.000000E+00
1.022334E+02
3.003125E+02
3.046355E+02
1.470518E+02
5.141763E+02
1.046084E+02
9.937725E+01
2.521302E+02
2.014699E+02
3.118136E+02
1.053015E+02
3.560141E+02
9.937725E+01
9.937725E+01
1.470518E+02
4.525067E+02
5.279459E+01
1.033205E+02
9.937725E+01
2.985834E+02
1.576906E+02
9.937725E+01
1.470518E+02
2.490575E+02
1.963499E+02
9.937725E+01
2.021791E+02
5.279459E+01
1.580961E+02
4.123704E+02
5.279459E+01
7.071912E+02
5.153984E+02
3.551207E+02
1.998464E+02
5.160377E+02
2.985834E+02
2.515061E+02
2.548965E+02
9.937725E+01
1.535555E+02
4.069529E+02
4.123140E+02
6.177276E+02
3.064222E+02
3.563331E+02
2.471521E+02
3.032384E+02
2.571797E+02
5.279459E+01
5.279459E+01
1.470518E+02
1.528948E+02
3.674463E+02
5.279459E+01
1.048960E+02
1.277860E+03
4.180517E+02
4.541917E+02
7.655211E+02
9.738683E+02
5.623090E+02
4.074819E+02
8.155054E+02
1.041228E+02
4.664750E+02
4.020876E+02
1.019807E+03
9.937725E+01
1.020927E+02
1.532994E+03
3.632232E+02
2.488568E+02
1.046084E+02
4.030184E+02
6.670100E+02
4.071843E+02
1.022334E+02
0.000000E+00
