5.453257E+02
4.448244E+02
8.374181E+02
4.904297E+02
5.346324E+02
3.948558E+02
4.887810E+02
7.362205E+02
3.919449E+02
3.477007E+02
3.941627E+02
3.448873E+02
5.920548E+02
4.431096E+02
4.943120E+02
5.387496E+02
6.881647E+02
8.401880E+02
5.399447E+02
4.927417E+02
5.411234E+02
7.395156E+02
4.877694E+02
4.432375E+02
2.977321E+02
6.358342E+02
6.418125E+02
5.391729E+02
3.464014E+02
5.903276E+02
5.385265E+02
6.408216E+02
6.910291E+02
3.448873E+02
5.917161E+02
3.941627E+02
4.445367E+02
5.441470E+02
6.415248E+02
8.839425E+02
4.448244E+02
4.439771E+02
6.889632E+02
3.948558E+02
5.887182E+02
5.451408E+02
3.477007E+02
6.382061E+02
3.943450E+02
6.416847E+02
3.948558E+02
7.332035E+02
3.474130E+02
4.912282E+02
5.913796E+02
3.940085E+02
3.912910E+02
5.867212E+02
3.948558E+02
5.861661E+02
5.926144E+02
5.418786E+02
5.407392E+02
8.353573E+02
5.920878E+02
6.376768E+02
4.907706E+02
4.918883E+02
6.413522E+02
3.950522E+02
4.436154E+02
4.900775E+02
4.408020E+02
6.879695E+02
5.390244E+02
5.902267E+02
5.418569E+02
7.840794E+02
8.361656E+02
6.358595E+02
5.886565E+02
6.370381E+02
8.354304E+02
4.908767E+02
5.391522E+02
3.936468E+02
6.389414E+02
7.377273E+02
6.350877E+02
4.423161E+02
5.934349E+02
5.416337E+02
8.366736E+02
7.869439E+02
4.408020E+02
6.876309E+02
4.900775E+02
4.405143E+02
6.400618E+02
7.374396E+02
8.870497E+02
5.407392E+02
5.398919E+02
7.848779E+02
4.907706E+02
5.918254E+02
7.396064E+02
4.436154E+02
7.341209E+02
4.902598E+02
7.375995E+02
4.907706E+02
7.363108E+02
4.433277E+02
4.943354E+02
6.872944E+02
4.899233E+02
3.943983E+02
5.898285E+02
4.907706E+02
5.892734E+02
5.905536E+02
2.475936E+02
1.470923E+02
5.396860E+02
2.912485E+02
3.368375E+02
9.712376E+01
1.910489E+02
4.384884E+02
9.421286E+01
4.996859E+01
9.643062E+01
4.715518E+01
2.943227E+02
1.453776E+02
1.965799E+02
2.410175E+02
3.904326E+02
5.424559E+02
2.422126E+02
1.950097E+02
2.433913E+02
4.417835E+02
1.900373E+02
1.455054E+02
0.000000E+00
3.381021E+02
3.440804E+02
2.414408E+02
4.866930E+01
2.925956E+02
2.407944E+02
4.430267E+02
3.932970E+02
4.715518E+01
2.939840E+02
9.643062E+01
1.468047E+02
2.464149E+02
3.437928E+02
5.862104E+02
1.470923E+02
1.462451E+02
3.912311E+02
9.712376E+01
2.909861E+02
3.459596E+02
4.996859E+01
3.404740E+02
9.661294E+01
3.439526E+02
9.712376E+01
4.354715E+02
4.968090E+01
1.934961E+02
2.936476E+02
9.627646E+01
9.355894E+01
2.889892E+02
9.712376E+01
2.884341E+02
2.948823E+02
3.459438E+02
2.454426E+02
6.380362E+02
3.895987E+02
4.351877E+02
1.954740E+02
2.893992E+02
5.368386E+02
1.925631E+02
1.483188E+02
1.947808E+02
1.455054E+02
3.926729E+02
2.437278E+02
2.949301E+02
3.393677E+02
4.887828E+02
6.408061E+02
3.405628E+02
2.933599E+02
2.444029E+02
5.401338E+02
2.883876E+02
2.438556E+02
9.835021E+01
4.364523E+02
4.424307E+02
3.397911E+02
4.968090E+01
3.909458E+02
3.391446E+02
5.413770E+02
4.916473E+02
1.455054E+02
2.949956E+02
1.947808E+02
2.451549E+02
3.447651E+02
4.421430E+02
6.845606E+02
2.454426E+02
2.445953E+02
3.922427E+02
1.954740E+02
3.893363E+02
3.469712E+02
1.483188E+02
4.388243E+02
1.949631E+02
4.423028E+02
1.954740E+02
5.338217E+02
1.480311E+02
2.918463E+02
3.919978E+02
1.946267E+02
1.919091E+02
3.873394E+02
1.954740E+02
3.867843E+02
3.932325E+02
4.460633E+02
4.435376E+02
7.367694E+02
5.876937E+02
6.332827E+02
3.935690E+02
4.874942E+02
7.349336E+02
3.906581E+02
3.464138E+02
3.928758E+02
3.436004E+02
5.907679E+02
4.418228E+02
3.936633E+02
5.374627E+02
6.868778E+02
8.389012E+02
5.386579E+02
4.914549E+02
3.445224E+02
7.382288E+02
4.864826E+02
4.419506E+02
2.964452E+02
6.345473E+02
6.405257E+02
5.378861E+02
2.477759E+02
5.890408E+02
5.372396E+02
6.414964E+02
6.897423E+02
3.436004E+02
4.930906E+02
3.928758E+02
4.432499E+02
4.448846E+02
6.402380E+02
7.832938E+02
4.435376E+02
4.426903E+02
5.903377E+02
3.935690E+02
5.874313E+02
4.470906E+02
3.464138E+02
6.369193E+02
3.930582E+02
6.403978E+02
3.935690E+02
6.339412E+02
3.461261E+02
4.899413E+02
5.900928E+02
3.927217E+02
3.900042E+02
5.854344E+02
3.935690E+02
5.848793E+02
5.913275E+02
6.438890E+02
5.433877E+02
9.359814E+02
6.875439E+02
7.331329E+02
4.934191E+02
5.873443E+02
7.354220E+02
4.905082E+02
4.462640E+02
4.927260E+02
4.434506E+02
6.906181E+02
5.416729E+02
5.928753E+02
6.373129E+02
6.878124E+02
9.387513E+02
6.385080E+02
5.913050E+02
6.396867E+02
8.380789E+02
5.863327E+02
5.418008E+02
3.962954E+02
7.343975E+02
6.404387E+02
6.377362E+02
4.449647E+02
6.888909E+02
6.370898E+02
7.399603E+02
7.895924E+02
4.434506E+02
6.902794E+02
4.927260E+02
5.431000E+02
5.433485E+02
7.400881E+02
9.825058E+02
5.433877E+02
5.425404E+02
7.875265E+02
4.934191E+02
6.872815E+02
7.422549E+02
4.462640E+02
7.367694E+02
3.939928E+02
7.402480E+02
4.934191E+02
7.324050E+02
4.459763E+02
5.897915E+02
6.899429E+02
4.925718E+02
4.898543E+02
6.852845E+02
4.934191E+02
6.847295E+02
5.932022E+02
6.407487E+02
5.402474E+02
6.393102E+02
5.850417E+02
6.343743E+02
4.902788E+02
5.842040E+02
7.336679E+02
4.873679E+02
4.431237E+02
4.895857E+02
4.403102E+02
6.874778E+02
5.385326E+02
4.941167E+02
6.341726E+02
6.879694E+02
7.410773E+02
5.397495E+02
5.881647E+02
6.365464E+02
7.393204E+02
5.831924E+02
5.386605E+02
3.931551E+02
6.356389E+02
7.372355E+02
5.389777E+02
4.418244E+02
6.857506E+02
6.339495E+02
8.361818E+02
7.864521E+02
4.403102E+02
6.871391E+02
4.895857E+02
5.399597E+02
5.439518E+02
7.369478E+02
8.837473E+02
5.402474E+02
5.394001E+02
6.887680E+02
4.902788E+02
6.841412E+02
7.391146E+02
4.431237E+02
6.380109E+02
4.897680E+02
7.371077E+02
4.902788E+02
7.330083E+02
4.428360E+02
5.866512E+02
6.868026E+02
4.894315E+02
4.867140E+02
5.865260E+02
4.902788E+02
6.815891E+02
4.907000E+02
5.933300E+02
4.928288E+02
8.854224E+02
6.369849E+02
6.825739E+02
4.428602E+02
5.367853E+02
7.842248E+02
4.399493E+02
3.957050E+02
4.421670E+02
3.928916E+02
6.400591E+02
4.911140E+02
4.440737E+02
5.867539E+02
7.361690E+02
7.892768E+02
5.879490E+02
5.407461E+02
3.935465E+02
7.875200E+02
5.357737E+02
4.912418E+02
3.457364E+02
6.838385E+02
6.898169E+02
5.871772E+02
2.970671E+02
6.383320E+02
5.865308E+02
7.887631E+02
7.390335E+02
3.928916E+02
5.423818E+02
4.421670E+02
4.925411E+02
5.921513E+02
6.895292E+02
8.320096E+02
4.928288E+02
4.919815E+02
6.396289E+02
4.428602E+02
6.367225E+02
4.961148E+02
3.957050E+02
6.862105E+02
4.423493E+02
5.907735E+02
4.428602E+02
7.812079E+02
3.954173E+02
5.392325E+02
6.393840E+02
4.420129E+02
4.392953E+02
6.347256E+02
4.428602E+02
6.341705E+02
6.406187E+02
2.972745E+02
1.967733E+02
5.893669E+02
3.409294E+02
3.865184E+02
1.468047E+02
2.407298E+02
4.881693E+02
1.438938E+02
9.964949E+01
1.461115E+02
9.683608E+01
3.440036E+02
1.950585E+02
2.462608E+02
2.906984E+02
4.401135E+02
5.921368E+02
2.918935E+02
2.446906E+02
2.930722E+02
4.914645E+02
2.397182E+02
1.951863E+02
4.968090E+01
3.877830E+02
3.937614E+02
2.911217E+02
9.835021E+01
3.422765E+02
2.904753E+02
4.927076E+02
4.429780E+02
9.683608E+01
3.436649E+02
1.461115E+02
1.964856E+02
2.960958E+02
3.934737E+02
6.358913E+02
1.967733E+02
1.959260E+02
4.409120E+02
1.468047E+02
3.406670E+02
3.956405E+02
9.964949E+01
3.901550E+02
1.462938E+02
3.936335E+02
1.468047E+02
4.851524E+02
0.000000E+00
2.431770E+02
3.433285E+02
1.459574E+02
1.432398E+02
3.386701E+02
1.468047E+02
3.381150E+02
3.445632E+02
6.432806E+02
6.421411E+02
1.034735E+03
7.862973E+02
8.318863E+02
5.921725E+02
6.860977E+02
8.352946E+02
5.892616E+02
5.450174E+02
5.914794E+02
5.422040E+02
6.911289E+02
6.404263E+02
6.916287E+02
7.360663E+02
7.855442E+02
1.037505E+03
7.372614E+02
6.900584E+02
7.384401E+02
8.374705E+02
6.850861E+02
6.405542E+02
4.950488E+02
8.331509E+02
8.391292E+02
6.382470E+02
5.437181E+02
7.876443E+02
7.358432E+02
9.380755E+02
8.883458E+02
5.422040E+02
7.890328E+02
5.914794E+02
6.418535E+02
7.414637E+02
7.394797E+02
1.081259E+03
6.421411E+02
5.430513E+02
8.862799E+02
5.921725E+02
7.860349E+02
8.410083E+02
5.450174E+02
8.355228E+02
5.916617E+02
8.390014E+02
5.921725E+02
9.305202E+02
5.447297E+02
6.885449E+02
7.886963E+02
4.930827E+02
5.886077E+02
7.840379E+02
5.921725E+02
6.852403E+02
5.937130E+02
2.475936E+02
1.470923E+02
5.396860E+02
2.912485E+02
3.368375E+02
9.712376E+01
1.910489E+02
4.384884E+02
9.421286E+01
4.996859E+01
9.643062E+01
4.715518E+01
2.943227E+02
1.453776E+02
1.965799E+02
2.410175E+02
3.904326E+02
5.424559E+02
2.422126E+02
1.950097E+02
2.433913E+02
4.417835E+02
1.900373E+02
1.455054E+02
0.000000E+00
3.381021E+02
3.440804E+02
2.414408E+02
4.866930E+01
2.925956E+02
2.407944E+02
4.430267E+02
3.932970E+02
4.715518E+01
2.939840E+02
9.643062E+01
1.468047E+02
2.464149E+02
3.437928E+02
5.862104E+02
1.470923E+02
1.462451E+02
3.912311E+02
9.712376E+01
2.909861E+02
3.459596E+02
4.996859E+01
3.404740E+02
9.661294E+01
3.439526E+02
9.712376E+01
4.354715E+02
4.968090E+01
1.934961E+02
2.936476E+02
9.627646E+01
9.355894E+01
2.889892E+02
9.712376E+01
2.884341E+02
2.948823E+02
4.448105E+02
3.443093E+02
7.369030E+02
4.884654E+02
5.340544E+02
2.943407E+02
3.882659E+02
6.357053E+02
2.914298E+02
2.471855E+02
2.936476E+02
2.443721E+02
4.915396E+02
3.425945E+02
3.937968E+02
4.382345E+02
5.876495E+02
7.396729E+02
4.394296E+02
3.922266E+02
3.432696E+02
6.390005E+02
3.872543E+02
3.427223E+02
1.972169E+02
5.353190E+02
5.412974E+02
4.386578E+02
1.485476E+02
4.898125E+02
4.380113E+02
6.402437E+02
5.905140E+02
2.443721E+02
3.938624E+02
2.936476E+02
3.440216E+02
4.436319E+02
5.410097E+02
7.834273E+02
3.443093E+02
2.452194E+02
4.911094E+02
2.943407E+02
4.882031E+02
4.458379E+02
2.471855E+02
5.376910E+02
2.938299E+02
5.411696E+02
2.943407E+02
6.326884E+02
2.468978E+02
3.907131E+02
4.908645E+02
1.952508E+02
2.907759E+02
4.862061E+02
2.943407E+02
4.856510E+02
3.938567E+02
2.972745E+02
1.967733E+02
5.893669E+02
3.409294E+02
3.865184E+02
1.468047E+02
2.407298E+02
4.881693E+02
1.438938E+02
9.964949E+01
1.461115E+02
9.683608E+01
3.440036E+02
1.950585E+02
2.462608E+02
2.906984E+02
4.401135E+02
5.921368E+02
2.918935E+02
2.446906E+02
2.930722E+02
4.914645E+02
2.397182E+02
1.951863E+02
4.968090E+01
3.877830E+02
3.937614E+02
2.911217E+02
9.835021E+01
3.422765E+02
2.904753E+02
4.927076E+02
4.429780E+02
9.683608E+01
3.436649E+02
1.461115E+02
1.964856E+02
2.960958E+02
3.934737E+02
6.358913E+02
1.967733E+02
1.959260E+02
4.409120E+02
1.468047E+02
3.406670E+02
3.956405E+02
9.964949E+01
3.901550E+02
1.462938E+02
3.936335E+02
1.468047E+02
4.851524E+02
0.000000E+00
2.431770E+02
3.433285E+02
1.459574E+02
1.432398E+02
3.386701E+02
1.468047E+02
3.381150E+02
3.445632E+02
2.972745E+02
1.967733E+02
5.893669E+02
3.409294E+02
3.865184E+02
1.468047E+02
2.407298E+02
4.881693E+02
1.438938E+02
9.964949E+01
1.461115E+02
9.683608E+01
3.440036E+02
1.950585E+02
2.462608E+02
2.906984E+02
4.401135E+02
5.921368E+02
2.918935E+02
2.446906E+02
2.930722E+02
4.914645E+02
2.397182E+02
1.951863E+02
4.968090E+01
3.877830E+02
3.937614E+02
2.911217E+02
9.835021E+01
3.422765E+02
2.904753E+02
4.927076E+02
4.429780E+02
9.683608E+01
3.436649E+02
1.461115E+02
1.964856E+02
2.960958E+02
3.934737E+02
6.358913E+02
1.967733E+02
1.959260E+02
4.409120E+02
1.468047E+02
3.406670E+02
3.956405E+02
9.964949E+01
3.901550E+02
1.462938E+02
3.936335E+02
1.468047E+02
4.851524E+02
9.936181E+01
2.431770E+02
3.433285E+02
1.459574E+02
1.432398E+02
3.386701E+02
1.468047E+02
3.381150E+02
3.445632E+02
3.470199E+02
1.465815E+02
6.391124E+02
3.906748E+02
4.362638E+02
1.965501E+02
2.904753E+02
5.379147E+02
1.936392E+02
1.493949E+02
1.958570E+02
1.465815E+02
3.937490E+02
2.448039E+02
2.960062E+02
3.404439E+02
4.898589E+02
6.418823E+02
3.416390E+02
2.944360E+02
3.428176E+02
5.412099E+02
2.894637E+02
2.449317E+02
9.942635E+01
4.375284E+02
4.435068E+02
3.408672E+02
1.480957E+02
3.920219E+02
3.402207E+02
5.424531E+02
4.927234E+02
1.465815E+02
3.934104E+02
1.958570E+02
2.462310E+02
3.458413E+02
4.432191E+02
6.856368E+02
2.465187E+02
2.456714E+02
4.906574E+02
1.965501E+02
3.904125E+02
4.453859E+02
1.493949E+02
4.399004E+02
1.960393E+02
4.433790E+02
1.965501E+02
5.348978E+02
1.491073E+02
2.929225E+02
3.930739E+02
1.957028E+02
1.929853E+02
3.884155E+02
1.965501E+02
3.878604E+02
3.943086E+02
4.430630E+02
3.425618E+02
5.430693E+02
4.867179E+02
3.402207E+02
2.925932E+02
3.865184E+02
6.339578E+02
2.896823E+02
2.454380E+02
2.919001E+02
2.426246E+02
4.897921E+02
3.408470E+02
2.964311E+02
4.364870E+02
3.938158E+02
6.423072E+02
3.420639E+02
3.904791E+02
4.388607E+02
5.416348E+02
3.855068E+02
3.409748E+02
1.954694E+02
4.379533E+02
5.395499E+02
2.448241E+02
2.441387E+02
4.880650E+02
4.362638E+02
6.384962E+02
5.887665E+02
2.426246E+02
4.894535E+02
2.919001E+02
3.422741E+02
3.462662E+02
5.392622E+02
5.895937E+02
3.425618E+02
3.417145E+02
2.946772E+02
2.925932E+02
4.864556E+02
5.414290E+02
2.454380E+02
3.438573E+02
2.920824E+02
5.394221E+02
2.925932E+02
5.353227E+02
2.451503E+02
3.889655E+02
4.891170E+02
2.917459E+02
2.890284E+02
2.923724E+02
2.925932E+02
4.839035E+02
4.903517E+02
3.467323E+02
2.462310E+02
6.388247E+02
3.903871E+02
4.359761E+02
1.962624E+02
2.901876E+02
5.376271E+02
1.933515E+02
1.491073E+02
1.955693E+02
1.462938E+02
3.934614E+02
2.445162E+02
2.957185E+02
3.401562E+02
4.895712E+02
6.415946E+02
3.413513E+02
2.941483E+02
3.425300E+02
5.409222E+02
2.891760E+02
2.446441E+02
9.913867E+01
4.372407E+02
4.432191E+02
3.405795E+02
1.478080E+02
3.917342E+02
3.399331E+02
3.438881E+02
4.924357E+02
1.462938E+02
2.942072E+02
1.955693E+02
2.459433E+02
3.455536E+02
4.429314E+02
6.853491E+02
2.462310E+02
2.453837E+02
4.903698E+02
1.962624E+02
3.901248E+02
4.450982E+02
1.491073E+02
4.396127E+02
1.957516E+02
4.430913E+02
1.962624E+02
5.346101E+02
1.488196E+02
2.926348E+02
3.927862E+02
1.954151E+02
1.926976E+02
3.881278E+02
1.962624E+02
3.875727E+02
3.940210E+02
3.956022E+02
2.951010E+02
6.876947E+02
4.392571E+02
4.848461E+02
2.451324E+02
3.390576E+02
5.864970E+02
2.422215E+02
1.979772E+02
2.444393E+02
1.951638E+02
4.423313E+02
2.933862E+02
3.445885E+02
3.890262E+02
5.384412E+02
5.915491E+02
3.902213E+02
3.430183E+02
3.913999E+02
5.897922E+02
3.380460E+02
2.935140E+02
1.480086E+02
4.861107E+02
4.920891E+02
3.894495E+02
1.966779E+02
4.406042E+02
3.888030E+02
5.910354E+02
5.413057E+02
1.951638E+02
3.420555E+02
2.444393E+02
2.948133E+02
3.944236E+02
4.918014E+02
7.342190E+02
2.951010E+02
2.942537E+02
5.392397E+02
2.451324E+02
4.389948E+02
4.939682E+02
1.979772E+02
4.884827E+02
2.446216E+02
3.930457E+02
2.451324E+02
5.834801E+02
1.976895E+02
3.415047E+02
4.416562E+02
2.442851E+02
2.415676E+02
4.369978E+02
2.451324E+02
4.364427E+02
4.428909E+02
4.409451E+02
3.404439E+02
7.330375E+02
3.917925E+02
3.417633E+02
2.904753E+02
1.959747E+02
4.434142E+02
9.913867E+01
2.433201E+02
2.897821E+02
2.405067E+02
4.876742E+02
3.387291E+02
3.899314E+02
2.459433E+02
5.837841E+02
7.358075E+02
4.355642E+02
3.883612E+02
4.367428E+02
6.351351E+02
1.949631E+02
3.388569E+02
1.933515E+02
3.430279E+02
5.374320E+02
4.347924E+02
2.420208E+02
1.981595E+02
2.457202E+02
6.363783E+02
5.866486E+02
2.405067E+02
4.873356E+02
2.897821E+02
3.401562E+02
4.397665E+02
5.371443E+02
5.911362E+02
3.404439E+02
3.395966E+02
5.845826E+02
2.904753E+02
2.959119E+02
5.393111E+02
2.433201E+02
5.338256E+02
2.899645E+02
5.373041E+02
2.904753E+02
4.403973E+02
2.430324E+02
2.940401E+02
4.869991E+02
2.896280E+02
1.941029E+02
2.939150E+02
2.904753E+02
2.933599E+02
4.882338E+02
6.381339E+02
5.376326E+02
9.302263E+02
5.889813E+02
5.389520E+02
4.876641E+02
3.931635E+02
6.406030E+02
2.963274E+02
4.405089E+02
4.869709E+02
4.376955E+02
6.848630E+02
5.359178E+02
5.871202E+02
4.431321E+02
7.809729E+02
7.341435E+02
6.327529E+02
5.855500E+02
5.365930E+02
8.323238E+02
3.921519E+02
5.360457E+02
3.905403E+02
5.402166E+02
7.346207E+02
6.319811E+02
3.418710E+02
4.947101E+02
4.429090E+02
7.346515E+02
7.838373E+02
4.376955E+02
5.871857E+02
4.869709E+02
5.373450E+02
6.369552E+02
7.343331E+02
7.883250E+02
5.376326E+02
5.367853E+02
5.844956E+02
4.876641E+02
4.931007E+02
6.391612E+02
4.405089E+02
7.310143E+02
4.871532E+02
7.344929E+02
4.876641E+02
6.375860E+02
4.402212E+02
4.912289E+02
6.841879E+02
4.868168E+02
3.912917E+02
4.911037E+02
4.876641E+02
4.905486E+02
6.854226E+02
4.953695E+02
3.948683E+02
7.874619E+02
5.390244E+02
5.846134E+02
3.448997E+02
4.388249E+02
6.862643E+02
3.419888E+02
2.977445E+02
3.442065E+02
2.949311E+02
5.420986E+02
3.931535E+02
4.443558E+02
4.887934E+02
6.382085E+02
7.902319E+02
4.899885E+02
4.427856E+02
4.911672E+02
6.895595E+02
4.378133E+02
3.932813E+02
2.477759E+02
5.858780E+02
5.918564E+02
4.892168E+02
2.964452E+02
5.403715E+02
4.885703E+02
5.914408E+02
6.410730E+02
2.949311E+02
5.417599E+02
3.442065E+02
3.945806E+02
4.941909E+02
5.915687E+02
8.339863E+02
3.948683E+02
3.940210E+02
6.390070E+02
3.448997E+02
5.387620E+02
5.937355E+02
2.977445E+02
5.882500E+02
3.443889E+02
5.917285E+02
3.448997E+02
6.832474E+02
2.974568E+02
4.412720E+02
5.414235E+02
3.440524E+02
3.413349E+02
5.367651E+02
3.448997E+02
5.362100E+02
3.453209E+02
3.936053E+02
2.931040E+02
4.936115E+02
4.372602E+02
2.907630E+02
2.431354E+02
3.370606E+02
5.845001E+02
2.402245E+02
1.959803E+02
2.424423E+02
1.931669E+02
4.403344E+02
2.913892E+02
2.469734E+02
3.870292E+02
3.443581E+02
5.928494E+02
2.926061E+02
3.410213E+02
3.894030E+02
4.921770E+02
3.360490E+02
2.915171E+02
1.460117E+02
3.884955E+02
4.900921E+02
1.953663E+02
1.946810E+02
4.386072E+02
3.868061E+02
5.890384E+02
5.393087E+02
1.931669E+02
4.399957E+02
2.424423E+02
2.928163E+02
2.968084E+02
4.898044E+02
5.401359E+02
2.931040E+02
2.922567E+02
3.451566E+02
2.431354E+02
4.369978E+02
4.919712E+02
1.959803E+02
2.943995E+02
2.426246E+02
3.900271E+02
2.431354E+02
4.858649E+02
1.956926E+02
3.395078E+02
4.396592E+02
2.422881E+02
2.395706E+02
2.429147E+02
2.431354E+02
4.344457E+02
4.408940E+02
6.957139E+02
5.952126E+02
9.878063E+02
7.393687E+02
7.849577E+02
5.452440E+02
6.391692E+02
8.866087E+02
5.423331E+02
3.981517E+02
5.445509E+02
4.952754E+02
7.424430E+02
5.934978E+02
6.447001E+02
6.891378E+02
8.385528E+02
9.905762E+02
6.903329E+02
6.431299E+02
6.915116E+02
8.899038E+02
6.381576E+02
5.936257E+02
4.481203E+02
7.862223E+02
5.929017E+02
6.895611E+02
4.967896E+02
7.407158E+02
6.889147E+02
8.911470E+02
8.414173E+02
4.952754E+02
7.421043E+02
5.445509E+02
5.949249E+02
6.945352E+02
7.919130E+02
1.034331E+03
5.952126E+02
5.943653E+02
8.393514E+02
5.452440E+02
7.391064E+02
7.940798E+02
4.980889E+02
7.885943E+02
5.447332E+02
7.920729E+02
5.452440E+02
8.835917E+02
4.978012E+02
6.416164E+02
7.417678E+02
5.443967E+02
5.416792E+02
7.371094E+02
5.452440E+02
7.365543E+02
7.430026E+02
2.939974E+02
1.934961E+02
5.860898E+02
2.448447E+02
2.904337E+02
1.435275E+02
1.446452E+02
3.920846E+02
4.780910E+01
9.637235E+01
1.428344E+02
9.355894E+01
3.407264E+02
1.917813E+02
2.429836E+02
1.946138E+02
4.368363E+02
5.888597E+02
2.886164E+02
2.414134E+02
2.897950E+02
4.881873E+02
1.436336E+02
1.919091E+02
4.640376E+01
2.916983E+02
3.904842E+02
2.878446E+02
9.507306E+01
2.461918E+02
1.943906E+02
4.894305E+02
4.397008E+02
9.355894E+01
3.403878E+02
1.428344E+02
1.932084E+02
2.928187E+02
3.901965E+02
5.398066E+02
1.934961E+02
1.926488E+02
4.376348E+02
1.435275E+02
2.445824E+02
3.923633E+02
9.637235E+01
3.868778E+02
1.430167E+02
3.903564E+02
1.435275E+02
3.890677E+02
9.608466E+01
1.470923E+02
3.400513E+02
1.426802E+02
4.715518E+01
2.425854E+02
1.435275E+02
2.420303E+02
3.412861E+02
2.961759E+02
1.956746E+02
5.882683E+02
3.398308E+02
3.854198E+02
1.457061E+02
2.396312E+02
4.870707E+02
1.427952E+02
9.855088E+01
1.450129E+02
9.573747E+01
3.429050E+02
1.939598E+02
2.451622E+02
2.895998E+02
4.390149E+02
5.910382E+02
2.907949E+02
2.435920E+02
2.919736E+02
4.903658E+02
2.386196E+02
1.940877E+02
4.858229E+01
3.866844E+02
3.926627E+02
2.900231E+02
9.725160E+01
3.411778E+02
2.893767E+02
4.916090E+02
4.418793E+02
9.573747E+01
3.425663E+02
1.450129E+02
1.953870E+02
2.949972E+02
3.923751E+02
6.347927E+02
1.956746E+02
1.948273E+02
4.398134E+02
1.457061E+02
3.395684E+02
3.945418E+02
9.855088E+01
3.890563E+02
1.451952E+02
3.925349E+02
1.457061E+02
4.840537E+02
9.826320E+01
2.420784E+02
3.422298E+02
1.448588E+02
1.421412E+02
3.375714E+02
1.457061E+02
3.370164E+02
3.434646E+02
4.409451E+02
3.404439E+02
7.330375E+02
3.917925E+02
3.417633E+02
2.904753E+02
1.959747E+02
4.434142E+02
9.913867E+01
2.433201E+02
2.897821E+02
2.405067E+02
4.876742E+02
3.387291E+02
3.899314E+02
2.459433E+02
5.837841E+02
7.358075E+02
4.355642E+02
3.883612E+02
4.367428E+02
6.351351E+02
1.949631E+02
3.388569E+02
1.933515E+02
3.430279E+02
5.374320E+02
4.347924E+02
2.420208E+02
1.981595E+02
2.457202E+02
6.363783E+02
5.866486E+02
2.405067E+02
4.873356E+02
2.897821E+02
3.401562E+02
4.397665E+02
5.371443E+02
5.911362E+02
3.404439E+02
3.395966E+02
5.845826E+02
2.904753E+02
2.959119E+02
5.393111E+02
2.433201E+02
5.338256E+02
2.899645E+02
5.373041E+02
2.904753E+02
4.403973E+02
2.430324E+02
2.940401E+02
4.869991E+02
2.896280E+02
1.941029E+02
2.939150E+02
2.904753E+02
2.933599E+02
4.882338E+02
3.940618E+02
2.935605E+02
6.861542E+02
4.377167E+02
4.833057E+02
2.435920E+02
3.375171E+02
4.867140E+02
2.406811E+02
1.964368E+02
2.428988E+02
1.936234E+02
3.425483E+02
1.943165E+02
3.430481E+02
3.874857E+02
5.369008E+02
6.889241E+02
3.886808E+02
2.439486E+02
3.898595E+02
5.882517E+02
3.365055E+02
2.919736E+02
1.464682E+02
4.845703E+02
4.905486E+02
2.896665E+02
1.951375E+02
3.415345E+02
3.872626E+02
5.894949E+02
4.422360E+02
1.936234E+02
3.429230E+02
2.428988E+02
2.932729E+02
3.928831E+02
4.902610E+02
7.326786E+02
2.935605E+02
2.927132E+02
5.376993E+02
2.435920E+02
4.374543E+02
4.924277E+02
1.964368E+02
4.869422E+02
2.430811E+02
4.904208E+02
2.435920E+02
5.819396E+02
1.961491E+02
3.399643E+02
3.425865E+02
2.427447E+02
2.400271E+02
3.379281E+02
2.435920E+02
3.366597E+02
4.413505E+02
2.968690E+02
2.957296E+02
5.897724E+02
2.419730E+02
4.854747E+02
2.457610E+02
3.396862E+02
5.871256E+02
2.428501E+02
1.986058E+02
2.450679E+02
1.957924E+02
4.429599E+02
2.940148E+02
3.452171E+02
3.896548E+02
5.390698E+02
6.910932E+02
3.908499E+02
3.436469E+02
3.920285E+02
5.904208E+02
3.386746E+02
2.941426E+02
1.486372E+02
4.867393E+02
4.927177E+02
3.900781E+02
1.973066E+02
4.412328E+02
3.894316E+02
5.916640E+02
5.419343E+02
1.957924E+02
4.426213E+02
2.450679E+02
2.954419E+02
3.950522E+02
4.924300E+02
6.362968E+02
2.957296E+02
2.948823E+02
5.398683E+02
2.457610E+02
4.396234E+02
4.945968E+02
1.986058E+02
4.891113E+02
2.452502E+02
4.925899E+02
2.457610E+02
4.855578E+02
1.983182E+02
3.421334E+02
4.422848E+02
2.449137E+02
2.421962E+02
4.376264E+02
2.457610E+02
4.370713E+02
4.435195E+02
6.417742E+02
5.412730E+02
6.438050E+02
6.854291E+02
5.389319E+02
4.913044E+02
5.852296E+02
7.346935E+02
4.883935E+02
4.441492E+02
4.906112E+02
4.413358E+02
6.885033E+02
5.395582E+02
4.951423E+02
6.351982E+02
5.925270E+02
7.410812E+02
5.407751E+02
5.891903E+02
6.375719E+02
7.403460E+02
5.842180E+02
5.396860E+02
3.941806E+02
6.366645E+02
7.382611E+02
4.435353E+02
4.428499E+02
6.867762E+02
6.349750E+02
8.372074E+02
7.874777E+02
4.413358E+02
6.881647E+02
4.906112E+02
5.409853E+02
5.449774E+02
7.379734E+02
7.883049E+02
5.412730E+02
5.404257E+02
5.933255E+02
4.913044E+02
6.851667E+02
7.401402E+02
4.441492E+02
5.425685E+02
4.907936E+02
7.381332E+02
4.913044E+02
7.340339E+02
4.438615E+02
5.876767E+02
6.878282E+02
4.904571E+02
4.877396E+02
4.910836E+02
4.913044E+02
6.826147E+02
5.891258E+02
3.957200E+02
2.952188E+02
6.878124E+02
4.393749E+02
4.849639E+02
2.452502E+02
3.391754E+02
5.866148E+02
2.423393E+02
1.980950E+02
2.445570E+02
1.952816E+02
4.424491E+02
1.959747E+02
3.447063E+02
3.891440E+02
5.385590E+02
6.905824E+02
3.903391E+02
2.456069E+02
3.915177E+02
5.899100E+02
3.381638E+02
1.942700E+02
1.481264E+02
4.862285E+02
4.922069E+02
3.895673E+02
1.967957E+02
3.431928E+02
3.889208E+02
5.911532E+02
3.445324E+02
1.952816E+02
3.445812E+02
2.445570E+02
2.949311E+02
3.945414E+02
4.919192E+02
7.343368E+02
2.952188E+02
2.943715E+02
5.393575E+02
2.452502E+02
4.391125E+02
4.940860E+02
1.980950E+02
4.886005E+02
2.447394E+02
4.920790E+02
2.452502E+02
5.835979E+02
1.978073E+02
3.416225E+02
3.442448E+02
2.444029E+02
2.416854E+02
3.395863E+02
2.452502E+02
4.365605E+02
4.430087E+02
2.975622E+02
1.970609E+02
5.896546E+02
3.412171E+02
3.868061E+02
1.470923E+02
2.410175E+02
4.884570E+02
1.441814E+02
9.993717E+01
1.463992E+02
9.712376E+01
3.442913E+02
1.953461E+02
2.465485E+02
2.909861E+02
4.404012E+02
5.924245E+02
2.921812E+02
2.449783E+02
2.933599E+02
4.917521E+02
2.400059E+02
1.954740E+02
4.996859E+01
3.880707E+02
3.940490E+02
2.914094E+02
9.863789E+01
3.425641E+02
2.907630E+02
4.929953E+02
4.432656E+02
9.712376E+01
3.439526E+02
1.463992E+02
1.967733E+02
2.963835E+02
3.937614E+02
6.361790E+02
1.970609E+02
1.962136E+02
4.411997E+02
1.470923E+02
3.409547E+02
3.959281E+02
9.993717E+01
3.904426E+02
1.465815E+02
3.939212E+02
1.470923E+02
4.854400E+02
9.964949E+01
2.434647E+02
3.436161E+02
1.462451E+02
1.435275E+02
3.389577E+02
1.470923E+02
3.384027E+02
3.448509E+02
3.927580E+02
2.922567E+02
4.927642E+02
4.364129E+02
2.899157E+02
2.422881E+02
3.362133E+02
5.836528E+02
2.393772E+02
1.951330E+02
2.415950E+02
1.923196E+02
4.394871E+02
2.905419E+02
1.478835E+02
3.861819E+02
3.435108E+02
5.920021E+02
2.917588E+02
3.401740E+02
2.903131E+02
4.913297E+02
3.352017E+02
2.906698E+02
1.451644E+02
3.876482E+02
4.892448E+02
1.945190E+02
1.938337E+02
4.377599E+02
3.859588E+02
5.881911E+02
5.384614E+02
1.923196E+02
4.391484E+02
2.415950E+02
2.919690E+02
2.959611E+02
4.889571E+02
5.392886E+02
2.922567E+02
2.914094E+02
3.443093E+02
2.422881E+02
4.361505E+02
3.928813E+02
1.951330E+02
2.935522E+02
2.417773E+02
4.891170E+02
2.422881E+02
4.850176E+02
1.948453E+02
3.386605E+02
4.388119E+02
2.414408E+02
2.387233E+02
2.420674E+02
2.422881E+02
4.335984E+02
4.400467E+02
3.468376E+02
2.463364E+02
6.389300E+02
3.904925E+02
4.360815E+02
1.963678E+02
2.902930E+02
5.377324E+02
1.934569E+02
1.492126E+02
1.956746E+02
1.463992E+02
3.935667E+02
2.446216E+02
2.958239E+02
3.402616E+02
4.896766E+02
6.417000E+02
3.414567E+02
2.942537E+02
3.426353E+02
5.410276E+02
2.892814E+02
2.447494E+02
9.924403E+01
4.373461E+02
4.433245E+02
3.406849E+02
1.479133E+02
3.918396E+02
3.400384E+02
5.422708E+02
4.925411E+02
1.463992E+02
3.932281E+02
1.956746E+02
2.460487E+02
3.456590E+02
4.430368E+02
6.854544E+02
2.463364E+02
2.454891E+02
4.904751E+02
1.963678E+02
3.902301E+02
4.452036E+02
1.492126E+02
4.397181E+02
1.958570E+02
4.431966E+02
1.963678E+02
5.347155E+02
1.489249E+02
2.927401E+02
3.928916E+02
1.955205E+02
1.928030E+02
3.882332E+02
1.963678E+02
3.876781E+02
3.941263E+02
2.961759E+02
1.956746E+02
5.882683E+02
3.398308E+02
3.854198E+02
1.457061E+02
2.396312E+02
4.870707E+02
1.427952E+02
9.855088E+01
1.450129E+02
9.573747E+01
3.429050E+02
1.939598E+02
2.451622E+02
2.895998E+02
4.390149E+02
5.910382E+02
2.907949E+02
2.435920E+02
2.919736E+02
4.903658E+02
2.386196E+02
1.940877E+02
4.858229E+01
3.866844E+02
3.926627E+02
2.900231E+02
9.725160E+01
3.411778E+02
2.893767E+02
4.916090E+02
4.418793E+02
9.573747E+01
3.425663E+02
1.450129E+02
1.953870E+02
2.949972E+02
3.923751E+02
6.347927E+02
1.956746E+02
1.948273E+02
4.398134E+02
1.457061E+02
3.395684E+02
3.945418E+02
9.855088E+01
3.890563E+02
1.451952E+02
3.925349E+02
1.457061E+02
4.840537E+02
9.826320E+01
2.420784E+02
3.422298E+02
1.448588E+02
1.421412E+02
3.375714E+02
1.457061E+02
3.370164E+02
3.434646E+02
3.957200E+02
2.952188E+02
6.878124E+02
4.393749E+02
4.849639E+02
2.452502E+02
3.391754E+02
5.866148E+02
2.423393E+02
1.980950E+02
2.445570E+02
1.952816E+02
4.424491E+02
2.935040E+02
3.447063E+02
3.891440E+02
5.385590E+02
5.916668E+02
3.903391E+02
3.431361E+02
3.915177E+02
4.905482E+02
3.381638E+02
2.936318E+02
1.481264E+02
3.868667E+02
4.922069E+02
3.895673E+02
1.967957E+02
4.407220E+02
3.889208E+02
5.911532E+02
5.414235E+02
1.952816E+02
4.421105E+02
2.445570E+02
2.949311E+02
3.945414E+02
4.919192E+02
7.343368E+02
2.952188E+02
2.943715E+02
5.393575E+02
2.452502E+02
4.391125E+02
4.940860E+02
1.980950E+02
4.886005E+02
2.447394E+02
4.920790E+02
2.452502E+02
5.835979E+02
1.978073E+02
3.416225E+02
4.417740E+02
2.444029E+02
2.416854E+02
4.371156E+02
2.452502E+02
4.365605E+02
3.450332E+02
5.451250E+02
4.446238E+02
8.372174E+02
5.887799E+02
6.343689E+02
3.946552E+02
4.885804E+02
7.360198E+02
3.917443E+02
3.475000E+02
3.939620E+02
3.446866E+02
5.918541E+02
4.429090E+02
4.941113E+02
5.385489E+02
5.906254E+02
7.400502E+02
4.424054E+02
4.925411E+02
5.409227E+02
6.419763E+02
4.875688E+02
4.430368E+02
2.975314E+02
5.356963E+02
4.449114E+02
5.389723E+02
3.462007E+02
5.901270E+02
5.383258E+02
7.405582E+02
5.934898E+02
3.446866E+02
5.915154E+02
3.939620E+02
4.443361E+02
5.439463E+02
5.439856E+02
8.837418E+02
4.446238E+02
4.437765E+02
6.887625E+02
3.946552E+02
5.885175E+02
6.434910E+02
3.475000E+02
5.406668E+02
3.941443E+02
5.441454E+02
3.946552E+02
7.330029E+02
3.472123E+02
4.910275E+02
5.911790E+02
3.938079E+02
3.910903E+02
5.865206E+02
3.946552E+02
5.859655E+02
5.924137E+02
2.975622E+02
1.970609E+02
5.896546E+02
3.412171E+02
3.868061E+02
1.470923E+02
2.410175E+02
4.884570E+02
1.441814E+02
9.993717E+01
1.463992E+02
9.712376E+01
3.442913E+02
1.953461E+02
2.465485E+02
2.909861E+02
4.404012E+02
5.924245E+02
2.921812E+02
2.449783E+02
2.933599E+02
4.917521E+02
2.400059E+02
1.954740E+02
4.996859E+01
3.880707E+02
3.940490E+02
2.914094E+02
9.863789E+01
3.425641E+02
2.907630E+02
4.929953E+02
4.432656E+02
9.712376E+01
3.439526E+02
1.463992E+02
1.967733E+02
2.963835E+02
3.937614E+02
6.361790E+02
1.970609E+02
1.962136E+02
4.411997E+02
1.470923E+02
3.409547E+02
3.959281E+02
9.993717E+01
3.904426E+02
1.465815E+02
3.939212E+02
1.470923E+02
4.854400E+02
9.964949E+01
2.434647E+02
3.436161E+02
1.462451E+02
1.435275E+02
3.389577E+02
1.470923E+02
3.384027E+02
3.448509E+02
3.468376E+02
2.463364E+02
6.389300E+02
3.904925E+02
4.360815E+02
1.963678E+02
2.902930E+02
5.377324E+02
1.934569E+02
1.492126E+02
1.956746E+02
1.463992E+02
3.935667E+02
2.446216E+02
2.958239E+02
3.402616E+02
4.896766E+02
6.417000E+02
3.414567E+02
2.942537E+02
3.426353E+02
5.410276E+02
2.892814E+02
2.447494E+02
9.924403E+01
4.373461E+02
4.433245E+02
3.406849E+02
1.479133E+02
3.918396E+02
3.400384E+02
5.422708E+02
4.925411E+02
1.463992E+02
3.932281E+02
1.956746E+02
2.460487E+02
3.456590E+02
4.430368E+02
6.854544E+02
2.463364E+02
2.454891E+02
4.904751E+02
1.963678E+02
3.902301E+02
4.452036E+02
1.492126E+02
4.397181E+02
1.958570E+02
4.431966E+02
1.963678E+02
5.347155E+02
1.489249E+02
2.927401E+02
3.928916E+02
1.955205E+02
1.928030E+02
3.882332E+02
1.963678E+02
3.876781E+02
3.941263E+02
3.961131E+02
2.956118E+02
6.882055E+02
3.412171E+02
4.853569E+02
2.456432E+02
3.395684E+02
5.870079E+02
2.427323E+02
1.984881E+02
2.449501E+02
1.956746E+02
4.428422E+02
2.938970E+02
3.450993E+02
3.895370E+02
5.389520E+02
6.909754E+02
3.907321E+02
3.435291E+02
3.919108E+02
5.903030E+02
3.385568E+02
2.940249E+02
1.485195E+02
4.866215E+02
4.925999E+02
3.899603E+02
1.971888E+02
4.411150E+02
3.893139E+02
5.915462E+02
5.418165E+02
1.956746E+02
3.425663E+02
2.449501E+02
2.953241E+02
3.949344E+02
4.923122E+02
7.347299E+02
2.956118E+02
2.947645E+02
5.397506E+02
2.456432E+02
4.395056E+02
3.959281E+02
1.984881E+02
4.889935E+02
2.451324E+02
4.924721E+02
2.456432E+02
5.839909E+02
1.982004E+02
3.420156E+02
4.421670E+02
2.447959E+02
2.420784E+02
4.375086E+02
2.456432E+02
4.369535E+02
4.434018E+02
2.961759E+02
1.956746E+02
5.882683E+02
3.398308E+02
3.854198E+02
1.457061E+02
2.396312E+02
4.870707E+02
1.427952E+02
9.855088E+01
1.450129E+02
9.573747E+01
3.429050E+02
1.939598E+02
2.451622E+02
2.895998E+02
4.390149E+02
5.910382E+02
2.907949E+02
2.435920E+02
2.919736E+02
4.903658E+02
2.386196E+02
1.940877E+02
4.858229E+01
3.866844E+02
3.926627E+02
2.900231E+02
9.725160E+01
3.411778E+02
2.893767E+02
4.916090E+02
4.418793E+02
9.573747E+01
3.425663E+02
1.450129E+02
1.953870E+02
2.949972E+02
3.923751E+02
6.347927E+02
1.956746E+02
1.948273E+02
4.398134E+02
1.457061E+02
3.395684E+02
3.945418E+02
9.855088E+01
3.890563E+02
1.451952E+02
3.925349E+02
1.457061E+02
4.840537E+02
9.826320E+01
2.420784E+02
3.422298E+02
1.448588E+02
1.421412E+02
3.375714E+02
1.457061E+02
3.370164E+02
3.434646E+02
3.470199E+02
3.458805E+02
7.384742E+02
4.900366E+02
5.356256E+02
2.959119E+02
3.898371E+02
6.372765E+02
2.930010E+02
2.487567E+02
2.952188E+02
2.459433E+02
4.931108E+02
3.441657E+02
3.953680E+02
4.398057E+02
5.892207E+02
7.412441E+02
4.410008E+02
3.937978E+02
4.421794E+02
6.405717E+02
3.888255E+02
3.442935E+02
1.987882E+02
5.368902E+02
5.428686E+02
4.402290E+02
2.474575E+02
4.913837E+02
4.395825E+02
6.418149E+02
5.920852E+02
2.459433E+02
4.927722E+02
2.952188E+02
3.455928E+02
4.452031E+02
5.425809E+02
6.850614E+02
3.458805E+02
3.450332E+02
5.900192E+02
2.959119E+02
4.897743E+02
5.447477E+02
2.487567E+02
5.392622E+02
2.954011E+02
5.427408E+02
2.959119E+02
6.342596E+02
2.484691E+02
3.922843E+02
4.924357E+02
2.950646E+02
2.923471E+02
4.877773E+02
2.959119E+02
4.872222E+02
4.936705E+02
3.439659E+02
2.434647E+02
6.360584E+02
2.948133E+02
3.404023E+02
1.934961E+02
1.946138E+02
4.420532E+02
9.777769E+01
1.463409E+02
1.928030E+02
1.435275E+02
3.906950E+02
2.417499E+02
2.929522E+02
2.445824E+02
4.868049E+02
6.388283E+02
3.385850E+02
2.913820E+02
3.397636E+02
5.381559E+02
1.936022E+02
2.418777E+02
9.637235E+01
3.416669E+02
4.404528E+02
3.378132E+02
1.450417E+02
2.961604E+02
2.443592E+02
5.393991E+02
4.896694E+02
1.435275E+02
3.903564E+02
1.928030E+02
2.431770E+02
2.428501E+02
4.401651E+02
5.897752E+02
2.434647E+02
2.426174E+02
4.876034E+02
1.934961E+02
2.945509E+02
4.423319E+02
1.463409E+02
4.368464E+02
1.929853E+02
4.403250E+02
1.934961E+02
4.390363E+02
1.460533E+02
1.970609E+02
3.900199E+02
1.926488E+02
9.712376E+01
2.925540E+02
1.934961E+02
2.919989E+02
3.912546E+02
5.419140E+02
4.414128E+02
6.419203E+02
5.855689E+02
4.390717E+02
3.914442E+02
4.853694E+02
7.328088E+02
3.885333E+02
3.442890E+02
3.907510E+02
3.414756E+02
4.892813E+02
4.396980E+02
3.952821E+02
5.353379E+02
4.926668E+02
7.411582E+02
4.409148E+02
4.893301E+02
5.377117E+02
5.411240E+02
4.843578E+02
4.398258E+02
2.943204E+02
5.368043E+02
6.384009E+02
3.436751E+02
3.429897E+02
5.869160E+02
5.351148E+02
7.373472E+02
6.876175E+02
3.414756E+02
5.883044E+02
3.907510E+02
4.411251E+02
4.451172E+02
6.381132E+02
6.884446E+02
4.414128E+02
4.405655E+02
4.934653E+02
3.914442E+02
5.853065E+02
6.402800E+02
3.442890E+02
4.427083E+02
3.909334E+02
6.382730E+02
3.914442E+02
6.341737E+02
3.440013E+02
4.878165E+02
5.879680E+02
3.905969E+02
3.878794E+02
3.912234E+02
3.914442E+02
5.827545E+02
5.892027E+02
