2.563199E+02
6.095761E+02
3.556971E+02
3.538513E+02
3.072686E+02
6.639211E+02
3.095400E+02
3.508688E+02
3.556971E+02
3.029025E+02
2.563199E+02
4.576844E+02
4.565270E+02
3.029025E+02
6.600034E+02
5.606733E+02
6.699169E+02
5.567558E+02
3.556971E+02
3.548498E+02
5.063262E+02
5.565055E+02
5.638822E+02
4.042181E+02
4.018176E+02
2.095191E+03
4.032307E+02
3.550040E+02
3.139468E+02
5.551869E+02
4.016710E+02
4.079809E+02
4.599000E+02
6.640289E+02
4.575974E+02
2.563199E+02
2.941006E+02
4.582589E+02
3.003125E+02
2.984667E+02
3.450494E+02
6.085366E+02
4.426700E+02
1.995517E+02
3.003125E+02
2.475180E+02
2.941006E+02
4.022999E+02
4.011424E+02
2.475180E+02
5.086863E+02
4.093562E+02
6.145324E+02
5.013712E+02
3.003125E+02
2.994653E+02
3.519687E+02
3.062154E+02
5.022019E+02
3.488336E+02
2.505004E+02
2.039806E+03
3.478462E+02
2.996194E+02
4.470767E+02
3.023285E+02
2.503538E+02
3.525963E+02
4.045154E+02
5.127118E+02
4.022129E+02
2.941006E+02
2.984236E+02
5.585145E+02
3.046355E+02
3.027897E+02
3.493724E+02
6.128596E+02
3.502173E+02
2.998072E+02
3.046355E+02
2.518410E+02
2.984236E+02
4.066229E+02
4.054654E+02
2.518410E+02
5.121661E+02
5.096117E+02
6.188554E+02
5.056942E+02
3.046355E+02
3.037883E+02
4.552647E+02
5.054439E+02
6.010241E+02
3.531566E+02
3.507560E+02
1.848856E+03
3.521692E+02
3.039424E+02
4.513997E+02
5.041254E+02
3.506094E+02
3.569193E+02
4.088384E+02
6.129673E+02
4.065359E+02
2.984236E+02
4.767460E+01
4.009308E+02
1.470518E+02
1.452060E+02
9.862337E+01
4.552759E+02
1.008948E+02
1.422235E+02
1.470518E+02
9.425726E+01
4.767460E+01
2.490392E+02
2.478817E+02
9.425726E+01
4.513581E+02
3.520280E+02
4.612717E+02
3.481105E+02
1.470518E+02
1.462046E+02
2.976810E+02
3.478602E+02
3.552369E+02
1.955729E+02
1.931723E+02
1.886545E+03
1.945855E+02
1.463587E+02
1.053015E+02
3.465417E+02
1.930257E+02
1.993356E+02
2.512547E+02
4.553836E+02
2.489522E+02
4.767460E+01
5.079644E+02
7.680553E+02
5.141763E+02
5.123305E+02
5.589131E+02
8.224003E+02
5.597580E+02
5.093480E+02
5.141763E+02
4.613817E+02
5.079644E+02
6.161636E+02
6.150062E+02
4.613817E+02
7.217068E+02
7.191525E+02
8.283961E+02
7.152350E+02
5.141763E+02
5.133290E+02
6.648054E+02
7.149847E+02
9.108759E+02
5.626973E+02
5.602968E+02
2.058396E+03
5.617099E+02
5.134832E+02
6.609405E+02
7.136661E+02
5.601502E+02
5.664601E+02
6.183792E+02
8.225081E+02
6.160766E+02
5.079644E+02
9.839642E+01
3.584873E+02
1.046084E+02
1.027625E+02
1.493452E+02
4.128324E+02
2.469658E+02
9.978004E+01
1.046084E+02
5.181376E+01
9.839642E+01
2.065957E+02
2.054382E+02
5.181376E+01
4.089146E+02
3.095845E+02
4.188282E+02
3.056670E+02
1.046084E+02
1.037611E+02
2.552375E+02
3.054167E+02
3.976804E+02
1.531294E+02
1.507288E+02
1.844102E+03
1.521420E+02
1.039152E+02
2.513725E+02
3.040982E+02
1.505822E+02
1.568921E+02
2.088112E+02
4.129401E+02
2.065087E+02
9.839642E+01
0.000000E+00
3.532562E+02
9.937725E+01
9.753142E+01
5.094876E+01
4.076013E+02
1.485694E+02
9.454893E+01
9.937725E+01
4.658265E+01
0.000000E+00
2.013646E+02
2.002071E+02
4.658265E+01
4.036835E+02
3.043534E+02
4.135971E+02
3.004359E+02
9.937725E+01
9.852995E+01
2.500063E+02
3.001856E+02
4.029115E+02
1.478983E+02
1.454977E+02
1.838871E+03
1.469109E+02
9.868410E+01
1.529761E+02
2.988671E+02
1.453511E+02
1.516610E+02
2.035801E+02
4.077090E+02
2.012775E+02
0.000000E+00
1.527530E+02
5.060092E+02
2.521302E+02
2.502844E+02
2.037017E+02
5.603542E+02
2.059731E+02
2.473019E+02
2.521302E+02
1.993356E+02
1.527530E+02
3.541175E+02
3.529601E+02
1.993356E+02
5.564365E+02
4.571064E+02
5.663500E+02
4.531889E+02
2.521302E+02
2.512829E+02
4.027593E+02
4.529386E+02
4.603153E+02
3.006512E+02
2.982507E+02
1.991624E+03
2.996638E+02
2.514371E+02
2.103799E+02
4.516200E+02
2.981041E+02
3.044140E+02
3.563331E+02
5.604620E+02
3.540305E+02
1.527530E+02
1.020927E+02
4.553489E+02
2.014699E+02
1.996241E+02
1.530414E+02
5.096940E+02
2.506621E+02
1.966416E+02
2.014699E+02
1.486753E+02
1.020927E+02
3.034572E+02
3.022998E+02
1.486753E+02
5.057762E+02
4.064461E+02
5.156898E+02
4.025286E+02
2.014699E+02
2.006226E+02
3.520990E+02
4.022783E+02
5.050042E+02
2.499909E+02
2.475904E+02
1.940963E+03
2.490036E+02
2.007768E+02
2.550688E+02
3.023636E+02
2.474438E+02
2.537537E+02
3.056728E+02
5.098017E+02
3.033702E+02
1.020927E+02
3.056017E+02
5.656926E+02
3.118136E+02
3.099678E+02
3.565505E+02
6.200377E+02
4.541711E+02
3.069853E+02
3.118136E+02
2.590190E+02
3.056017E+02
4.138010E+02
4.126435E+02
2.590190E+02
6.161199E+02
5.167898E+02
6.260335E+02
5.128723E+02
3.118136E+02
3.109663E+02
3.634698E+02
4.136490E+02
7.085132E+02
3.603347E+02
3.579341E+02
2.051307E+03
3.593473E+02
3.111205E+02
4.585778E+02
5.113035E+02
3.577875E+02
3.640974E+02
4.160165E+02
6.201454E+02
4.137139E+02
3.056017E+02
9.908956E+01
3.591805E+02
1.053015E+02
1.034557E+02
1.500383E+02
4.135255E+02
2.476589E+02
1.004732E+02
1.053015E+02
5.250691E+01
9.908956E+01
2.072888E+02
2.061314E+02
5.250691E+01
4.096078E+02
3.102777E+02
4.195213E+02
3.063602E+02
1.053015E+02
1.044542E+02
2.559306E+02
3.061099E+02
5.020011E+02
1.538225E+02
1.514220E+02
1.844795E+03
1.528351E+02
1.046084E+02
2.520657E+02
3.047913E+02
1.512753E+02
1.575853E+02
2.095044E+02
4.136333E+02
2.072018E+02
9.908956E+01
3.498021E+02
5.139605E+02
3.560141E+02
3.541682E+02
4.007509E+02
6.642381E+02
4.015958E+02
2.552532E+02
3.560141E+02
3.032195E+02
3.498021E+02
4.580014E+02
4.568439E+02
3.032195E+02
4.676120E+02
4.650577E+02
6.702339E+02
5.570728E+02
3.560141E+02
3.551668E+02
5.066432E+02
4.608899E+02
6.567811E+02
4.045351E+02
3.062020E+02
1.898688E+03
4.035477E+02
3.553209E+02
5.027782E+02
5.555039E+02
3.060554E+02
4.082978E+02
4.602170E+02
5.684133E+02
4.579144E+02
3.498021E+02
0.000000E+00
3.532562E+02
9.937725E+01
9.753142E+01
5.094876E+01
4.076013E+02
1.485694E+02
9.454893E+01
9.937725E+01
4.658265E+01
0.000000E+00
2.013646E+02
2.002071E+02
4.658265E+01
4.036835E+02
3.043534E+02
4.135971E+02
3.004359E+02
9.937725E+01
9.852995E+01
2.500063E+02
3.001856E+02
4.029115E+02
1.478983E+02
1.454977E+02
1.838871E+03
1.469109E+02
9.868410E+01
1.529761E+02
2.988671E+02
1.453511E+02
1.516610E+02
2.035801E+02
4.077090E+02
2.012775E+02
0.000000E+00
0.000000E+00
3.532562E+02
9.937725E+01
9.753142E+01
5.094876E+01
4.076013E+02
1.485694E+02
9.454893E+01
9.937725E+01
4.658265E+01
0.000000E+00
2.013646E+02
2.002071E+02
4.658265E+01
4.036835E+02
3.043534E+02
4.135971E+02
3.004359E+02
9.937725E+01
9.852995E+01
2.500063E+02
3.001856E+02
4.029115E+02
1.478983E+02
1.454977E+02
1.838871E+03
1.469109E+02
9.868410E+01
1.529761E+02
2.988671E+02
1.453511E+02
1.516610E+02
2.035801E+02
4.077090E+02
2.012775E+02
0.000000E+00
4.767460E+01
4.009308E+02
1.470518E+02
1.452060E+02
9.862337E+01
4.552759E+02
1.008948E+02
1.422235E+02
1.470518E+02
9.425726E+01
4.767460E+01
2.490392E+02
2.478817E+02
9.425726E+01
4.513581E+02
3.520280E+02
4.612717E+02
3.481105E+02
1.470518E+02
1.462046E+02
2.976810E+02
3.478602E+02
3.552369E+02
1.955729E+02
1.931723E+02
1.886545E+03
1.945855E+02
1.463587E+02
1.053015E+02
3.465417E+02
1.930257E+02
1.993356E+02
2.512547E+02
4.553836E+02
2.489522E+02
4.767460E+01
3.531294E+02
7.063856E+02
4.525067E+02
4.506608E+02
4.040782E+02
7.607307E+02
4.063496E+02
4.476784E+02
4.525067E+02
3.997121E+02
3.531294E+02
5.544940E+02
5.533365E+02
3.997121E+02
7.568129E+02
6.574829E+02
7.667265E+02
6.535654E+02
4.525067E+02
4.516594E+02
6.031358E+02
6.533150E+02
6.606918E+02
5.010277E+02
4.986271E+02
2.192000E+03
5.000403E+02
4.518135E+02
4.107563E+02
6.519965E+02
4.984805E+02
5.047904E+02
5.567096E+02
7.608384E+02
5.544070E+02
3.531294E+02
4.658265E+01
3.066735E+02
5.279459E+01
5.094876E+01
9.753142E+01
3.610186E+02
1.951520E+02
4.796628E+01
5.279459E+01
0.000000E+00
4.658265E+01
1.547819E+02
1.536245E+02
0.000000E+00
3.571009E+02
2.577708E+02
3.670144E+02
2.538533E+02
5.279459E+01
5.194729E+01
2.034237E+02
2.536029E+02
4.494942E+02
1.013156E+02
9.891504E+01
1.792288E+03
1.003282E+02
5.210144E+01
1.995588E+02
2.522844E+02
9.876844E+01
1.050784E+02
1.569975E+02
3.611264E+02
1.546949E+02
4.658265E+01
9.710856E+01
3.571995E+02
1.033205E+02
1.014747E+02
1.480573E+02
4.115445E+02
2.456779E+02
9.849219E+01
1.033205E+02
5.052591E+01
9.710856E+01
2.053078E+02
2.041504E+02
5.052591E+01
4.076268E+02
3.082967E+02
4.175403E+02
3.043792E+02
1.033205E+02
1.024732E+02
2.539496E+02
3.041289E+02
5.000201E+02
1.518415E+02
1.494410E+02
1.842814E+03
1.508541E+02
1.026274E+02
2.500847E+02
3.028103E+02
1.492943E+02
1.556043E+02
2.075234E+02
4.116523E+02
2.052208E+02
9.710856E+01
0.000000E+00
3.532562E+02
9.937725E+01
9.753142E+01
5.094876E+01
4.076013E+02
1.485694E+02
9.454893E+01
9.937725E+01
4.658265E+01
0.000000E+00
2.013646E+02
2.002071E+02
4.658265E+01
4.036835E+02
3.043534E+02
4.135971E+02
3.004359E+02
9.937725E+01
9.852995E+01
2.500063E+02
3.001856E+02
4.029115E+02
1.478983E+02
1.454977E+02
1.838871E+03
1.469109E+02
9.868410E+01
1.529761E+02
2.988671E+02
1.453511E+02
1.516610E+02
2.035801E+02
4.077090E+02
2.012775E+02
0.000000E+00
1.992061E+02
5.524623E+02
2.985834E+02
2.967376E+02
2.501549E+02
6.068074E+02
2.524263E+02
2.937551E+02
2.985834E+02
2.457888E+02
1.992061E+02
4.005707E+02
3.994132E+02
2.457888E+02
6.028896E+02
5.035596E+02
6.128032E+02
4.996421E+02
2.985834E+02
2.977361E+02
4.492125E+02
4.993917E+02
4.078907E+02
3.471044E+02
3.447038E+02
2.038077E+03
3.461170E+02
2.978902E+02
2.568330E+02
3.005993E+02
3.445572E+02
3.508671E+02
4.027863E+02
6.069152E+02
4.004837E+02
1.992061E+02
1.514787E+02
4.115696E+02
1.576906E+02
1.558448E+02
2.024275E+02
4.659147E+02
3.000481E+02
1.528623E+02
1.576906E+02
1.048960E+02
1.514787E+02
2.596779E+02
2.585205E+02
1.048960E+02
4.619969E+02
3.626668E+02
4.719105E+02
3.587493E+02
1.576906E+02
1.568433E+02
3.083197E+02
3.584990E+02
5.543902E+02
2.062116E+02
2.038111E+02
1.897184E+03
2.052243E+02
1.569975E+02
3.044548E+02
3.571805E+02
2.036645E+02
2.099744E+02
2.618935E+02
4.660224E+02
2.595909E+02
1.514787E+02
0.000000E+00
3.532562E+02
9.937725E+01
9.753142E+01
5.094876E+01
4.076013E+02
1.485694E+02
9.454893E+01
9.937725E+01
4.658265E+01
0.000000E+00
2.013646E+02
2.002071E+02
4.658265E+01
4.036835E+02
3.043534E+02
4.135971E+02
3.004359E+02
9.937725E+01
9.852995E+01
2.500063E+02
3.001856E+02
4.029115E+02
1.478983E+02
1.454977E+02
1.838871E+03
1.469109E+02
9.868410E+01
1.529761E+02
2.988671E+02
1.453511E+02
1.516610E+02
2.035801E+02
4.077090E+02
2.012775E+02
0.000000E+00
4.767460E+01
4.009308E+02
1.470518E+02
1.452060E+02
9.862337E+01
4.552759E+02
1.008948E+02
1.422235E+02
1.470518E+02
9.425726E+01
4.767460E+01
2.490392E+02
2.478817E+02
9.425726E+01
4.513581E+02
3.520280E+02
4.612717E+02
3.481105E+02
1.470518E+02
1.462046E+02
2.976810E+02
3.478602E+02
3.552369E+02
1.955729E+02
1.931723E+02
1.886545E+03
1.945855E+02
1.463587E+02
1.053015E+02
3.465417E+02
1.930257E+02
1.993356E+02
2.512547E+02
4.553836E+02
2.489522E+02
4.767460E+01
1.496803E+02
5.029365E+02
2.490575E+02
2.472117E+02
2.006290E+02
5.572816E+02
2.029004E+02
2.442292E+02
2.490575E+02
1.962629E+02
1.496803E+02
3.510448E+02
3.498874E+02
1.962629E+02
5.533638E+02
4.540337E+02
5.632774E+02
4.501162E+02
2.490575E+02
2.482102E+02
3.996866E+02
4.498659E+02
4.572426E+02
2.975785E+02
2.951780E+02
1.988551E+03
2.965911E+02
2.483644E+02
2.073072E+02
4.485474E+02
2.950314E+02
3.013413E+02
3.532604E+02
5.573893E+02
3.509578E+02
1.496803E+02
9.697269E+01
4.502289E+02
1.963499E+02
1.945041E+02
1.479215E+02
5.045740E+02
1.501929E+02
1.915216E+02
1.963499E+02
1.435553E+02
9.697269E+01
2.983372E+02
2.971798E+02
1.435553E+02
5.006562E+02
4.013261E+02
5.105698E+02
3.974086E+02
1.963499E+02
1.955026E+02
3.469790E+02
3.971583E+02
4.045350E+02
2.448709E+02
2.424704E+02
1.935843E+03
2.438836E+02
1.956568E+02
1.545996E+02
2.972436E+02
2.423238E+02
2.486337E+02
3.005528E+02
5.046817E+02
2.982502E+02
9.697269E+01
0.000000E+00
3.532562E+02
9.937725E+01
9.753142E+01
5.094876E+01
4.076013E+02
1.485694E+02
9.454893E+01
9.937725E+01
4.658265E+01
0.000000E+00
2.013646E+02
2.002071E+02
4.658265E+01
4.036835E+02
3.043534E+02
4.135971E+02
3.004359E+02
9.937725E+01
9.852995E+01
2.500063E+02
3.001856E+02
4.029115E+02
1.478983E+02
1.454977E+02
1.838871E+03
1.469109E+02
9.868410E+01
1.529761E+02
2.988671E+02
1.453511E+02
1.516610E+02
2.035801E+02
4.077090E+02
2.012775E+02
0.000000E+00
1.959672E+02
3.601255E+02
2.021791E+02
2.003333E+02
2.469159E+02
5.104031E+02
3.445365E+02
1.014182E+02
2.021791E+02
1.493845E+02
1.959672E+02
3.041664E+02
3.030090E+02
1.493845E+02
4.105528E+02
3.112227E+02
5.163989E+02
4.032378E+02
2.021791E+02
2.013318E+02
3.528082E+02
3.070549E+02
5.029461E+02
2.507001E+02
1.523670E+02
1.941673E+03
2.497127E+02
2.014859E+02
3.489433E+02
4.016689E+02
1.522204E+02
2.544629E+02
3.063820E+02
4.145783E+02
3.040794E+02
1.959672E+02
4.658265E+01
3.066735E+02
5.279459E+01
5.094876E+01
9.753142E+01
3.610186E+02
1.951520E+02
4.796628E+01
5.279459E+01
0.000000E+00
4.658265E+01
1.547819E+02
1.536245E+02
0.000000E+00
3.571009E+02
2.577708E+02
3.670144E+02
2.538533E+02
5.279459E+01
5.194729E+01
2.034237E+02
2.536029E+02
4.494942E+02
1.013156E+02
9.891504E+01
1.792288E+03
1.003282E+02
5.210144E+01
1.995588E+02
2.522844E+02
9.876844E+01
1.050784E+02
1.569975E+02
3.611264E+02
1.546949E+02
4.658265E+01
1.518842E+02
4.119750E+02
1.580961E+02
1.562503E+02
2.028329E+02
4.663201E+02
3.004535E+02
1.532678E+02
1.580961E+02
1.053015E+02
1.518842E+02
2.600834E+02
2.589260E+02
1.053015E+02
4.624024E+02
3.630723E+02
4.723159E+02
3.591548E+02
1.580961E+02
1.572488E+02
3.087252E+02
3.589044E+02
5.547957E+02
2.066171E+02
2.042165E+02
1.897590E+03
2.056297E+02
1.574029E+02
3.048603E+02
3.575859E+02
2.040699E+02
2.103799E+02
2.622990E+02
4.664279E+02
2.599964E+02
1.518842E+02
4.061584E+02
5.703168E+02
4.123704E+02
4.105245E+02
4.571072E+02
7.205944E+02
5.547278E+02
3.116095E+02
4.123704E+02
3.595758E+02
4.061584E+02
5.143577E+02
5.132002E+02
3.595758E+02
6.207441E+02
5.214140E+02
7.265902E+02
6.134290E+02
4.123704E+02
4.115231E+02
5.629995E+02
5.172462E+02
7.131374E+02
4.608914E+02
3.625583E+02
2.051009E+03
4.599040E+02
4.116772E+02
5.591345E+02
6.118602E+02
3.624116E+02
4.646541E+02
5.165732E+02
6.247696E+02
5.142707E+02
4.061584E+02
4.658265E+01
3.066735E+02
5.279459E+01
5.094876E+01
9.753142E+01
3.610186E+02
1.951520E+02
4.796628E+01
5.279459E+01
0.000000E+00
4.658265E+01
1.547819E+02
1.536245E+02
0.000000E+00
3.571009E+02
2.577708E+02
3.670144E+02
2.538533E+02
5.279459E+01
5.194729E+01
2.034237E+02
2.536029E+02
4.494942E+02
1.013156E+02
9.891504E+01
1.792288E+03
1.003282E+02
5.210144E+01
1.995588E+02
2.522844E+02
9.876844E+01
1.050784E+02
1.569975E+02
3.611264E+02
1.546949E+02
4.658265E+01
6.078139E+02
9.610701E+02
7.071912E+02
7.053454E+02
6.587627E+02
9.142205E+02
5.642584E+02
7.023629E+02
7.071912E+02
6.543966E+02
6.078139E+02
8.091785E+02
8.080211E+02
6.543966E+02
9.147217E+02
9.121674E+02
1.021411E+03
9.082499E+02
7.071912E+02
7.063439E+02
8.578203E+02
9.079995E+02
9.153763E+02
7.557122E+02
7.533116E+02
2.052972E+03
7.547248E+02
7.064980E+02
6.654408E+02
9.066810E+02
7.531650E+02
7.594750E+02
8.113941E+02
1.015523E+03
8.090915E+02
6.078139E+02
5.091865E+02
7.692774E+02
5.153984E+02
5.135526E+02
5.601352E+02
7.224277E+02
6.577559E+02
5.105701E+02
5.153984E+02
4.626038E+02
5.091865E+02
6.173857E+02
6.162283E+02
4.626038E+02
8.197047E+02
7.203746E+02
8.296183E+02
7.164571E+02
5.153984E+02
5.145511E+02
6.660275E+02
7.162068E+02
9.120980E+02
5.639194E+02
5.615189E+02
2.155631E+03
5.629320E+02
5.147053E+02
6.621626E+02
7.148883E+02
5.613723E+02
5.676822E+02
6.196013E+02
8.237302E+02
6.172987E+02
5.091865E+02
2.557434E+02
5.130671E+02
3.551207E+02
3.532749E+02
3.066922E+02
6.633447E+02
4.043128E+02
2.543598E+02
3.551207E+02
3.023261E+02
2.557434E+02
4.571080E+02
4.559506E+02
3.023261E+02
5.634944E+02
4.641643E+02
6.693405E+02
5.561794E+02
3.551207E+02
3.542734E+02
5.057498E+02
4.599965E+02
5.627224E+02
4.036417E+02
3.053086E+02
2.094614E+03
4.026543E+02
3.544275E+02
4.087196E+02
5.546105E+02
3.051620E+02
4.074045E+02
4.593236E+02
5.675199E+02
4.570210E+02
2.557434E+02
1.004692E+02
4.537254E+02
1.998464E+02
1.980006E+02
1.514180E+02
5.080705E+02
1.536894E+02
1.950181E+02
1.998464E+02
1.470518E+02
1.004692E+02
3.018338E+02
3.006763E+02
1.470518E+02
5.041527E+02
4.048226E+02
5.140663E+02
4.009051E+02
1.998464E+02
1.989991E+02
3.504755E+02
4.006548E+02
4.080315E+02
2.483675E+02
2.459669E+02
1.939340E+03
2.473801E+02
1.991533E+02
1.580961E+02
3.993363E+02
2.458203E+02
2.521302E+02
3.040493E+02
5.081782E+02
3.017467E+02
1.004692E+02
5.098258E+02
7.699167E+02
5.160377E+02
5.141919E+02
5.607746E+02
8.242618E+02
6.583952E+02
5.112094E+02
5.160377E+02
4.632431E+02
5.098258E+02
6.180250E+02
6.168676E+02
4.632431E+02
8.203440E+02
7.210139E+02
8.302576E+02
7.170964E+02
5.160377E+02
5.151904E+02
5.676939E+02
6.178731E+02
9.127373E+02
5.645587E+02
5.621582E+02
2.155123E+03
5.635714E+02
5.153446E+02
6.628019E+02
7.155276E+02
5.620116E+02
5.683215E+02
6.202406E+02
8.243695E+02
6.179380E+02
5.098258E+02
1.992061E+02
5.524623E+02
2.985834E+02
2.967376E+02
2.501549E+02
6.068074E+02
2.524263E+02
2.937551E+02
2.985834E+02
2.457888E+02
1.992061E+02
4.005707E+02
3.994132E+02
2.457888E+02
6.028896E+02
5.035596E+02
6.128032E+02
4.996421E+02
2.985834E+02
2.977361E+02
4.492125E+02
4.993917E+02
4.078907E+02
3.471044E+02
3.447038E+02
2.038077E+03
3.461170E+02
2.978902E+02
2.568330E+02
3.005993E+02
3.445572E+02
3.508671E+02
4.027863E+02
6.069152E+02
4.004837E+02
1.992061E+02
1.521288E+02
5.053850E+02
2.515061E+02
2.496602E+02
2.030776E+02
5.597301E+02
2.053490E+02
2.466777E+02
2.515061E+02
1.987115E+02
1.521288E+02
3.534934E+02
3.523359E+02
1.987115E+02
5.558123E+02
4.564822E+02
5.657259E+02
4.525647E+02
2.515061E+02
2.506588E+02
4.021352E+02
4.523144E+02
4.596911E+02
3.000271E+02
2.976265E+02
1.990999E+03
2.990397E+02
2.508129E+02
2.097557E+02
4.509959E+02
2.974799E+02
3.037898E+02
3.557089E+02
5.598378E+02
3.534064E+02
1.521288E+02
2.486846E+02
5.087755E+02
2.548965E+02
2.530507E+02
2.996334E+02
5.631206E+02
3.972540E+02
2.500682E+02
2.548965E+02
2.021019E+02
2.486846E+02
3.568838E+02
3.557264E+02
2.021019E+02
5.592028E+02
4.598727E+02
5.691164E+02
4.559552E+02
2.548965E+02
2.540492E+02
3.065527E+02
3.567319E+02
6.515961E+02
3.034175E+02
3.010170E+02
1.994390E+03
3.024302E+02
2.542034E+02
4.016607E+02
4.543864E+02
3.008704E+02
3.071803E+02
3.590994E+02
5.632283E+02
3.567968E+02
2.486846E+02
0.000000E+00
3.532562E+02
9.937725E+01
9.753142E+01
5.094876E+01
4.076013E+02
1.485694E+02
9.454893E+01
9.937725E+01
4.658265E+01
0.000000E+00
2.013646E+02
2.002071E+02
4.658265E+01
4.036835E+02
3.043534E+02
4.135971E+02
3.004359E+02
9.937725E+01
9.852995E+01
2.500063E+02
3.001856E+02
4.029115E+02
1.478983E+02
1.454977E+02
1.838871E+03
1.469109E+02
9.868410E+01
1.529761E+02
2.988671E+02
1.453511E+02
1.516610E+02
2.035801E+02
4.077090E+02
2.012775E+02
0.000000E+00
1.473435E+02
3.115019E+02
1.535555E+02
1.517096E+02
1.982923E+02
4.617795E+02
2.959129E+02
5.279459E+01
1.535555E+02
1.007609E+02
1.473435E+02
2.555428E+02
2.543853E+02
1.007609E+02
3.619292E+02
2.625991E+02
4.677753E+02
3.546142E+02
1.535555E+02
1.527082E+02
3.041846E+02
2.584313E+02
4.543225E+02
2.020765E+02
1.037434E+02
1.893049E+03
2.010891E+02
1.528623E+02
3.003196E+02
3.530453E+02
1.035968E+02
2.058392E+02
2.577583E+02
3.659547E+02
2.554558E+02
1.473435E+02
3.075757E+02
6.608319E+02
4.069529E+02
4.051071E+02
3.585245E+02
7.151770E+02
3.607959E+02
4.021246E+02
4.069529E+02
3.541583E+02
3.075757E+02
5.089402E+02
5.077828E+02
3.541583E+02
7.112592E+02
6.119291E+02
7.211728E+02
6.080116E+02
4.069529E+02
4.061056E+02
5.575820E+02
6.077613E+02
6.151380E+02
4.554740E+02
4.530734E+02
2.146446E+03
4.544866E+02
4.062598E+02
3.652026E+02
5.078466E+02
4.529268E+02
4.592367E+02
5.111558E+02
7.152847E+02
5.088532E+02
3.075757E+02
4.061021E+02
5.702604E+02
4.123140E+02
4.104682E+02
4.570508E+02
7.205381E+02
5.546715E+02
3.115531E+02
4.123140E+02
3.595194E+02
4.061021E+02
5.143013E+02
5.131439E+02
3.595194E+02
6.206877E+02
5.213576E+02
7.265339E+02
6.133727E+02
4.123140E+02
4.114667E+02
5.629431E+02
5.171898E+02
7.130811E+02
4.608350E+02
2.606044E+02
2.151807E+03
4.598476E+02
4.116209E+02
5.590782E+02
6.118039E+02
3.623553E+02
4.645978E+02
5.165169E+02
5.235912E+02
5.142143E+02
4.061021E+02
6.115156E+02
8.716065E+02
6.177276E+02
6.158818E+02
6.624644E+02
9.259516E+02
7.600850E+02
6.128993E+02
6.177276E+02
5.649330E+02
6.115156E+02
7.197149E+02
7.185574E+02
5.649330E+02
9.220338E+02
8.227038E+02
9.319474E+02
8.187863E+02
6.177276E+02
6.168803E+02
5.701506E+02
7.195630E+02
9.155495E+02
6.662486E+02
6.638480E+02
2.258043E+03
6.652612E+02
6.170344E+02
7.644917E+02
7.183397E+02
6.637014E+02
6.700113E+02
7.219305E+02
9.260594E+02
6.203948E+02
6.115156E+02
3.002103E+02
4.643686E+02
3.064222E+02
3.045764E+02
3.511591E+02
6.146463E+02
4.487797E+02
2.056614E+02
3.064222E+02
2.536276E+02
3.002103E+02
4.084095E+02
4.072521E+02
2.536276E+02
5.147959E+02
4.154659E+02
6.206421E+02
5.074809E+02
3.064222E+02
3.055749E+02
4.570513E+02
4.112980E+02
6.071893E+02
3.549432E+02
2.566101E+02
1.945061E+03
3.539559E+02
3.057291E+02
4.531864E+02
5.059121E+02
2.564635E+02
3.587060E+02
4.106251E+02
5.188214E+02
4.083225E+02
3.002103E+02
2.569558E+02
6.102120E+02
3.563331E+02
3.544873E+02
3.079046E+02
6.645571E+02
3.101760E+02
3.515048E+02
3.563331E+02
3.035385E+02
2.569558E+02
4.583204E+02
4.571630E+02
3.035385E+02
6.606394E+02
5.613093E+02
6.705529E+02
5.573918E+02
3.563331E+02
3.554858E+02
5.069622E+02
5.571414E+02
5.645182E+02
4.048541E+02
4.024535E+02
2.095827E+03
4.038667E+02
3.556399E+02
3.145827E+02
4.524310E+02
4.023069E+02
4.086169E+02
4.605360E+02
6.646649E+02
4.582334E+02
2.569558E+02
1.477748E+02
5.010310E+02
2.471521E+02
2.453063E+02
1.987236E+02
5.553761E+02
2.009950E+02
2.423238E+02
2.471521E+02
1.943575E+02
1.477748E+02
3.491394E+02
3.479820E+02
1.943575E+02
5.514584E+02
4.521283E+02
5.613719E+02
4.482108E+02
2.471521E+02
2.463048E+02
3.977812E+02
4.479604E+02
4.553372E+02
2.956731E+02
2.932725E+02
1.986646E+03
2.946857E+02
2.464589E+02
2.054017E+02
3.480458E+02
2.931259E+02
2.994359E+02
3.513550E+02
5.554839E+02
3.490524E+02
1.477748E+02
2.038612E+02
5.571173E+02
3.032384E+02
3.013926E+02
2.548099E+02
6.114624E+02
2.570813E+02
2.984101E+02
3.032384E+02
2.504438E+02
2.038612E+02
4.052257E+02
4.040683E+02
2.504438E+02
6.075447E+02
5.082146E+02
6.174582E+02
5.042971E+02
3.032384E+02
3.023911E+02
4.538675E+02
5.040468E+02
5.114235E+02
3.517594E+02
3.493588E+02
2.042732E+03
3.507720E+02
3.025453E+02
2.614881E+02
3.993363E+02
3.492122E+02
3.555222E+02
4.074413E+02
6.115702E+02
4.051387E+02
2.038612E+02
2.509677E+02
5.110586E+02
2.571797E+02
2.553338E+02
3.019165E+02
5.654037E+02
3.995371E+02
2.523513E+02
2.571797E+02
2.043851E+02
2.509677E+02
3.591670E+02
3.580095E+02
2.043851E+02
5.614859E+02
4.621558E+02
5.713995E+02
4.582383E+02
2.571797E+02
2.563324E+02
4.078088E+02
4.579880E+02
5.550015E+02
3.057007E+02
3.033001E+02
1.996673E+03
3.047133E+02
2.564865E+02
4.039438E+02
3.577918E+02
3.031535E+02
3.094634E+02
3.613825E+02
5.655114E+02
3.590800E+02
2.509677E+02
4.658265E+01
3.066735E+02
5.279459E+01
5.094876E+01
9.753142E+01
3.610186E+02
1.951520E+02
4.796628E+01
5.279459E+01
0.000000E+00
4.658265E+01
1.547819E+02
1.536245E+02
0.000000E+00
3.571009E+02
2.577708E+02
3.670144E+02
2.538533E+02
5.279459E+01
5.194729E+01
2.034237E+02
2.536029E+02
4.494942E+02
1.013156E+02
9.891504E+01
1.792288E+03
1.003282E+02
5.210144E+01
1.995588E+02
2.522844E+02
9.876844E+01
1.050784E+02
1.569975E+02
3.611264E+02
1.546949E+02
4.658265E+01
4.658265E+01
3.066735E+02
5.279459E+01
5.094876E+01
9.753142E+01
3.610186E+02
1.951520E+02
4.796628E+01
5.279459E+01
0.000000E+00
4.658265E+01
1.547819E+02
1.536245E+02
0.000000E+00
3.571009E+02
2.577708E+02
3.670144E+02
2.538533E+02
5.279459E+01
5.194729E+01
2.034237E+02
2.536029E+02
4.494942E+02
1.013156E+02
9.891504E+01
1.792288E+03
1.003282E+02
5.210144E+01
1.995588E+02
2.522844E+02
9.876844E+01
1.050784E+02
1.569975E+02
3.611264E+02
1.546949E+02
4.658265E+01
4.767460E+01
4.009308E+02
1.470518E+02
1.452060E+02
9.862337E+01
4.552759E+02
1.008948E+02
1.422235E+02
1.470518E+02
9.425726E+01
4.767460E+01
2.490392E+02
2.478817E+02
9.425726E+01
4.513581E+02
3.520280E+02
4.612717E+02
3.481105E+02
1.470518E+02
1.462046E+02
2.976810E+02
3.478602E+02
3.552369E+02
1.955729E+02
1.931723E+02
1.886545E+03
1.945855E+02
1.463587E+02
1.053015E+02
3.465417E+02
1.930257E+02
1.993356E+02
2.512547E+02
4.553836E+02
2.489522E+02
4.767460E+01
1.466829E+02
4.067738E+02
1.528948E+02
1.510490E+02
1.976317E+02
4.611189E+02
2.952523E+02
1.480665E+02
1.528948E+02
1.001002E+02
1.466829E+02
2.548822E+02
2.537247E+02
1.001002E+02
4.572011E+02
3.578710E+02
4.671147E+02
3.539535E+02
1.528948E+02
1.520475E+02
3.035239E+02
3.537032E+02
5.495944E+02
2.014159E+02
1.990153E+02
1.892388E+03
2.004285E+02
1.522017E+02
2.996590E+02
2.537885E+02
1.988687E+02
2.051786E+02
2.570977E+02
4.612266E+02
2.547951E+02
1.466829E+02
3.612344E+02
5.188170E+02
3.674463E+02
3.656005E+02
4.121832E+02
6.756704E+02
5.098038E+02
3.626180E+02
3.674463E+02
3.146517E+02
3.612344E+02
4.694336E+02
4.682762E+02
3.146517E+02
6.717526E+02
5.724225E+02
6.816662E+02
5.685050E+02
3.674463E+02
3.665990E+02
5.180754E+02
5.682547E+02
7.641459E+02
4.159673E+02
4.135668E+02
2.106940E+03
4.149800E+02
3.667532E+02
5.142105E+02
5.669362E+02
4.134202E+02
4.197301E+02
4.716492E+02
6.757781E+02
4.693466E+02
3.612344E+02
4.658265E+01
3.066735E+02
5.279459E+01
5.094876E+01
9.753142E+01
3.610186E+02
1.951520E+02
4.796628E+01
5.279459E+01
0.000000E+00
4.658265E+01
1.547819E+02
1.536245E+02
0.000000E+00
3.571009E+02
2.577708E+02
3.670144E+02
2.538533E+02
5.279459E+01
5.194729E+01
2.034237E+02
2.536029E+02
4.494942E+02
1.013156E+02
9.891504E+01
1.792288E+03
1.003282E+02
5.210144E+01
1.995588E+02
2.522844E+02
9.876844E+01
1.050784E+02
1.569975E+02
3.611264E+02
1.546949E+02
4.658265E+01
9.868410E+01
3.587750E+02
1.048960E+02
1.030502E+02
1.496329E+02
4.131201E+02
2.472535E+02
1.000677E+02
1.048960E+02
5.210144E+01
9.868410E+01
2.068834E+02
2.057259E+02
5.210144E+01
4.092023E+02
3.098722E+02
4.191159E+02
3.059547E+02
1.048960E+02
1.040487E+02
2.555251E+02
3.057044E+02
5.015956E+02
1.534171E+02
1.510165E+02
1.844389E+03
1.524297E+02
1.042029E+02
2.516602E+02
3.043859E+02
1.508699E+02
1.571798E+02
2.090989E+02
4.132278E+02
2.067963E+02
9.868410E+01
1.178483E+03
1.531739E+03
1.277860E+03
1.276015E+03
1.229432E+03
1.586084E+03
1.134928E+03
1.273032E+03
1.277860E+03
1.225066E+03
1.178483E+03
1.379848E+03
1.378690E+03
1.225066E+03
1.485391E+03
1.482837E+03
1.592080E+03
1.478919E+03
1.277860E+03
1.277013E+03
1.428489E+03
1.478669E+03
1.486045E+03
1.326381E+03
1.323981E+03
2.217798E+03
1.325394E+03
1.277167E+03
1.236110E+03
1.477350E+03
1.323834E+03
1.330144E+03
1.382063E+03
1.586192E+03
1.379761E+03
1.178483E+03
4.118397E+02
6.719306E+02
4.180517E+02
4.162058E+02
4.627885E+02
6.250810E+02
5.604091E+02
4.132234E+02
4.180517E+02
3.652571E+02
4.118397E+02
5.200390E+02
5.188815E+02
3.652571E+02
7.223579E+02
6.230278E+02
7.322715E+02
6.191104E+02
4.180517E+02
4.172044E+02
5.686808E+02
6.188600E+02
8.147513E+02
4.665727E+02
4.641721E+02
2.157545E+03
4.655853E+02
4.173585E+02
5.648158E+02
6.175415E+02
4.640255E+02
4.703354E+02
5.222546E+02
7.263834E+02
5.199520E+02
4.118397E+02
3.548145E+02
7.080707E+02
4.541917E+02
4.523459E+02
4.057632E+02
7.624158E+02
4.080347E+02
4.493634E+02
4.541917E+02
4.013971E+02
3.548145E+02
5.561790E+02
5.550216E+02
4.013971E+02
7.584980E+02
6.591679E+02
7.684116E+02
6.552504E+02
4.541917E+02
4.533444E+02
5.058479E+02
5.560271E+02
4.603684E+02
5.027127E+02
5.003122E+02
2.193685E+03
5.017254E+02
4.534986E+02
4.124414E+02
6.536816E+02
5.001656E+02
5.064755E+02
5.583946E+02
7.625235E+02
5.560920E+02
3.548145E+02
7.593091E+02
1.019400E+03
7.655211E+02
6.617777E+02
8.102579E+02
1.073745E+03
9.078785E+02
7.606927E+02
7.655211E+02
7.127265E+02
7.593091E+02
8.675084E+02
8.663509E+02
7.127265E+02
1.069827E+03
9.704972E+02
1.079741E+03
8.668794E+02
7.655211E+02
7.646738E+02
8.171772E+02
8.673564E+02
1.061910E+03
8.140421E+02
8.116415E+02
2.505014E+03
8.130547E+02
7.648279E+02
9.122852E+02
9.650109E+02
8.114949E+02
8.178048E+02
8.697239E+02
1.073853E+03
8.674214E+02
7.593091E+02
8.744910E+02
1.227747E+03
9.738683E+02
9.720225E+02
9.254398E+02
1.073995E+03
9.277112E+02
9.690400E+02
9.738683E+02
9.210737E+02
8.744910E+02
1.075856E+03
1.074698E+03
9.210737E+02
1.176055E+03
1.178844E+03
1.288088E+03
1.174927E+03
9.738683E+02
9.730210E+02
1.124497E+03
1.174677E+03
1.078426E+03
1.022389E+03
1.019989E+03
2.515546E+03
1.021402E+03
9.731751E+02
9.321179E+02
1.173358E+03
1.019842E+03
1.026152E+03
1.078071E+03
1.282200E+03
1.075769E+03
8.744910E+02
4.629318E+02
8.161880E+02
5.623090E+02
5.604632E+02
5.138806E+02
8.705331E+02
5.161520E+02
5.574807E+02
5.623090E+02
5.095145E+02
4.629318E+02
6.642964E+02
6.631389E+02
5.095145E+02
7.644953E+02
7.672852E+02
8.765289E+02
7.633677E+02
5.623090E+02
5.614617E+02
7.129381E+02
7.631174E+02
7.704941E+02
6.108301E+02
6.084295E+02
2.301802E+03
6.098427E+02
5.616159E+02
5.205587E+02
7.617989E+02
6.082829E+02
6.145928E+02
6.665119E+02
8.706408E+02
6.642093E+02
4.629318E+02
3.081046E+02
6.613608E+02
4.074819E+02
4.056361E+02
3.590534E+02
7.157059E+02
3.613248E+02
4.026536E+02
4.074819E+02
3.546873E+02
3.081046E+02
5.094692E+02
5.083117E+02
3.546873E+02
7.117881E+02
5.078905E+02
7.217017E+02
6.085406E+02
4.074819E+02
4.066346E+02
5.581110E+02
6.082902E+02
6.156670E+02
4.560029E+02
4.536023E+02
2.146975E+03
4.550155E+02
4.067887E+02
3.657315E+02
6.069717E+02
4.534557E+02
4.597656E+02
5.116848E+02
7.158137E+02
5.093822E+02
3.081046E+02
7.161282E+02
1.069384E+03
8.155054E+02
8.136596E+02
7.670769E+02
1.022535E+03
6.725726E+02
8.106771E+02
8.155054E+02
7.627108E+02
7.161282E+02
9.174927E+02
8.182214E+02
7.627108E+02
9.209159E+02
1.020482E+03
1.024136E+03
9.184503E+02
8.155054E+02
8.146581E+02
9.661345E+02
1.016314E+03
1.023690E+03
8.640264E+02
8.616259E+02
2.458223E+03
8.630390E+02
8.148123E+02
7.737551E+02
9.168814E+02
8.614793E+02
8.677892E+02
9.197083E+02
1.123837E+03
9.174057E+02
7.161282E+02
9.791091E+01
3.580018E+02
1.041228E+02
1.022770E+02
1.488597E+02
4.123469E+02
2.464803E+02
9.929453E+01
1.041228E+02
5.132825E+01
9.791091E+01
2.061102E+02
2.049527E+02
5.132825E+01
4.084291E+02
3.090990E+02
4.183427E+02
3.051815E+02
1.041228E+02
1.032755E+02
2.547519E+02
3.049312E+02
5.008224E+02
1.526439E+02
1.502433E+02
1.843616E+03
1.516565E+02
1.034297E+02
2.508870E+02
3.036127E+02
1.500967E+02
1.564066E+02
2.083257E+02
4.124546E+02
2.060231E+02
9.791091E+01
4.602630E+02
7.203539E+02
4.664750E+02
4.646291E+02
5.112118E+02
7.746990E+02
6.088324E+02
4.616466E+02
4.664750E+02
4.136804E+02
4.602630E+02
5.684623E+02
5.673048E+02
4.136804E+02
7.707812E+02
6.714511E+02
7.806948E+02
6.675336E+02
4.664750E+02
4.656277E+02
5.178710E+02
6.672833E+02
8.631746E+02
5.149960E+02
5.125954E+02
2.205968E+03
5.140086E+02
4.657818E+02
6.132391E+02
6.659648E+02
5.124488E+02
5.187587E+02
5.706778E+02
7.748067E+02
4.691422E+02
4.602630E+02
3.027103E+02
6.559665E+02
4.020876E+02
4.002417E+02
3.536591E+02
7.103116E+02
3.559305E+02
3.972593E+02
4.020876E+02
3.492930E+02
3.027103E+02
5.040749E+02
5.029174E+02
3.492930E+02
7.063938E+02
6.070638E+02
7.163074E+02
6.031463E+02
4.020876E+02
4.012403E+02
5.527167E+02
6.028959E+02
6.102727E+02
4.506086E+02
4.482080E+02
1.941727E+03
4.496212E+02
4.013944E+02
3.603372E+02
6.015774E+02
4.480614E+02
4.543713E+02
5.062905E+02
7.104193E+02
5.039879E+02
3.027103E+02
9.204297E+02
1.273686E+03
1.019807E+03
1.017961E+03
9.713785E+02
1.328031E+03
8.768742E+02
1.014979E+03
1.019807E+03
9.670124E+02
9.204297E+02
1.121794E+03
1.120637E+03
9.670124E+02
1.227337E+03
1.224783E+03
1.334027E+03
1.220866E+03
1.019807E+03
1.018960E+03
1.170436E+03
1.220615E+03
1.227992E+03
1.068328E+03
1.065927E+03
2.162425E+03
1.067341E+03
1.019114E+03
9.780566E+02
1.219297E+03
1.065781E+03
1.072091E+03
1.124010E+03
1.328139E+03
1.121707E+03
9.204297E+02
0.000000E+00
3.532562E+02
9.937725E+01
9.753142E+01
5.094876E+01
4.076013E+02
1.485694E+02
9.454893E+01
9.937725E+01
4.658265E+01
0.000000E+00
2.013646E+02
2.002071E+02
4.658265E+01
4.036835E+02
3.043534E+02
4.135971E+02
3.004359E+02
9.937725E+01
9.852995E+01
2.500063E+02
3.001856E+02
4.029115E+02
1.478983E+02
1.454977E+02
1.838871E+03
1.469109E+02
9.868410E+01
1.529761E+02
2.988671E+02
1.453511E+02
1.516610E+02
2.035801E+02
4.077090E+02
2.012775E+02
0.000000E+00
9.588074E+01
3.559716E+02
1.020927E+02
1.002468E+02
1.468295E+02
4.103167E+02
2.444501E+02
9.726436E+01
1.020927E+02
4.929808E+01
9.588074E+01
2.040800E+02
2.029225E+02
4.929808E+01
4.063989E+02
3.070689E+02
4.163125E+02
3.031514E+02
1.020927E+02
1.012454E+02
2.527218E+02
3.029010E+02
4.987923E+02
1.506137E+02
1.482131E+02
1.841586E+03
1.496263E+02
1.013995E+02
2.488568E+02
2.029863E+02
1.480665E+02
1.543764E+02
2.062956E+02
4.104244E+02
2.039930E+02
9.588074E+01
1.526782E+03
1.786873E+03
1.532994E+03
1.531148E+03
1.577731E+03
1.841218E+03
1.578576E+03
1.528166E+03
1.532994E+03
1.480199E+03
1.526782E+03
1.634981E+03
1.633824E+03
1.480199E+03
1.740524E+03
1.737970E+03
1.847214E+03
1.734053E+03
1.532994E+03
1.532147E+03
1.683623E+03
1.733802E+03
1.628807E+03
1.581515E+03
1.579114E+03
2.675103E+03
1.580527E+03
1.532301E+03
1.679758E+03
1.633606E+03
1.578968E+03
1.585278E+03
1.637197E+03
1.841326E+03
1.634894E+03
1.526782E+03
3.570112E+02
5.128992E+02
3.632232E+02
3.613773E+02
4.079600E+02
6.714472E+02
5.055806E+02
3.583948E+02
3.632232E+02
3.104286E+02
3.570112E+02
4.652105E+02
4.640530E+02
3.104286E+02
6.675294E+02
5.681993E+02
6.774430E+02
5.642818E+02
3.632232E+02
3.623759E+02
5.138523E+02
5.640315E+02
6.596117E+02
4.117442E+02
4.093436E+02
2.102717E+03
4.107568E+02
3.625300E+02
5.099873E+02
5.627130E+02
4.091970E+02
4.155069E+02
4.674260E+02
6.715549E+02
4.651235E+02
3.570112E+02
1.494796E+02
5.027358E+02
2.488568E+02
2.470110E+02
2.004284E+02
5.570809E+02
2.026998E+02
2.440285E+02
2.488568E+02
1.960623E+02
1.494796E+02
3.508442E+02
3.496867E+02
1.960623E+02
5.531631E+02
4.538330E+02
5.630767E+02
4.499155E+02
2.488568E+02
2.480095E+02
3.994859E+02
4.496652E+02
4.570419E+02
2.973779E+02
2.949773E+02
1.988350E+03
2.963905E+02
2.481637E+02
2.071065E+02
3.497505E+02
2.948307E+02
3.011406E+02
3.530597E+02
5.571886E+02
3.507571E+02
1.494796E+02
9.839642E+01
3.584873E+02
1.046084E+02
1.027625E+02
1.493452E+02
4.128324E+02
2.469658E+02
9.978004E+01
1.046084E+02
5.181376E+01
9.839642E+01
2.065957E+02
2.054382E+02
5.181376E+01
4.089146E+02
3.095845E+02
4.188282E+02
3.056670E+02
1.046084E+02
1.037611E+02
2.552375E+02
3.054167E+02
5.013080E+02
1.531294E+02
1.507288E+02
1.844102E+03
1.521420E+02
1.039152E+02
2.513725E+02
3.040982E+02
1.505822E+02
1.568921E+02
2.088112E+02
4.129401E+02
2.065087E+02
9.839642E+01
3.036412E+02
5.609648E+02
4.030184E+02
4.011726E+02
3.545900E+02
7.112425E+02
3.568614E+02
3.022576E+02
4.030184E+02
3.502238E+02
3.036412E+02
5.050058E+02
5.038483E+02
3.502238E+02
6.113921E+02
5.120621E+02
7.172383E+02
6.040771E+02
4.030184E+02
4.021711E+02
5.536475E+02
5.078942E+02
5.152710E+02
4.515395E+02
3.532063E+02
2.041892E+03
4.505521E+02
4.023253E+02
3.612681E+02
6.025083E+02
3.530597E+02
4.553022E+02
5.072213E+02
6.154177E+02
5.049187E+02
3.036412E+02
5.676328E+02
9.208890E+02
6.670100E+02
6.651642E+02
6.185815E+02
9.752340E+02
6.208529E+02
6.621817E+02
6.670100E+02
6.142154E+02
5.676328E+02
7.689973E+02
7.678399E+02
6.142154E+02
9.713163E+02
8.719862E+02
9.812299E+02
8.680687E+02
6.670100E+02
6.661627E+02
8.176391E+02
8.678184E+02
8.751951E+02
7.155310E+02
7.131305E+02
2.206510E+03
7.145436E+02
6.663169E+02
6.252597E+02
8.664999E+02
7.129839E+02
7.192938E+02
7.712129E+02
9.753418E+02
7.689103E+02
5.676328E+02
4.009724E+02
5.651307E+02
4.071843E+02
4.053385E+02
4.519212E+02
7.154084E+02
5.495418E+02
3.064235E+02
4.071843E+02
3.543898E+02
4.009724E+02
5.091717E+02
5.080142E+02
3.543898E+02
6.155580E+02
5.162280E+02
7.214042E+02
6.082430E+02
4.071843E+02
4.063370E+02
5.578134E+02
5.120601E+02
6.076403E+02
4.557054E+02
3.573722E+02
2.146678E+03
4.547180E+02
4.064912E+02
5.539485E+02
6.066742E+02
3.572256E+02
4.594681E+02
5.113872E+02
6.195836E+02
5.090846E+02
4.009724E+02
9.602151E+01
3.561124E+02
1.022334E+02
1.003876E+02
1.469703E+02
4.104575E+02
2.445909E+02
9.740513E+01
1.022334E+02
4.943886E+01
9.602151E+01
2.042208E+02
2.030633E+02
4.943886E+01
4.065397E+02
3.072096E+02
4.164533E+02
3.032921E+02
1.022334E+02
1.013862E+02
2.528626E+02
3.030418E+02
4.000553E+02
1.507545E+02
1.483539E+02
1.841727E+03
1.497671E+02
1.015403E+02
2.489976E+02
2.028456E+02
1.482073E+02
1.545172E+02
2.064363E+02
4.105652E+02
2.041338E+02
9.602151E+01
9.937725E+01
3.594681E+02
1.055892E+02
1.037434E+02
1.503260E+02
4.138132E+02
2.479466E+02
1.007609E+02
1.055892E+02
5.279459E+01
9.937725E+01
2.075765E+02
2.064190E+02
5.279459E+01
4.098954E+02
3.105654E+02
4.198090E+02
3.066479E+02
1.055892E+02
1.047419E+02
2.562183E+02
3.063975E+02
5.022888E+02
1.541102E+02
1.517096E+02
1.845083E+03
1.531228E+02
1.048960E+02
2.523533E+02
3.050790E+02
1.515630E+02
1.578729E+02
2.097921E+02
4.139210E+02
2.074895E+02
9.937725E+01
