6.913789E+02
2.977321E+02
3.960823E+02
5.941773E+02
5.968629E+02
5.937226E+02
4.463667E+02
3.474130E+02
5.956791E+02
2.977321E+02
4.949490E+02
3.474130E+02
3.474130E+02
3.971584E+02
4.932015E+02
3.968707E+02
3.485761E+02
4.910836E+02
5.911078E+02
5.455080E+02
4.437438E+02
7.458523E+02
3.441358E+02
2.491498E+02
4.910836E+02
3.470357E+02
4.463693E+02
6.919127E+02
4.458585E+02
3.477007E+02
4.428965E+02
3.969761E+02
2.491498E+02
4.458585E+02
5.952635E+02
3.477007E+02
3.969761E+02
3.477007E+02
2.491498E+02
4.965202E+02
3.941044E+02
5.920525E+02
0.000000E+00
3.936468E+02
4.919971E+02
6.900921E+02
6.919667E+02
5.908509E+02
7.393833E+02
4.433277E+02
6.907829E+02
3.936468E+02
5.908638E+02
4.433277E+02
4.433277E+02
4.930732E+02
5.891163E+02
4.927855E+02
5.416555E+02
4.941909E+02
5.920178E+02
5.434472E+02
5.396585E+02
8.417671E+02
3.472431E+02
4.422291E+02
4.941909E+02
5.401150E+02
5.422841E+02
6.898520E+02
5.417733E+02
4.436154E+02
5.388112E+02
4.928909E+02
4.422291E+02
4.437978E+02
6.911783E+02
4.436154E+02
4.928909E+02
5.421663E+02
4.422291E+02
4.930732E+02
3.972117E+02
6.879673E+02
3.936468E+02
0.000000E+00
9.835021E+01
2.964452E+02
3.962954E+02
3.931551E+02
3.457364E+02
4.968090E+01
4.950488E+02
0.000000E+00
1.972169E+02
4.968090E+01
4.968090E+01
9.942635E+01
1.954694E+02
9.913867E+01
1.480086E+02
1.933515E+02
3.905403E+02
2.477759E+02
1.460117E+02
4.481203E+02
4.640376E+01
4.858229E+01
1.933515E+02
1.464682E+02
1.486372E+02
3.941806E+02
1.481264E+02
4.996859E+01
1.451644E+02
9.924403E+01
4.858229E+01
1.481264E+02
2.975314E+02
4.996859E+01
9.924403E+01
1.485195E+02
4.858229E+01
1.987882E+02
9.637235E+01
2.943204E+02
4.919971E+02
9.835021E+01
0.000000E+00
2.974568E+02
4.946456E+02
4.915053E+02
3.467480E+02
1.480311E+02
5.933990E+02
9.835021E+01
1.982285E+02
1.480311E+02
4.866930E+01
1.977766E+02
2.938196E+02
1.974889E+02
2.463588E+02
2.917017E+02
3.915519E+02
3.461261E+02
2.443619E+02
5.464705E+02
1.447540E+02
1.469325E+02
2.917017E+02
2.448184E+02
2.469875E+02
4.925308E+02
1.471148E+02
1.483188E+02
2.435146E+02
1.975942E+02
1.469325E+02
2.464766E+02
3.958816E+02
1.483188E+02
1.975942E+02
2.468697E+02
1.469325E+02
2.971384E+02
1.947226E+02
3.926706E+02
6.900921E+02
2.964452E+02
2.974568E+02
0.000000E+00
6.927406E+02
6.896003E+02
5.448430E+02
3.461261E+02
7.914940E+02
2.964452E+02
1.974709E+02
3.461261E+02
3.461261E+02
2.969560E+02
4.919147E+02
3.955839E+02
4.444539E+02
4.897967E+02
5.896469E+02
4.453056E+02
4.424569E+02
7.445655E+02
3.428490E+02
3.450275E+02
4.897967E+02
4.429134E+02
4.450825E+02
6.906259E+02
4.445716E+02
3.464138E+02
4.416096E+02
3.956892E+02
3.450275E+02
4.445716E+02
5.939766E+02
3.464138E+02
3.956892E+02
4.449647E+02
3.450275E+02
4.952334E+02
3.928176E+02
5.907656E+02
6.919667E+02
3.962954E+02
4.946456E+02
6.927406E+02
0.000000E+00
5.943103E+02
6.448672E+02
4.459763E+02
5.962669E+02
3.962954E+02
5.935123E+02
4.459763E+02
4.459763E+02
4.957217E+02
5.917648E+02
4.954340E+02
4.471394E+02
5.896469E+02
6.896711E+02
5.460958E+02
5.423071E+02
8.444156E+02
4.426991E+02
3.477131E+02
5.896469E+02
4.455990E+02
5.449326E+02
7.904760E+02
5.444218E+02
4.462640E+02
5.414598E+02
4.955394E+02
3.477131E+02
4.464463E+02
6.938268E+02
4.462640E+02
3.956022E+02
5.448148E+02
3.477131E+02
5.950835E+02
4.926677E+02
6.906158E+02
5.908509E+02
3.931551E+02
4.915053E+02
6.896003E+02
5.943103E+02
0.000000E+00
6.417269E+02
4.428360E+02
6.930638E+02
3.931551E+02
5.903720E+02
4.428360E+02
4.428360E+02
4.925814E+02
4.930063E+02
4.922937E+02
4.439991E+02
5.865066E+02
6.865308E+02
4.435937E+02
4.435485E+02
8.412753E+02
4.395588E+02
3.445728E+02
5.865066E+02
4.424587E+02
4.424305E+02
5.937420E+02
5.412815E+02
4.431237E+02
4.427012E+02
4.923991E+02
3.445728E+02
3.443905E+02
6.906865E+02
4.431237E+02
4.923991E+02
5.416745E+02
3.445728E+02
5.919432E+02
4.895274E+02
5.918573E+02
7.393833E+02
3.457364E+02
3.467480E+02
5.448430E+02
6.448672E+02
6.417269E+02
0.000000E+00
3.954173E+02
7.436206E+02
3.457364E+02
4.456147E+02
3.954173E+02
3.954173E+02
4.451628E+02
5.412058E+02
4.448751E+02
2.976649E+02
5.390879E+02
5.417735E+02
5.935123E+02
4.917481E+02
7.938567E+02
3.921402E+02
2.971541E+02
5.390879E+02
3.950400E+02
4.943737E+02
7.399170E+02
4.938628E+02
3.957050E+02
3.926582E+02
4.449804E+02
2.971541E+02
4.938628E+02
6.432678E+02
3.957050E+02
4.449804E+02
4.942559E+02
2.971541E+02
5.445246E+02
4.421088E+02
6.400568E+02
4.433277E+02
4.968090E+01
1.480311E+02
3.461261E+02
4.459763E+02
4.428360E+02
3.954173E+02
0.000000E+00
5.447297E+02
4.968090E+01
2.468978E+02
0.000000E+00
9.936181E+01
1.491073E+02
2.451503E+02
1.488196E+02
1.976895E+02
2.430324E+02
4.402212E+02
2.974568E+02
1.956926E+02
4.978012E+02
9.608466E+01
9.826320E+01
2.430324E+02
1.961491E+02
1.983182E+02
4.438615E+02
1.978073E+02
9.964949E+01
1.948453E+02
1.489249E+02
9.826320E+01
1.978073E+02
3.472123E+02
9.964949E+01
1.489249E+02
1.982004E+02
9.826320E+01
2.484691E+02
1.460533E+02
3.440013E+02
6.907829E+02
4.950488E+02
5.933990E+02
7.914940E+02
5.962669E+02
6.930638E+02
7.436206E+02
5.447297E+02
0.000000E+00
4.950488E+02
5.940231E+02
5.447297E+02
5.447297E+02
5.944751E+02
6.905182E+02
5.941875E+02
5.458928E+02
6.884003E+02
7.884245E+02
6.448492E+02
6.410605E+02
9.431690E+02
5.414525E+02
4.464665E+02
6.884003E+02
4.461098E+02
5.443242E+02
8.892294E+02
6.431752E+02
5.450174E+02
6.402132E+02
5.942928E+02
4.464665E+02
5.451997E+02
7.925802E+02
5.450174E+02
5.942928E+02
6.435683E+02
4.464665E+02
6.938369E+02
5.914211E+02
7.893692E+02
3.936468E+02
0.000000E+00
9.835021E+01
2.964452E+02
3.962954E+02
3.931551E+02
3.457364E+02
4.968090E+01
4.950488E+02
0.000000E+00
1.972169E+02
4.968090E+01
4.968090E+01
9.942635E+01
1.954694E+02
9.913867E+01
1.480086E+02
1.933515E+02
3.905403E+02
2.477759E+02
1.460117E+02
4.481203E+02
4.640376E+01
4.858229E+01
1.933515E+02
1.464682E+02
1.486372E+02
3.941806E+02
1.481264E+02
4.996859E+01
1.451644E+02
9.924403E+01
4.858229E+01
1.481264E+02
2.975314E+02
4.996859E+01
9.924403E+01
1.485195E+02
4.858229E+01
1.987882E+02
9.637235E+01
2.943204E+02
5.908638E+02
1.972169E+02
1.982285E+02
1.974709E+02
5.935123E+02
5.903720E+02
4.456147E+02
2.468978E+02
5.940231E+02
1.972169E+02
0.000000E+00
2.468978E+02
2.468978E+02
1.977278E+02
3.926864E+02
2.963556E+02
3.452256E+02
3.905685E+02
4.904186E+02
3.460773E+02
3.432286E+02
6.453372E+02
2.436207E+02
2.457992E+02
3.905685E+02
3.436851E+02
3.458542E+02
5.913976E+02
3.453434E+02
2.471855E+02
3.423813E+02
2.964610E+02
2.457992E+02
3.453434E+02
4.947483E+02
2.471855E+02
2.964610E+02
3.457364E+02
2.457992E+02
3.960051E+02
2.935893E+02
4.915374E+02
4.433277E+02
4.968090E+01
1.480311E+02
3.461261E+02
4.459763E+02
4.428360E+02
3.954173E+02
0.000000E+00
5.447297E+02
4.968090E+01
2.468978E+02
0.000000E+00
9.936181E+01
1.491073E+02
2.451503E+02
1.488196E+02
1.976895E+02
2.430324E+02
4.402212E+02
2.974568E+02
1.956926E+02
4.978012E+02
9.608466E+01
9.826320E+01
2.430324E+02
1.961491E+02
1.983182E+02
4.438615E+02
1.978073E+02
9.964949E+01
1.948453E+02
1.489249E+02
9.826320E+01
1.978073E+02
3.472123E+02
9.964949E+01
1.489249E+02
1.982004E+02
9.826320E+01
2.484691E+02
1.460533E+02
3.440013E+02
4.433277E+02
4.968090E+01
4.866930E+01
3.461261E+02
4.459763E+02
4.428360E+02
3.954173E+02
9.936181E+01
5.447297E+02
4.968090E+01
2.468978E+02
9.936181E+01
0.000000E+00
1.491073E+02
2.451503E+02
1.488196E+02
1.976895E+02
2.430324E+02
4.402212E+02
2.974568E+02
1.956926E+02
4.978012E+02
9.608466E+01
9.826320E+01
2.430324E+02
1.961491E+02
1.983182E+02
4.438615E+02
9.844552E+01
9.964949E+01
1.948453E+02
1.489249E+02
9.826320E+01
1.978073E+02
3.472123E+02
9.964949E+01
1.489249E+02
1.982004E+02
9.826320E+01
2.484691E+02
1.460533E+02
3.440013E+02
4.930732E+02
9.942635E+01
1.977766E+02
2.969560E+02
4.957217E+02
4.925814E+02
4.451628E+02
1.491073E+02
5.944751E+02
9.942635E+01
1.977278E+02
1.491073E+02
1.491073E+02
0.000000E+00
2.948958E+02
1.985650E+02
2.474350E+02
2.927779E+02
4.899666E+02
2.482867E+02
2.454380E+02
5.475466E+02
1.458301E+02
1.480086E+02
2.927779E+02
2.458945E+02
2.480636E+02
4.936070E+02
2.475528E+02
1.493949E+02
2.445907E+02
1.986704E+02
1.480086E+02
2.475528E+02
3.969578E+02
1.493949E+02
1.986704E+02
2.479458E+02
1.480086E+02
2.982145E+02
1.957987E+02
3.937468E+02
5.891163E+02
1.954694E+02
2.938196E+02
4.919147E+02
5.917648E+02
4.930063E+02
5.412058E+02
2.451503E+02
6.905182E+02
1.954694E+02
3.926864E+02
2.451503E+02
2.451503E+02
2.948958E+02
0.000000E+00
2.946081E+02
3.434781E+02
3.888210E+02
5.860097E+02
4.432454E+02
1.493949E+02
5.446742E+02
2.418732E+02
2.440517E+02
2.899054E+02
3.419376E+02
3.441067E+02
3.975639E+02
3.435959E+02
2.454380E+02
1.485476E+02
2.947135E+02
2.440517E+02
3.435959E+02
4.930008E+02
2.454380E+02
2.947135E+02
3.439889E+02
2.440517E+02
3.942576E+02
2.918418E+02
1.987882E+02
4.927855E+02
9.913867E+01
1.974889E+02
3.955839E+02
4.954340E+02
4.922937E+02
4.448751E+02
1.488196E+02
5.941875E+02
9.913867E+01
2.963556E+02
1.488196E+02
1.488196E+02
1.985650E+02
2.946081E+02
0.000000E+00
2.471473E+02
2.924902E+02
4.896790E+02
2.475528E+02
2.451503E+02
5.472589E+02
1.455424E+02
1.477210E+02
2.924902E+02
2.456069E+02
2.477759E+02
4.933193E+02
2.472651E+02
1.491073E+02
2.443030E+02
1.983827E+02
1.477210E+02
2.472651E+02
3.966701E+02
1.491073E+02
1.983827E+02
2.476581E+02
1.477210E+02
2.979268E+02
1.955110E+02
3.934591E+02
5.416555E+02
1.480086E+02
2.463588E+02
4.444539E+02
4.471394E+02
4.439991E+02
2.976649E+02
1.976895E+02
5.458928E+02
1.480086E+02
3.452256E+02
1.976895E+02
1.976895E+02
2.474350E+02
3.434781E+02
2.471473E+02
0.000000E+00
3.413602E+02
4.413844E+02
3.957846E+02
2.940203E+02
5.961289E+02
1.944124E+02
9.942635E+01
3.413602E+02
1.973123E+02
2.966459E+02
5.421893E+02
2.961351E+02
1.979772E+02
2.931730E+02
2.472527E+02
9.942635E+01
2.961351E+02
4.455400E+02
1.979772E+02
2.472527E+02
2.965281E+02
9.942635E+01
3.467968E+02
2.443810E+02
4.423291E+02
4.941909E+02
1.933515E+02
2.917017E+02
4.897967E+02
5.896469E+02
5.865066E+02
5.390879E+02
2.430324E+02
6.884003E+02
1.933515E+02
3.905685E+02
2.430324E+02
2.430324E+02
2.927779E+02
3.888210E+02
2.924902E+02
3.413602E+02
0.000000E+00
3.954661E+02
4.411274E+02
3.393632E+02
5.425563E+02
1.469478E+02
2.419338E+02
9.891552E+01
3.398197E+02
3.419888E+02
5.875322E+02
3.414780E+02
2.433201E+02
3.385159E+02
2.925956E+02
2.419338E+02
3.414780E+02
4.908829E+02
2.433201E+02
2.925956E+02
3.418710E+02
2.419338E+02
2.932242E+02
1.969164E+02
3.887564E+02
5.920178E+02
3.905403E+02
3.915519E+02
5.896469E+02
6.896711E+02
6.865308E+02
5.417735E+02
4.402212E+02
7.884245E+02
3.905403E+02
4.904186E+02
4.402212E+02
4.402212E+02
4.899666E+02
5.860097E+02
4.896790E+02
4.413844E+02
3.954661E+02
0.000000E+00
6.383162E+02
5.365520E+02
8.386606E+02
3.441365E+02
3.419580E+02
3.954661E+02
4.398439E+02
5.391775E+02
7.847209E+02
5.386667E+02
4.405089E+02
5.357047E+02
4.897843E+02
3.419580E+02
5.386667E+02
6.880717E+02
4.405089E+02
4.897843E+02
5.390598E+02
3.419580E+02
5.893285E+02
3.941051E+02
6.848607E+02
5.434472E+02
2.477759E+02
3.461261E+02
4.453056E+02
5.460958E+02
4.435937E+02
5.935123E+02
2.974568E+02
6.448492E+02
2.477759E+02
3.460773E+02
2.974568E+02
2.974568E+02
2.482867E+02
4.432454E+02
2.475528E+02
3.957846E+02
4.411274E+02
6.383162E+02
0.000000E+00
3.937876E+02
6.958962E+02
2.941797E+02
2.963582E+02
4.411274E+02
3.942441E+02
3.964132E+02
6.419565E+02
3.959023E+02
2.977445E+02
3.929403E+02
3.470199E+02
2.963582E+02
2.979268E+02
5.453073E+02
2.977445E+02
3.470199E+02
3.962954E+02
2.963582E+02
4.465641E+02
3.441483E+02
5.420963E+02
5.396585E+02
1.460117E+02
2.443619E+02
4.424569E+02
5.423071E+02
4.435485E+02
4.917481E+02
1.956926E+02
6.410605E+02
1.460117E+02
3.432286E+02
1.956926E+02
1.956926E+02
2.454380E+02
1.493949E+02
2.451503E+02
2.940203E+02
3.393632E+02
5.365520E+02
3.937876E+02
0.000000E+00
5.941319E+02
1.924154E+02
1.945940E+02
3.393632E+02
2.924799E+02
2.946489E+02
3.481061E+02
2.941381E+02
1.959803E+02
9.908988E+01
2.452557E+02
1.945940E+02
2.941381E+02
4.435431E+02
1.959803E+02
2.452557E+02
2.945311E+02
1.945940E+02
3.447998E+02
2.423840E+02
2.482459E+02
8.417671E+02
4.481203E+02
5.464705E+02
7.445655E+02
8.444156E+02
8.412753E+02
7.938567E+02
4.978012E+02
9.431690E+02
4.481203E+02
6.453372E+02
4.978012E+02
4.978012E+02
5.475466E+02
5.446742E+02
5.472589E+02
5.961289E+02
5.425563E+02
8.386606E+02
6.958962E+02
5.941319E+02
0.000000E+00
4.945240E+02
4.967026E+02
5.425563E+02
5.945885E+02
5.967575E+02
6.424266E+02
5.962467E+02
4.980889E+02
5.932846E+02
5.473643E+02
4.967026E+02
5.962467E+02
6.462899E+02
4.980889E+02
5.473643E+02
5.966397E+02
4.967026E+02
4.486311E+02
5.444926E+02
4.452478E+02
3.472431E+02
4.640376E+01
1.447540E+02
3.428490E+02
4.426991E+02
4.395588E+02
3.921402E+02
9.608466E+01
5.414525E+02
4.640376E+01
2.436207E+02
9.608466E+01
9.608466E+01
1.458301E+02
2.418732E+02
1.455424E+02
1.944124E+02
1.469478E+02
3.441365E+02
2.941797E+02
1.924154E+02
4.945240E+02
0.000000E+00
9.498605E+01
1.469478E+02
1.928720E+02
1.950410E+02
4.405844E+02
1.945302E+02
9.637235E+01
1.915681E+02
1.456478E+02
9.498605E+01
1.945302E+02
3.439352E+02
9.637235E+01
1.456478E+02
1.949232E+02
9.498605E+01
2.451919E+02
4.996859E+01
3.407242E+02
4.422291E+02
4.858229E+01
1.469325E+02
3.450275E+02
3.477131E+02
3.445728E+02
2.971541E+02
9.826320E+01
4.464665E+02
4.858229E+01
2.457992E+02
9.826320E+01
9.826320E+01
1.480086E+02
2.440517E+02
1.477210E+02
9.942635E+01
2.419338E+02
3.419580E+02
2.963582E+02
1.945940E+02
4.967026E+02
9.498605E+01
0.000000E+00
2.419338E+02
9.788590E+01
1.972195E+02
4.427629E+02
1.967087E+02
9.855088E+01
1.937467E+02
1.478263E+02
0.000000E+00
1.967087E+02
3.461137E+02
9.855088E+01
1.478263E+02
1.971018E+02
0.000000E+00
2.473704E+02
1.449546E+02
3.429027E+02
4.941909E+02
1.933515E+02
2.917017E+02
4.897967E+02
5.896469E+02
5.865066E+02
5.390879E+02
2.430324E+02
6.884003E+02
1.933515E+02
3.905685E+02
2.430324E+02
2.430324E+02
2.927779E+02
2.899054E+02
2.924902E+02
3.413602E+02
9.891552E+01
3.954661E+02
4.411274E+02
3.393632E+02
5.425563E+02
1.469478E+02
2.419338E+02
0.000000E+00
3.398197E+02
3.419888E+02
5.875322E+02
3.414780E+02
2.433201E+02
3.385159E+02
2.925956E+02
2.419338E+02
3.414780E+02
4.908829E+02
2.433201E+02
2.925956E+02
3.418710E+02
2.419338E+02
3.921397E+02
1.969164E+02
3.887564E+02
5.401150E+02
1.464682E+02
2.448184E+02
4.429134E+02
4.455990E+02
4.424587E+02
3.950400E+02
1.961491E+02
4.461098E+02
1.464682E+02
3.436851E+02
1.961491E+02
1.961491E+02
2.458945E+02
3.419376E+02
2.456069E+02
1.973123E+02
3.398197E+02
4.398439E+02
3.942441E+02
2.924799E+02
5.945885E+02
1.928720E+02
9.788590E+01
3.398197E+02
0.000000E+00
2.951054E+02
5.406488E+02
1.970654E+02
1.964368E+02
2.916326E+02
2.457122E+02
9.788590E+01
2.945946E+02
4.439996E+02
1.964368E+02
2.457122E+02
2.949877E+02
9.788590E+01
3.452564E+02
2.428405E+02
4.407886E+02
5.422841E+02
1.486372E+02
2.469875E+02
4.450825E+02
5.449326E+02
4.424305E+02
4.943737E+02
1.983182E+02
5.443242E+02
1.486372E+02
3.458542E+02
1.983182E+02
1.983182E+02
2.480636E+02
3.441067E+02
2.477759E+02
2.966459E+02
3.419888E+02
5.391775E+02
3.964132E+02
2.946489E+02
5.967575E+02
1.950410E+02
1.972195E+02
3.419888E+02
2.951054E+02
0.000000E+00
5.428179E+02
2.967637E+02
1.986058E+02
2.938016E+02
2.478813E+02
1.972195E+02
2.967637E+02
4.461687E+02
1.986058E+02
2.478813E+02
2.971567E+02
1.972195E+02
3.474254E+02
2.450096E+02
4.429577E+02
6.898520E+02
3.941806E+02
4.925308E+02
6.906259E+02
7.904760E+02
5.937420E+02
7.399170E+02
4.438615E+02
8.892294E+02
3.941806E+02
5.913976E+02
4.438615E+02
4.438615E+02
4.936070E+02
3.975639E+02
4.933193E+02
5.421893E+02
5.875322E+02
7.847209E+02
6.419565E+02
3.481061E+02
6.424266E+02
4.405844E+02
4.427629E+02
5.875322E+02
5.406488E+02
5.428179E+02
0.000000E+00
5.423071E+02
4.441492E+02
3.472588E+02
3.948738E+02
4.427629E+02
5.423071E+02
5.931612E+02
4.441492E+02
3.948738E+02
4.441492E+02
4.427629E+02
5.929688E+02
4.905530E+02
4.964149E+02
5.417733E+02
1.481264E+02
1.471148E+02
4.445716E+02
5.444218E+02
5.412815E+02
4.938628E+02
1.978073E+02
6.431752E+02
1.481264E+02
3.453434E+02
1.978073E+02
9.844552E+01
2.475528E+02
3.435959E+02
2.472651E+02
2.961351E+02
3.414780E+02
5.386667E+02
3.959023E+02
2.941381E+02
5.962467E+02
1.945302E+02
1.967087E+02
3.414780E+02
1.970654E+02
2.967637E+02
5.423071E+02
0.000000E+00
1.980950E+02
2.932908E+02
2.473704E+02
1.967087E+02
2.962528E+02
4.456578E+02
1.980950E+02
2.473704E+02
2.966459E+02
1.967087E+02
3.469146E+02
2.444988E+02
4.424468E+02
4.436154E+02
4.996859E+01
1.483188E+02
3.464138E+02
4.462640E+02
4.431237E+02
3.957050E+02
9.964949E+01
5.450174E+02
4.996859E+01
2.471855E+02
9.964949E+01
9.964949E+01
1.493949E+02
2.454380E+02
1.491073E+02
1.979772E+02
2.433201E+02
4.405089E+02
2.977445E+02
1.959803E+02
4.980889E+02
9.637235E+01
9.855088E+01
2.433201E+02
1.964368E+02
1.986058E+02
4.441492E+02
1.980950E+02
0.000000E+00
1.951330E+02
1.492126E+02
9.855088E+01
1.980950E+02
3.475000E+02
0.000000E+00
1.492126E+02
1.984881E+02
9.855088E+01
2.487567E+02
1.463409E+02
3.442890E+02
5.388112E+02
1.451644E+02
2.435146E+02
4.416096E+02
5.414598E+02
4.427012E+02
3.926582E+02
1.948453E+02
6.402132E+02
1.451644E+02
3.423813E+02
1.948453E+02
1.948453E+02
2.445907E+02
1.485476E+02
2.443030E+02
2.931730E+02
3.385159E+02
5.357047E+02
3.929403E+02
9.908988E+01
5.932846E+02
1.915681E+02
1.937467E+02
3.385159E+02
2.916326E+02
2.938016E+02
3.472588E+02
2.932908E+02
1.951330E+02
0.000000E+00
2.444084E+02
1.937467E+02
2.932908E+02
4.426958E+02
1.951330E+02
2.444084E+02
2.936838E+02
1.937467E+02
3.439525E+02
2.415367E+02
2.473986E+02
4.928909E+02
9.924403E+01
1.975942E+02
3.956892E+02
4.955394E+02
4.923991E+02
4.449804E+02
1.489249E+02
5.942928E+02
9.924403E+01
2.964610E+02
1.489249E+02
1.489249E+02
1.986704E+02
2.947135E+02
1.983827E+02
2.472527E+02
2.925956E+02
4.897843E+02
3.470199E+02
2.452557E+02
5.473643E+02
1.456478E+02
1.478263E+02
2.925956E+02
2.457122E+02
2.478813E+02
3.948738E+02
2.473704E+02
1.492126E+02
2.444084E+02
0.000000E+00
1.478263E+02
2.473704E+02
1.982874E+02
1.492126E+02
9.993717E+01
1.492126E+02
1.478263E+02
2.980322E+02
1.956164E+02
3.935644E+02
4.422291E+02
4.858229E+01
1.469325E+02
3.450275E+02
3.477131E+02
3.445728E+02
2.971541E+02
9.826320E+01
4.464665E+02
4.858229E+01
2.457992E+02
9.826320E+01
9.826320E+01
1.480086E+02
2.440517E+02
1.477210E+02
9.942635E+01
2.419338E+02
3.419580E+02
2.963582E+02
1.945940E+02
4.967026E+02
9.498605E+01
0.000000E+00
2.419338E+02
9.788590E+01
1.972195E+02
4.427629E+02
1.967087E+02
9.855088E+01
1.937467E+02
1.478263E+02
0.000000E+00
1.967087E+02
3.461137E+02
9.855088E+01
1.478263E+02
1.971018E+02
0.000000E+00
2.473704E+02
1.449546E+02
3.429027E+02
4.437978E+02
1.481264E+02
2.464766E+02
4.445716E+02
4.464463E+02
3.443905E+02
4.938628E+02
1.978073E+02
5.451997E+02
1.481264E+02
3.453434E+02
1.978073E+02
1.978073E+02
2.475528E+02
3.435959E+02
2.472651E+02
2.961351E+02
3.414780E+02
5.386667E+02
2.979268E+02
2.941381E+02
5.962467E+02
1.945302E+02
1.967087E+02
3.414780E+02
2.945946E+02
2.967637E+02
5.423071E+02
2.962528E+02
1.980950E+02
2.932908E+02
2.473704E+02
1.967087E+02
0.000000E+00
4.456578E+02
1.980950E+02
2.473704E+02
2.966459E+02
1.967087E+02
3.469146E+02
2.444988E+02
4.424468E+02
6.911783E+02
2.975314E+02
3.958816E+02
5.939766E+02
6.938268E+02
6.906865E+02
6.432678E+02
3.472123E+02
7.925802E+02
2.975314E+02
4.947483E+02
3.472123E+02
3.472123E+02
3.969578E+02
4.930008E+02
3.966701E+02
4.455400E+02
4.908829E+02
6.880717E+02
5.453073E+02
4.435431E+02
6.462899E+02
3.439352E+02
3.461137E+02
4.908829E+02
4.439996E+02
4.461687E+02
5.931612E+02
4.456578E+02
3.475000E+02
4.426958E+02
1.982874E+02
3.461137E+02
4.456578E+02
0.000000E+00
3.475000E+02
2.982246E+02
3.475000E+02
3.461137E+02
4.963196E+02
3.939038E+02
5.918518E+02
4.436154E+02
4.996859E+01
1.483188E+02
3.464138E+02
4.462640E+02
4.431237E+02
3.957050E+02
9.964949E+01
5.450174E+02
4.996859E+01
2.471855E+02
9.964949E+01
9.964949E+01
1.493949E+02
2.454380E+02
1.491073E+02
1.979772E+02
2.433201E+02
4.405089E+02
2.977445E+02
1.959803E+02
4.980889E+02
9.637235E+01
9.855088E+01
2.433201E+02
1.964368E+02
1.986058E+02
4.441492E+02
1.980950E+02
0.000000E+00
1.951330E+02
1.492126E+02
9.855088E+01
1.980950E+02
3.475000E+02
0.000000E+00
1.492126E+02
1.984881E+02
9.855088E+01
2.487567E+02
1.463409E+02
3.442890E+02
4.928909E+02
9.924403E+01
1.975942E+02
3.956892E+02
3.956022E+02
4.923991E+02
4.449804E+02
1.489249E+02
5.942928E+02
9.924403E+01
2.964610E+02
1.489249E+02
1.489249E+02
1.986704E+02
2.947135E+02
1.983827E+02
2.472527E+02
2.925956E+02
4.897843E+02
3.470199E+02
2.452557E+02
5.473643E+02
1.456478E+02
1.478263E+02
2.925956E+02
2.457122E+02
2.478813E+02
3.948738E+02
2.473704E+02
1.492126E+02
2.444084E+02
9.993717E+01
1.478263E+02
2.473704E+02
2.982246E+02
1.492126E+02
0.000000E+00
1.492126E+02
1.478263E+02
2.980322E+02
1.956164E+02
3.935644E+02
5.421663E+02
1.485195E+02
2.468697E+02
4.449647E+02
5.448148E+02
5.416745E+02
4.942559E+02
1.982004E+02
6.435683E+02
1.485195E+02
3.457364E+02
1.982004E+02
1.982004E+02
2.479458E+02
3.439889E+02
2.476581E+02
2.965281E+02
3.418710E+02
5.390598E+02
3.962954E+02
2.945311E+02
5.966397E+02
1.949232E+02
1.971018E+02
3.418710E+02
2.949877E+02
2.971567E+02
4.441492E+02
2.966459E+02
1.984881E+02
2.936838E+02
1.492126E+02
1.971018E+02
2.966459E+02
3.475000E+02
1.984881E+02
1.492126E+02
0.000000E+00
1.971018E+02
3.473076E+02
2.448918E+02
4.428399E+02
4.422291E+02
4.858229E+01
1.469325E+02
3.450275E+02
3.477131E+02
3.445728E+02
2.971541E+02
9.826320E+01
4.464665E+02
4.858229E+01
2.457992E+02
9.826320E+01
9.826320E+01
1.480086E+02
2.440517E+02
1.477210E+02
9.942635E+01
2.419338E+02
3.419580E+02
2.963582E+02
1.945940E+02
4.967026E+02
9.498605E+01
0.000000E+00
2.419338E+02
9.788590E+01
1.972195E+02
4.427629E+02
1.967087E+02
9.855088E+01
1.937467E+02
1.478263E+02
0.000000E+00
1.967087E+02
3.461137E+02
9.855088E+01
1.478263E+02
1.971018E+02
0.000000E+00
2.473704E+02
1.449546E+02
3.429027E+02
4.930732E+02
1.987882E+02
2.971384E+02
4.952334E+02
5.950835E+02
5.919432E+02
5.445246E+02
2.484691E+02
6.938369E+02
1.987882E+02
3.960051E+02
2.484691E+02
2.484691E+02
2.982145E+02
3.942576E+02
2.979268E+02
3.467968E+02
2.932242E+02
5.893285E+02
4.465641E+02
3.447998E+02
4.486311E+02
2.451919E+02
2.473704E+02
3.921397E+02
3.452564E+02
3.474254E+02
5.929688E+02
3.469146E+02
2.487567E+02
3.439525E+02
2.980322E+02
2.473704E+02
3.469146E+02
4.963196E+02
2.487567E+02
2.980322E+02
3.473076E+02
2.473704E+02
0.000000E+00
2.951605E+02
2.948312E+02
3.972117E+02
9.637235E+01
1.947226E+02
3.928176E+02
4.926677E+02
4.895274E+02
4.421088E+02
1.460533E+02
5.914211E+02
9.637235E+01
2.935893E+02
1.460533E+02
1.460533E+02
1.957987E+02
2.918418E+02
1.955110E+02
2.443810E+02
1.969164E+02
3.941051E+02
3.441483E+02
2.423840E+02
5.444926E+02
4.996859E+01
1.449546E+02
1.969164E+02
2.428405E+02
2.450096E+02
4.905530E+02
2.444988E+02
1.463409E+02
2.415367E+02
1.956164E+02
1.449546E+02
2.444988E+02
3.939038E+02
1.463409E+02
1.956164E+02
2.448918E+02
1.449546E+02
2.951605E+02
0.000000E+00
3.906928E+02
6.879673E+02
2.943204E+02
3.926706E+02
5.907656E+02
6.906158E+02
5.918573E+02
6.400568E+02
3.440013E+02
7.893692E+02
2.943204E+02
4.915374E+02
3.440013E+02
3.440013E+02
3.937468E+02
1.987882E+02
3.934591E+02
4.423291E+02
3.887564E+02
6.848607E+02
5.420963E+02
2.482459E+02
4.452478E+02
3.407242E+02
3.429027E+02
3.887564E+02
4.407886E+02
4.429577E+02
4.964149E+02
4.424468E+02
3.442890E+02
2.473986E+02
3.935644E+02
3.429027E+02
4.424468E+02
5.918518E+02
3.442890E+02
3.935644E+02
4.428399E+02
3.429027E+02
2.948312E+02
3.906928E+02
0.000000E+00
