5.179688E+02
3.638204E+02
3.580043E+02
5.730737E+02
3.580043E+02
6.139600E+02
5.652511E+02
7.168101E+02
3.580043E+02
8.219791E+02
3.580043E+02
3.580043E+02
9.871392E+02
8.204467E+02
3.580043E+02
3.625211E+02
2.588472E+02
5.644829E+02
1.126108E+03
3.580043E+02
3.580043E+02
3.111899E+02
3.580043E+02
3.580043E+02
5.584572E+02
6.211892E+02
3.614225E+02
7.203584E+02
3.580043E+02
3.580043E+02
3.620286E+02
5.677911E+02
7.232906E+02
4.058417E+02
3.580043E+02
3.580043E+02
6.723594E+02
3.580043E+02
3.580043E+02
5.171851E+02
4.095361E+02
3.580043E+02
9.839513E+02
3.580043E+02
7.687419E+02
5.187850E+02
5.136155E+02
6.730338E+02
3.580043E+02
6.218070E+02
3.580043E+02
1.389685E+03
3.619746E+02
3.580043E+02
3.580043E+02
3.580043E+02
3.580043E+02
3.626164E+02
4.614988E+02
9.829527E+02
6.725221E+02
3.580043E+02
0.000000E+00
2.594093E+02
2.535932E+02
4.686626E+02
2.535932E+02
5.095489E+02
4.608400E+02
7.166383E+02
2.535932E+02
7.175680E+02
2.535932E+02
2.535932E+02
8.827281E+02
7.160356E+02
2.535932E+02
2.581100E+02
2.591216E+02
5.610922E+02
1.021697E+03
2.535932E+02
2.535932E+02
2.067789E+02
2.535932E+02
2.535932E+02
4.540461E+02
5.167781E+02
2.570114E+02
7.169677E+02
2.535932E+02
2.535932E+02
2.576175E+02
4.633800E+02
6.188795E+02
3.014306E+02
2.535932E+02
2.535932E+02
5.679483E+02
2.535932E+02
2.535932E+02
4.127740E+02
3.051250E+02
2.535932E+02
8.795402E+02
2.535932E+02
6.643309E+02
4.143739E+02
4.092044E+02
5.686227E+02
2.535932E+02
5.173959E+02
2.535932E+02
1.490533E+03
1.559942E+02
2.535932E+02
2.535932E+02
2.535932E+02
2.535932E+02
2.582053E+02
3.570877E+02
8.785416E+02
5.681110E+02
2.535932E+02
2.594093E+02
0.000000E+00
9.944478E+01
3.145142E+02
9.944478E+01
3.554005E+02
3.066916E+02
5.624899E+02
9.944478E+01
5.634196E+02
9.944478E+01
9.944478E+01
7.285797E+02
5.618872E+02
9.944478E+01
1.039616E+02
1.049732E+02
4.069438E+02
8.675485E+02
9.944478E+01
9.944478E+01
5.263045E+01
9.944478E+01
9.944478E+01
2.998977E+02
3.626297E+02
1.028630E+02
5.628193E+02
9.944478E+01
9.944478E+01
1.034691E+02
3.092316E+02
4.647311E+02
1.472822E+02
9.944478E+01
9.944478E+01
4.137999E+02
9.944478E+01
9.944478E+01
2.586256E+02
1.509766E+02
9.944478E+01
7.253918E+02
9.944478E+01
5.101825E+02
2.602255E+02
2.550560E+02
4.144743E+02
9.944478E+01
3.632475E+02
9.944478E+01
1.336385E+03
1.034151E+02
9.944478E+01
9.944478E+01
9.944478E+01
9.944478E+01
1.040569E+02
2.029393E+02
7.243932E+02
4.139626E+02
9.944478E+01
2.535932E+02
9.944478E+01
0.000000E+00
3.086981E+02
0.000000E+00
2.559557E+02
3.008755E+02
4.630451E+02
0.000000E+00
4.639749E+02
0.000000E+00
0.000000E+00
7.227636E+02
4.624424E+02
0.000000E+00
9.814550E+01
9.915710E+01
3.074990E+02
7.681038E+02
0.000000E+00
0.000000E+00
4.681433E+01
0.000000E+00
0.000000E+00
2.004529E+02
3.568135E+02
9.704688E+01
4.633745E+02
0.000000E+00
0.000000E+00
9.765302E+01
3.034155E+02
4.589150E+02
4.783742E+01
0.000000E+00
0.000000E+00
4.079837E+02
0.000000E+00
0.000000E+00
2.528095E+02
5.153184E+01
0.000000E+00
7.195756E+02
0.000000E+00
5.043663E+02
2.544094E+02
1.556112E+02
4.086582E+02
0.000000E+00
3.574314E+02
0.000000E+00
1.330569E+03
9.759895E+01
0.000000E+00
0.000000E+00
0.000000E+00
0.000000E+00
9.824081E+01
1.971232E+02
7.185771E+02
4.081465E+02
0.000000E+00
4.686626E+02
3.145142E+02
3.086981E+02
0.000000E+00
3.086981E+02
5.646538E+02
5.159449E+02
7.717431E+02
3.086981E+02
7.726729E+02
3.086981E+02
3.086981E+02
9.378330E+02
6.672659E+02
3.086981E+02
3.132149E+02
3.142265E+02
5.123225E+02
1.076802E+03
3.086981E+02
3.086981E+02
2.618837E+02
3.086981E+02
3.086981E+02
5.091510E+02
5.718829E+02
3.121163E+02
6.681979E+02
3.086981E+02
3.086981E+02
3.127224E+02
5.184849E+02
6.739844E+02
3.565355E+02
3.086981E+02
3.086981E+02
6.230531E+02
3.086981E+02
3.086981E+02
4.678789E+02
3.602299E+02
3.086981E+02
9.346451E+02
3.086981E+02
7.194357E+02
4.694788E+02
4.643093E+02
6.237276E+02
3.086981E+02
5.725008E+02
3.086981E+02
1.545638E+03
3.126684E+02
3.086981E+02
3.086981E+02
3.086981E+02
3.086981E+02
3.133102E+02
4.121926E+02
9.336465E+02
6.232159E+02
3.086981E+02
2.535932E+02
9.944478E+01
0.000000E+00
3.086981E+02
0.000000E+00
2.559557E+02
3.008755E+02
4.630451E+02
0.000000E+00
4.639749E+02
0.000000E+00
0.000000E+00
7.227636E+02
4.624424E+02
0.000000E+00
9.814550E+01
9.915710E+01
3.074990E+02
7.681038E+02
0.000000E+00
0.000000E+00
4.681433E+01
0.000000E+00
0.000000E+00
2.004529E+02
3.568135E+02
9.704688E+01
4.633745E+02
0.000000E+00
0.000000E+00
9.765302E+01
3.034155E+02
4.589150E+02
4.783742E+01
0.000000E+00
0.000000E+00
4.079837E+02
0.000000E+00
0.000000E+00
2.528095E+02
5.153184E+01
0.000000E+00
7.195756E+02
0.000000E+00
5.043663E+02
2.544094E+02
1.556112E+02
4.086582E+02
0.000000E+00
3.574314E+02
0.000000E+00
1.330569E+03
9.759895E+01
0.000000E+00
0.000000E+00
0.000000E+00
0.000000E+00
9.824081E+01
1.971232E+02
7.185771E+02
4.081465E+02
0.000000E+00
5.095489E+02
3.554005E+02
2.559557E+02
5.646538E+02
2.559557E+02
0.000000E+00
5.568312E+02
6.233260E+02
2.559557E+02
7.199306E+02
2.559557E+02
2.559557E+02
9.787193E+02
6.227233E+02
2.559557E+02
3.541012E+02
3.551128E+02
5.634547E+02
9.283847E+02
2.559557E+02
2.559557E+02
3.027701E+02
2.559557E+02
2.559557E+02
3.607338E+02
6.127693E+02
3.530026E+02
6.236554E+02
2.559557E+02
2.559557E+02
3.536087E+02
5.593712E+02
7.148707E+02
2.081183E+02
2.559557E+02
2.559557E+02
6.639395E+02
2.559557E+02
2.559557E+02
5.087652E+02
3.074876E+02
2.559557E+02
8.708458E+02
2.559557E+02
7.603221E+02
5.103651E+02
4.115670E+02
6.646139E+02
2.559557E+02
6.133871E+02
2.559557E+02
1.586524E+03
3.535547E+02
2.559557E+02
2.559557E+02
2.559557E+02
2.559557E+02
3.541965E+02
4.530789E+02
9.745328E+02
6.641022E+02
2.559557E+02
4.608400E+02
3.066916E+02
3.008755E+02
5.159449E+02
3.008755E+02
5.568312E+02
0.000000E+00
7.639205E+02
3.008755E+02
7.648503E+02
3.008755E+02
3.008755E+02
9.300104E+02
6.617487E+02
3.008755E+02
3.053923E+02
3.064039E+02
6.083745E+02
1.068979E+03
3.008755E+02
3.008755E+02
2.540611E+02
3.008755E+02
3.008755E+02
5.013284E+02
4.663218E+02
3.042937E+02
6.626807E+02
3.008755E+02
3.008755E+02
3.048998E+02
5.106623E+02
6.661618E+02
3.487129E+02
3.008755E+02
3.008755E+02
6.152305E+02
3.008755E+02
3.008755E+02
4.600563E+02
3.524073E+02
3.008755E+02
9.268225E+02
3.008755E+02
6.138746E+02
4.616562E+02
4.564867E+02
6.159050E+02
3.008755E+02
4.631090E+02
3.008755E+02
1.440077E+03
3.048458E+02
3.008755E+02
3.008755E+02
3.008755E+02
3.008755E+02
3.054876E+02
4.043700E+02
9.258239E+02
5.176548E+02
3.008755E+02
7.166383E+02
5.624899E+02
4.630451E+02
7.717431E+02
4.630451E+02
6.233260E+02
7.639205E+02
0.000000E+00
4.630451E+02
9.270199E+02
4.630451E+02
4.630451E+02
9.801812E+02
8.298127E+02
4.630451E+02
5.611906E+02
5.622022E+02
7.705441E+02
8.291908E+02
4.630451E+02
4.630451E+02
5.098594E+02
4.630451E+02
4.630451E+02
5.678232E+02
8.198586E+02
5.600920E+02
7.254838E+02
4.630451E+02
4.630451E+02
5.606981E+02
7.664606E+02
9.219600E+02
4.152077E+02
4.630451E+02
4.630451E+02
8.710288E+02
4.630451E+02
4.630451E+02
7.158546E+02
5.145769E+02
4.630451E+02
9.810231E+02
4.630451E+02
8.664695E+02
7.174545E+02
6.186563E+02
8.717033E+02
4.630451E+02
8.204765E+02
4.630451E+02
1.588433E+03
5.606440E+02
4.630451E+02
4.630451E+02
4.630451E+02
4.630451E+02
5.612859E+02
6.601682E+02
9.757056E+02
8.711916E+02
4.630451E+02
2.535932E+02
9.944478E+01
0.000000E+00
3.086981E+02
0.000000E+00
2.559557E+02
3.008755E+02
4.630451E+02
0.000000E+00
4.639749E+02
0.000000E+00
0.000000E+00
7.227636E+02
4.624424E+02
0.000000E+00
9.814550E+01
9.915710E+01
3.074990E+02
7.681038E+02
0.000000E+00
0.000000E+00
4.681433E+01
0.000000E+00
0.000000E+00
2.004529E+02
3.568135E+02
9.704688E+01
4.633745E+02
0.000000E+00
0.000000E+00
9.765302E+01
3.034155E+02
4.589150E+02
4.783742E+01
0.000000E+00
0.000000E+00
4.079837E+02
0.000000E+00
0.000000E+00
2.528095E+02
5.153184E+01
0.000000E+00
7.195756E+02
0.000000E+00
5.043663E+02
2.544094E+02
1.556112E+02
4.086582E+02
0.000000E+00
3.574314E+02
0.000000E+00
1.330569E+03
9.759895E+01
0.000000E+00
0.000000E+00
0.000000E+00
0.000000E+00
9.824081E+01
1.971232E+02
7.185771E+02
4.081465E+02
0.000000E+00
7.175680E+02
5.634196E+02
4.639749E+02
7.726729E+02
4.639749E+02
7.199306E+02
7.648503E+02
9.270199E+02
4.639749E+02
0.000000E+00
4.639749E+02
4.639749E+02
1.186738E+03
9.264173E+02
4.639749E+02
5.621203E+02
5.631320E+02
7.714738E+02
1.232079E+03
4.639749E+02
4.639749E+02
5.107892E+02
4.639749E+02
4.639749E+02
6.644278E+02
8.207884E+02
5.610217E+02
9.273493E+02
4.639749E+02
4.639749E+02
5.616279E+02
7.673903E+02
8.235526E+02
5.118123E+02
4.639749E+02
4.639749E+02
8.719586E+02
4.639749E+02
4.639749E+02
7.167844E+02
5.155067E+02
4.639749E+02
1.183550E+03
4.639749E+02
9.683412E+02
7.183842E+02
6.195861E+02
7.732958E+02
4.639749E+02
8.214063E+02
4.639749E+02
1.794544E+03
5.615738E+02
4.639749E+02
4.639749E+02
4.639749E+02
4.639749E+02
5.622157E+02
6.610980E+02
1.182552E+03
8.721213E+02
4.639749E+02
2.535932E+02
9.944478E+01
0.000000E+00
3.086981E+02
0.000000E+00
2.559557E+02
3.008755E+02
4.630451E+02
0.000000E+00
4.639749E+02
0.000000E+00
0.000000E+00
7.227636E+02
4.624424E+02
0.000000E+00
9.814550E+01
9.915710E+01
3.074990E+02
7.681038E+02
0.000000E+00
0.000000E+00
4.681433E+01
0.000000E+00
0.000000E+00
2.004529E+02
3.568135E+02
9.704688E+01
4.633745E+02
0.000000E+00
0.000000E+00
9.765302E+01
3.034155E+02
4.589150E+02
4.783742E+01
0.000000E+00
0.000000E+00
4.079837E+02
0.000000E+00
0.000000E+00
2.528095E+02
5.153184E+01
0.000000E+00
7.195756E+02
0.000000E+00
5.043663E+02
2.544094E+02
1.556112E+02
4.086582E+02
0.000000E+00
3.574314E+02
0.000000E+00
1.330569E+03
9.759895E+01
0.000000E+00
0.000000E+00
0.000000E+00
0.000000E+00
9.824081E+01
1.971232E+02
7.185771E+02
4.081465E+02
0.000000E+00
2.535932E+02
9.944478E+01
0.000000E+00
3.086981E+02
0.000000E+00
2.559557E+02
3.008755E+02
4.630451E+02
0.000000E+00
4.639749E+02
0.000000E+00
0.000000E+00
7.227636E+02
4.624424E+02
0.000000E+00
9.814550E+01
9.915710E+01
3.074990E+02
7.681038E+02
0.000000E+00
0.000000E+00
4.681433E+01
0.000000E+00
0.000000E+00
2.004529E+02
3.568135E+02
9.704688E+01
4.633745E+02
0.000000E+00
0.000000E+00
9.765302E+01
3.034155E+02
4.589150E+02
4.783742E+01
0.000000E+00
0.000000E+00
4.079837E+02
0.000000E+00
0.000000E+00
2.528095E+02
5.153184E+01
0.000000E+00
7.195756E+02
0.000000E+00
5.043663E+02
2.544094E+02
1.556112E+02
4.086582E+02
0.000000E+00
3.574314E+02
0.000000E+00
1.330569E+03
9.759895E+01
0.000000E+00
0.000000E+00
0.000000E+00
0.000000E+00
9.824081E+01
1.971232E+02
7.185771E+02
4.081465E+02
0.000000E+00
8.827281E+02
7.285797E+02
7.227636E+02
9.378330E+02
7.227636E+02
9.787193E+02
9.300104E+02
9.801812E+02
7.227636E+02
1.186738E+03
7.227636E+02
7.227636E+02
0.000000E+00
1.082353E+03
7.227636E+02
7.272805E+02
7.282921E+02
1.030263E+03
1.290168E+03
7.227636E+02
7.227636E+02
6.759493E+02
7.227636E+02
7.227636E+02
9.232165E+02
9.859485E+02
7.261818E+02
1.186138E+03
7.227636E+02
7.227636E+02
7.267880E+02
9.325505E+02
1.088050E+03
7.706010E+02
7.227636E+02
7.227636E+02
1.037119E+03
7.227636E+02
7.227636E+02
8.819445E+02
7.742955E+02
7.227636E+02
1.247769E+03
7.227636E+02
9.328015E+02
8.835444E+02
8.783749E+02
9.344939E+02
7.227636E+02
9.865664E+02
7.227636E+02
1.654318E+03
7.267339E+02
7.227636E+02
7.227636E+02
7.227636E+02
7.227636E+02
7.273758E+02
7.265003E+02
1.347712E+03
1.037281E+03
7.227636E+02
7.160356E+02
5.618872E+02
4.624424E+02
6.672659E+02
4.624424E+02
6.227233E+02
6.617487E+02
8.298127E+02
4.624424E+02
9.264173E+02
4.624424E+02
4.624424E+02
1.082353E+03
0.000000E+00
4.624424E+02
5.605879E+02
5.615995E+02
6.660668E+02
1.134871E+03
4.624424E+02
4.624424E+02
5.092568E+02
4.624424E+02
4.624424E+02
5.672205E+02
8.192560E+02
5.594893E+02
6.246982E+02
4.624424E+02
4.624424E+02
5.600955E+02
7.658579E+02
9.213574E+02
4.146050E+02
4.624424E+02
4.624424E+02
8.704262E+02
4.624424E+02
4.624424E+02
7.152520E+02
5.139743E+02
4.624424E+02
1.182018E+03
4.624424E+02
9.668088E+02
7.168518E+02
6.180537E+02
8.711006E+02
4.624424E+02
7.183046E+02
4.624424E+02
1.793011E+03
5.600414E+02
4.624424E+02
4.624424E+02
4.624424E+02
4.624424E+02
5.606832E+02
6.595656E+02
1.181020E+03
8.705889E+02
4.624424E+02
2.535932E+02
9.944478E+01
0.000000E+00
3.086981E+02
0.000000E+00
2.559557E+02
3.008755E+02
4.630451E+02
0.000000E+00
4.639749E+02
0.000000E+00
0.000000E+00
7.227636E+02
4.624424E+02
0.000000E+00
9.814550E+01
9.915710E+01
3.074990E+02
7.681038E+02
0.000000E+00
0.000000E+00
4.681433E+01
0.000000E+00
0.000000E+00
2.004529E+02
3.568135E+02
9.704688E+01
4.633745E+02
0.000000E+00
0.000000E+00
9.765302E+01
3.034155E+02
4.589150E+02
4.783742E+01
0.000000E+00
0.000000E+00
4.079837E+02
0.000000E+00
0.000000E+00
2.528095E+02
5.153184E+01
0.000000E+00
7.195756E+02
0.000000E+00
5.043663E+02
2.544094E+02
1.556112E+02
4.086582E+02
0.000000E+00
3.574314E+02
0.000000E+00
1.330569E+03
9.759895E+01
0.000000E+00
0.000000E+00
0.000000E+00
0.000000E+00
9.824081E+01
1.971232E+02
7.185771E+02
4.081465E+02
0.000000E+00
2.581100E+02
1.039616E+02
9.814550E+01
3.132149E+02
9.814550E+01
3.541012E+02
3.053923E+02
5.611906E+02
9.814550E+01
5.621203E+02
9.814550E+01
9.814550E+01
7.272805E+02
5.605879E+02
9.814550E+01
0.000000E+00
1.036739E+02
4.056445E+02
8.662493E+02
9.814550E+01
9.814550E+01
5.133117E+01
9.814550E+01
9.814550E+01
2.985984E+02
3.613304E+02
1.015637E+02
5.615200E+02
9.814550E+01
9.814550E+01
1.021699E+02
3.079323E+02
4.634318E+02
1.459829E+02
9.814550E+01
9.814550E+01
4.125006E+02
9.814550E+01
9.814550E+01
2.573264E+02
1.496773E+02
9.814550E+01
7.240925E+02
9.814550E+01
5.088832E+02
2.589262E+02
2.537567E+02
4.131750E+02
9.814550E+01
3.619483E+02
9.814550E+01
1.335086E+03
1.021158E+02
9.814550E+01
9.814550E+01
9.814550E+01
9.814550E+01
1.027576E+02
2.016400E+02
7.230939E+02
4.126633E+02
9.814550E+01
2.591216E+02
1.049732E+02
9.915710E+01
3.142265E+02
9.915710E+01
3.551128E+02
3.064039E+02
5.622022E+02
9.915710E+01
5.631320E+02
9.915710E+01
9.915710E+01
7.282921E+02
5.615995E+02
9.915710E+01
1.036739E+02
0.000000E+00
4.066561E+02
8.672609E+02
9.915710E+01
9.915710E+01
5.234277E+01
9.915710E+01
9.915710E+01
2.996100E+02
3.623420E+02
1.025753E+02
5.625316E+02
9.915710E+01
9.915710E+01
1.031815E+02
3.089439E+02
4.644434E+02
1.469945E+02
9.915710E+01
9.915710E+01
4.135122E+02
9.915710E+01
9.915710E+01
2.583380E+02
1.506889E+02
9.915710E+01
7.251041E+02
9.915710E+01
5.098948E+02
2.599378E+02
2.547683E+02
4.141866E+02
9.915710E+01
3.629599E+02
9.915710E+01
1.336097E+03
1.031274E+02
9.915710E+01
9.915710E+01
9.915710E+01
9.915710E+01
1.037692E+02
2.026516E+02
7.241055E+02
4.136749E+02
9.915710E+01
5.610922E+02
4.069438E+02
3.074990E+02
5.123225E+02
3.074990E+02
5.634547E+02
6.083745E+02
7.705441E+02
3.074990E+02
7.714738E+02
3.074990E+02
3.074990E+02
1.030263E+03
6.660668E+02
3.074990E+02
4.056445E+02
4.066561E+02
0.000000E+00
1.075603E+03
3.074990E+02
3.074990E+02
3.543133E+02
3.074990E+02
3.074990E+02
5.079519E+02
6.643125E+02
4.045459E+02
5.659785E+02
3.074990E+02
3.074990E+02
4.051520E+02
6.109145E+02
7.664140E+02
3.553364E+02
3.074990E+02
3.074990E+02
7.154827E+02
3.074990E+02
3.074990E+02
5.603085E+02
3.590308E+02
3.074990E+02
1.027075E+03
3.074990E+02
8.118653E+02
5.619084E+02
4.631102E+02
7.161572E+02
3.074990E+02
6.649304E+02
3.074990E+02
1.436811E+03
4.050979E+02
3.074990E+02
3.074990E+02
3.074990E+02
3.074990E+02
3.028868E+02
5.046222E+02
1.026076E+03
7.156455E+02
3.074990E+02
1.021697E+03
8.675485E+02
7.681038E+02
1.076802E+03
7.681038E+02
9.283847E+02
1.068979E+03
8.291908E+02
7.681038E+02
1.232079E+03
7.681038E+02
7.681038E+02
1.290168E+03
1.134871E+03
7.681038E+02
8.662493E+02
8.672609E+02
1.075603E+03
0.000000E+00
7.681038E+02
7.681038E+02
8.149181E+02
7.681038E+02
7.681038E+02
8.728818E+02
1.124917E+03
8.651506E+02
1.135803E+03
7.681038E+02
7.681038E+02
8.657568E+02
1.071519E+03
1.227019E+03
7.202663E+02
7.681038E+02
7.681038E+02
1.074811E+03
7.681038E+02
7.681038E+02
1.020913E+03
8.196356E+02
7.681038E+02
1.182515E+03
7.681038E+02
9.704943E+02
1.022513E+03
8.224390E+02
1.073196E+03
7.681038E+02
1.125535E+03
7.681038E+02
1.795931E+03
8.657027E+02
7.681038E+02
7.681038E+02
7.681038E+02
7.681038E+02
8.663446E+02
8.654691E+02
1.284749E+03
1.176250E+03
7.681038E+02
2.535932E+02
9.944478E+01
0.000000E+00
3.086981E+02
0.000000E+00
2.559557E+02
3.008755E+02
4.630451E+02
0.000000E+00
4.639749E+02
0.000000E+00
0.000000E+00
7.227636E+02
4.624424E+02
0.000000E+00
9.814550E+01
9.915710E+01
3.074990E+02
7.681038E+02
0.000000E+00
0.000000E+00
4.681433E+01
0.000000E+00
0.000000E+00
2.004529E+02
3.568135E+02
9.704688E+01
4.633745E+02
0.000000E+00
0.000000E+00
9.765302E+01
3.034155E+02
4.589150E+02
4.783742E+01
0.000000E+00
0.000000E+00
4.079837E+02
0.000000E+00
0.000000E+00
2.528095E+02
5.153184E+01
0.000000E+00
7.195756E+02
0.000000E+00
5.043663E+02
2.544094E+02
1.556112E+02
4.086582E+02
0.000000E+00
3.574314E+02
0.000000E+00
1.330569E+03
9.759895E+01
0.000000E+00
0.000000E+00
0.000000E+00
0.000000E+00
9.824081E+01
1.971232E+02
7.185771E+02
4.081465E+02
0.000000E+00
2.535932E+02
9.944478E+01
0.000000E+00
3.086981E+02
0.000000E+00
2.559557E+02
3.008755E+02
4.630451E+02
0.000000E+00
4.639749E+02
0.000000E+00
0.000000E+00
7.227636E+02
4.624424E+02
0.000000E+00
9.814550E+01
9.915710E+01
3.074990E+02
7.681038E+02
0.000000E+00
0.000000E+00
4.681433E+01
0.000000E+00
0.000000E+00
2.004529E+02
3.568135E+02
9.704688E+01
4.633745E+02
0.000000E+00
0.000000E+00
9.765302E+01
3.034155E+02
4.589150E+02
4.783742E+01
0.000000E+00
0.000000E+00
4.079837E+02
0.000000E+00
0.000000E+00
2.528095E+02
5.153184E+01
0.000000E+00
7.195756E+02
0.000000E+00
5.043663E+02
2.544094E+02
1.556112E+02
4.086582E+02
0.000000E+00
3.574314E+02
0.000000E+00
1.330569E+03
9.759895E+01
0.000000E+00
0.000000E+00
0.000000E+00
0.000000E+00
9.824081E+01
1.971232E+02
7.185771E+02
4.081465E+02
0.000000E+00
2.067789E+02
5.263045E+01
4.681433E+01
2.618837E+02
4.681433E+01
3.027701E+02
2.540611E+02
5.098594E+02
4.681433E+01
5.107892E+02
4.681433E+01
4.681433E+01
6.759493E+02
5.092568E+02
4.681433E+01
5.133117E+01
5.234277E+01
3.543133E+02
8.149181E+02
4.681433E+01
4.681433E+01
0.000000E+00
4.681433E+01
4.681433E+01
2.472673E+02
3.099992E+02
5.023255E+01
5.101888E+02
4.681433E+01
4.681433E+01
5.083869E+01
2.566012E+02
4.121006E+02
9.465175E+01
4.681433E+01
4.681433E+01
3.611694E+02
4.681433E+01
4.681433E+01
2.059952E+02
9.834617E+01
4.681433E+01
6.727613E+02
4.681433E+01
4.575520E+02
2.075951E+02
2.024256E+02
3.618439E+02
4.681433E+01
3.106171E+02
4.681433E+01
1.283754E+03
5.078462E+01
4.681433E+01
4.681433E+01
4.681433E+01
4.681433E+01
5.142648E+01
1.503088E+02
6.717628E+02
3.613322E+02
4.681433E+01
2.535932E+02
9.944478E+01
0.000000E+00
3.086981E+02
0.000000E+00
2.559557E+02
3.008755E+02
4.630451E+02
0.000000E+00
4.639749E+02
0.000000E+00
0.000000E+00
7.227636E+02
4.624424E+02
0.000000E+00
9.814550E+01
9.915710E+01
3.074990E+02
7.681038E+02
0.000000E+00
0.000000E+00
4.681433E+01
0.000000E+00
0.000000E+00
2.004529E+02
3.568135E+02
9.704688E+01
4.633745E+02
0.000000E+00
0.000000E+00
9.765302E+01
3.034155E+02
4.589150E+02
4.783742E+01
0.000000E+00
0.000000E+00
4.079837E+02
0.000000E+00
0.000000E+00
2.528095E+02
5.153184E+01
0.000000E+00
7.195756E+02
0.000000E+00
5.043663E+02
2.544094E+02
1.556112E+02
4.086582E+02
0.000000E+00
3.574314E+02
0.000000E+00
1.330569E+03
9.759895E+01
0.000000E+00
0.000000E+00
0.000000E+00
0.000000E+00
9.824081E+01
1.971232E+02
7.185771E+02
4.081465E+02
0.000000E+00
2.535932E+02
9.944478E+01
0.000000E+00
3.086981E+02
0.000000E+00
2.559557E+02
3.008755E+02
4.630451E+02
0.000000E+00
4.639749E+02
0.000000E+00
0.000000E+00
7.227636E+02
4.624424E+02
0.000000E+00
9.814550E+01
9.915710E+01
3.074990E+02
7.681038E+02
0.000000E+00
0.000000E+00
4.681433E+01
0.000000E+00
0.000000E+00
2.004529E+02
3.568135E+02
9.704688E+01
4.633745E+02
0.000000E+00
0.000000E+00
9.765302E+01
3.034155E+02
4.589150E+02
4.783742E+01
0.000000E+00
0.000000E+00
4.079837E+02
0.000000E+00
0.000000E+00
2.528095E+02
5.153184E+01
0.000000E+00
7.195756E+02
0.000000E+00
5.043663E+02
2.544094E+02
1.556112E+02
4.086582E+02
0.000000E+00
3.574314E+02
0.000000E+00
1.330569E+03
9.759895E+01
0.000000E+00
0.000000E+00
0.000000E+00
0.000000E+00
9.824081E+01
1.971232E+02
7.185771E+02
4.081465E+02
0.000000E+00
4.540461E+02
2.998977E+02
2.004529E+02
5.091510E+02
2.004529E+02
3.607338E+02
5.013284E+02
5.678232E+02
2.004529E+02
6.644278E+02
2.004529E+02
2.004529E+02
9.232165E+02
5.672205E+02
2.004529E+02
2.985984E+02
2.996100E+02
5.079519E+02
8.728818E+02
2.004529E+02
2.004529E+02
2.472673E+02
2.004529E+02
2.004529E+02
0.000000E+00
5.572665E+02
2.974998E+02
5.681526E+02
2.004529E+02
2.004529E+02
2.981059E+02
5.038684E+02
6.593679E+02
1.526155E+02
2.004529E+02
2.004529E+02
6.084367E+02
2.004529E+02
2.004529E+02
4.532624E+02
2.519848E+02
2.004529E+02
9.200286E+02
2.004529E+02
7.048193E+02
4.548623E+02
3.560642E+02
6.091111E+02
2.004529E+02
5.578843E+02
2.004529E+02
1.431943E+03
2.980519E+02
2.004529E+02
2.004529E+02
2.004529E+02
2.004529E+02
2.986937E+02
3.975761E+02
9.190300E+02
6.085994E+02
2.004529E+02
5.167781E+02
3.626297E+02
3.568135E+02
5.718829E+02
3.568135E+02
6.127693E+02
4.663218E+02
8.198586E+02
3.568135E+02
8.207884E+02
3.568135E+02
3.568135E+02
9.859485E+02
8.192560E+02
3.568135E+02
3.613304E+02
3.623420E+02
6.643125E+02
1.124917E+03
3.568135E+02
3.568135E+02
3.099992E+02
3.568135E+02
3.568135E+02
5.572665E+02
0.000000E+00
3.602318E+02
8.201880E+02
3.568135E+02
3.568135E+02
3.608379E+02
5.666004E+02
7.220999E+02
4.046510E+02
3.568135E+02
3.568135E+02
6.711686E+02
3.568135E+02
3.568135E+02
5.159944E+02
4.083454E+02
3.568135E+02
9.827605E+02
3.568135E+02
6.698127E+02
5.175943E+02
5.124248E+02
6.718431E+02
3.568135E+02
6.206163E+02
3.568135E+02
1.496015E+03
3.607838E+02
3.568135E+02
3.568135E+02
3.568135E+02
3.568135E+02
3.614257E+02
4.603080E+02
9.817620E+02
5.735929E+02
3.568135E+02
2.570114E+02
1.028630E+02
9.704688E+01
3.121163E+02
9.704688E+01
3.530026E+02
3.042937E+02
5.600920E+02
9.704688E+01
5.610217E+02
9.704688E+01
9.704688E+01
7.261818E+02
5.594893E+02
9.704688E+01
1.015637E+02
1.025753E+02
4.045459E+02
8.651506E+02
9.704688E+01
9.704688E+01
5.023255E+01
9.704688E+01
9.704688E+01
2.974998E+02
3.602318E+02
0.000000E+00
5.604214E+02
9.704688E+01
9.704688E+01
1.010712E+02
3.068337E+02
4.623332E+02
1.448843E+02
9.704688E+01
9.704688E+01
4.114020E+02
9.704688E+01
9.704688E+01
2.562277E+02
1.485787E+02
9.704688E+01
7.229939E+02
9.704688E+01
5.077846E+02
2.578276E+02
2.526581E+02
4.120764E+02
9.704688E+01
3.608496E+02
9.704688E+01
1.333987E+03
1.010172E+02
9.704688E+01
9.704688E+01
9.704688E+01
9.704688E+01
1.016590E+02
2.005414E+02
7.219953E+02
4.115647E+02
9.704688E+01
7.169677E+02
5.628193E+02
4.633745E+02
6.681979E+02
4.633745E+02
6.236554E+02
6.626807E+02
7.254838E+02
4.633745E+02
9.273493E+02
4.633745E+02
4.633745E+02
1.186138E+03
6.246982E+02
4.633745E+02
5.615200E+02
5.625316E+02
5.659785E+02
1.135803E+03
4.633745E+02
4.633745E+02
5.101888E+02
4.633745E+02
4.633745E+02
5.681526E+02
8.201880E+02
5.604214E+02
0.000000E+00
4.633745E+02
4.633745E+02
5.610275E+02
7.667900E+02
9.222895E+02
4.155371E+02
4.633745E+02
4.633745E+02
8.713582E+02
4.633745E+02
4.633745E+02
7.161840E+02
5.149063E+02
4.633745E+02
1.182950E+03
4.633745E+02
9.677408E+02
7.177839E+02
6.189857E+02
8.720327E+02
4.633745E+02
7.192367E+02
4.633745E+02
1.692923E+03
5.609734E+02
4.633745E+02
4.633745E+02
4.633745E+02
4.633745E+02
5.616153E+02
6.604976E+02
1.181952E+03
8.715210E+02
4.633745E+02
2.535932E+02
9.944478E+01
0.000000E+00
3.086981E+02
0.000000E+00
2.559557E+02
3.008755E+02
4.630451E+02
0.000000E+00
4.639749E+02
0.000000E+00
0.000000E+00
7.227636E+02
4.624424E+02
0.000000E+00
9.814550E+01
9.915710E+01
3.074990E+02
7.681038E+02
0.000000E+00
0.000000E+00
4.681433E+01
0.000000E+00
0.000000E+00
2.004529E+02
3.568135E+02
9.704688E+01
4.633745E+02
0.000000E+00
0.000000E+00
9.765302E+01
3.034155E+02
4.589150E+02
4.783742E+01
0.000000E+00
0.000000E+00
4.079837E+02
0.000000E+00
0.000000E+00
2.528095E+02
5.153184E+01
0.000000E+00
7.195756E+02
0.000000E+00
5.043663E+02
2.544094E+02
1.556112E+02
4.086582E+02
0.000000E+00
3.574314E+02
0.000000E+00
1.330569E+03
9.759895E+01
0.000000E+00
0.000000E+00
0.000000E+00
0.000000E+00
9.824081E+01
1.971232E+02
7.185771E+02
4.081465E+02
0.000000E+00
2.535932E+02
9.944478E+01
0.000000E+00
3.086981E+02
0.000000E+00
2.559557E+02
3.008755E+02
4.630451E+02
0.000000E+00
4.639749E+02
0.000000E+00
0.000000E+00
7.227636E+02
4.624424E+02
0.000000E+00
9.814550E+01
9.915710E+01
3.074990E+02
7.681038E+02
0.000000E+00
0.000000E+00
4.681433E+01
0.000000E+00
0.000000E+00
2.004529E+02
3.568135E+02
9.704688E+01
4.633745E+02
0.000000E+00
0.000000E+00
9.765302E+01
3.034155E+02
4.589150E+02
4.783742E+01
0.000000E+00
0.000000E+00
4.079837E+02
0.000000E+00
0.000000E+00
2.528095E+02
5.153184E+01
0.000000E+00
7.195756E+02
0.000000E+00
5.043663E+02
2.544094E+02
1.556112E+02
4.086582E+02
0.000000E+00
3.574314E+02
0.000000E+00
1.330569E+03
9.759895E+01
0.000000E+00
0.000000E+00
0.000000E+00
0.000000E+00
9.824081E+01
1.971232E+02
7.185771E+02
4.081465E+02
0.000000E+00
2.576175E+02
1.034691E+02
9.765302E+01
3.127224E+02
9.765302E+01
3.536087E+02
3.048998E+02
5.606981E+02
9.765302E+01
5.616279E+02
9.765302E+01
9.765302E+01
7.267880E+02
5.600955E+02
9.765302E+01
1.021699E+02
1.031815E+02
4.051520E+02
8.657568E+02
9.765302E+01
9.765302E+01
5.083869E+01
9.765302E+01
9.765302E+01
2.981059E+02
3.608379E+02
1.010712E+02
5.610275E+02
9.765302E+01
9.765302E+01
0.000000E+00
3.074399E+02
4.629393E+02
1.454904E+02
9.765302E+01
9.765302E+01
4.120081E+02
9.765302E+01
9.765302E+01
2.568339E+02
1.491849E+02
9.765302E+01
7.236000E+02
9.765302E+01
5.083907E+02
2.584337E+02
2.532643E+02
4.126825E+02
9.765302E+01
3.614558E+02
9.765302E+01
1.334593E+03
1.016233E+02
9.765302E+01
9.765302E+01
9.765302E+01
9.765302E+01
1.022652E+02
2.011475E+02
7.226015E+02
4.121709E+02
9.765302E+01
4.633800E+02
3.092316E+02
3.034155E+02
5.184849E+02
3.034155E+02
5.593712E+02
5.106623E+02
7.664606E+02
3.034155E+02
7.673903E+02
3.034155E+02
3.034155E+02
9.325505E+02
7.658579E+02
3.034155E+02
3.079323E+02
3.089439E+02
6.109145E+02
1.071519E+03
3.034155E+02
3.034155E+02
2.566012E+02
3.034155E+02
3.034155E+02
5.038684E+02
5.666004E+02
3.068337E+02
7.667900E+02
3.034155E+02
3.034155E+02
3.074399E+02
0.000000E+00
6.687018E+02
3.512529E+02
3.034155E+02
3.034155E+02
6.177706E+02
3.034155E+02
3.034155E+02
4.625964E+02
3.549473E+02
3.034155E+02
9.293625E+02
3.034155E+02
7.141532E+02
4.641962E+02
4.590267E+02
6.184450E+02
3.034155E+02
5.672183E+02
3.034155E+02
1.540356E+03
3.073858E+02
3.034155E+02
3.034155E+02
3.034155E+02
3.034155E+02
3.080276E+02
4.069100E+02
9.283639E+02
6.179333E+02
3.034155E+02
6.188795E+02
4.647311E+02
4.589150E+02
6.739844E+02
4.589150E+02
7.148707E+02
6.661618E+02
9.219600E+02
4.589150E+02
8.235526E+02
4.589150E+02
4.589150E+02
1.088050E+03
9.213574E+02
4.589150E+02
4.634318E+02
4.644434E+02
7.664140E+02
1.227019E+03
4.589150E+02
4.589150E+02
4.121006E+02
4.589150E+02
4.589150E+02
6.593679E+02
7.220999E+02
4.623332E+02
9.222895E+02
4.589150E+02
4.589150E+02
4.629393E+02
6.687018E+02
0.000000E+00
5.067524E+02
4.589150E+02
4.589150E+02
7.732701E+02
4.589150E+02
4.589150E+02
6.180958E+02
5.104468E+02
4.589150E+02
9.809874E+02
4.589150E+02
7.694164E+02
6.196957E+02
6.145262E+02
6.746073E+02
4.589150E+02
7.227177E+02
4.589150E+02
1.695855E+03
4.628853E+02
4.589150E+02
4.589150E+02
4.589150E+02
4.589150E+02
4.635271E+02
5.624095E+02
1.083863E+03
7.734328E+02
4.589150E+02
3.014306E+02
1.472822E+02
4.783742E+01
3.565355E+02
4.783742E+01
2.081183E+02
3.487129E+02
4.152077E+02
4.783742E+01
5.118123E+02
4.783742E+01
4.783742E+01
7.706010E+02
4.146050E+02
4.783742E+01
1.459829E+02
1.469945E+02
3.553364E+02
7.202663E+02
4.783742E+01
4.783742E+01
9.465175E+01
4.783742E+01
4.783742E+01
1.526155E+02
4.046510E+02
1.448843E+02
4.155371E+02
4.783742E+01
4.783742E+01
1.454904E+02
3.512529E+02
5.067524E+02
0.000000E+00
4.783742E+01
4.783742E+01
4.558212E+02
4.783742E+01
4.783742E+01
3.006469E+02
9.936925E+01
4.783742E+01
7.674131E+02
4.783742E+01
5.522037E+02
3.022468E+02
2.034487E+02
4.564956E+02
4.783742E+01
4.052688E+02
4.783742E+01
1.378406E+03
1.454364E+02
4.783742E+01
4.783742E+01
4.783742E+01
4.783742E+01
1.460782E+02
2.449606E+02
7.664145E+02
4.559839E+02
4.783742E+01
2.535932E+02
9.944478E+01
0.000000E+00
3.086981E+02
0.000000E+00
2.559557E+02
3.008755E+02
4.630451E+02
0.000000E+00
4.639749E+02
0.000000E+00
0.000000E+00
7.227636E+02
4.624424E+02
0.000000E+00
9.814550E+01
9.915710E+01
3.074990E+02
7.681038E+02
0.000000E+00
0.000000E+00
4.681433E+01
0.000000E+00
0.000000E+00
2.004529E+02
3.568135E+02
9.704688E+01
4.633745E+02
0.000000E+00
0.000000E+00
9.765302E+01
3.034155E+02
4.589150E+02
4.783742E+01
0.000000E+00
0.000000E+00
4.079837E+02
0.000000E+00
0.000000E+00
2.528095E+02
5.153184E+01
0.000000E+00
7.195756E+02
0.000000E+00
5.043663E+02
2.544094E+02
1.556112E+02
4.086582E+02
0.000000E+00
3.574314E+02
0.000000E+00
1.330569E+03
9.759895E+01
0.000000E+00
0.000000E+00
0.000000E+00
0.000000E+00
9.824081E+01
1.971232E+02
7.185771E+02
4.081465E+02
0.000000E+00
2.535932E+02
9.944478E+01
0.000000E+00
3.086981E+02
0.000000E+00
2.559557E+02
3.008755E+02
4.630451E+02
0.000000E+00
4.639749E+02
0.000000E+00
0.000000E+00
7.227636E+02
4.624424E+02
0.000000E+00
9.814550E+01
9.915710E+01
3.074990E+02
7.681038E+02
0.000000E+00
0.000000E+00
4.681433E+01
0.000000E+00
0.000000E+00
2.004529E+02
3.568135E+02
9.704688E+01
4.633745E+02
0.000000E+00
0.000000E+00
9.765302E+01
3.034155E+02
4.589150E+02
4.783742E+01
0.000000E+00
0.000000E+00
4.079837E+02
0.000000E+00
0.000000E+00
2.528095E+02
5.153184E+01
0.000000E+00
7.195756E+02
0.000000E+00
5.043663E+02
2.544094E+02
1.556112E+02
4.086582E+02
0.000000E+00
3.574314E+02
0.000000E+00
1.330569E+03
9.759895E+01
0.000000E+00
0.000000E+00
0.000000E+00
0.000000E+00
9.824081E+01
1.971232E+02
7.185771E+02
4.081465E+02
0.000000E+00
5.679483E+02
4.137999E+02
4.079837E+02
6.230531E+02
4.079837E+02
6.639395E+02
6.152305E+02
8.710288E+02
4.079837E+02
8.719586E+02
4.079837E+02
4.079837E+02
1.037119E+03
8.704262E+02
4.079837E+02
4.125006E+02
4.135122E+02
7.154827E+02
1.074811E+03
4.079837E+02
4.079837E+02
3.611694E+02
4.079837E+02
4.079837E+02
6.084367E+02
6.711686E+02
4.114020E+02
8.713582E+02
4.079837E+02
4.079837E+02
4.120081E+02
6.177706E+02
7.732701E+02
4.558212E+02
4.079837E+02
4.079837E+02
0.000000E+00
4.079837E+02
4.079837E+02
5.671646E+02
4.595156E+02
4.079837E+02
1.033931E+03
4.079837E+02
8.187214E+02
5.687645E+02
4.623189E+02
7.230133E+02
4.079837E+02
6.717865E+02
4.079837E+02
1.644924E+03
4.119540E+02
4.079837E+02
4.079837E+02
4.079837E+02
4.079837E+02
4.125959E+02
5.114782E+02
9.316562E+02
6.203216E+02
4.079837E+02
2.535932E+02
9.944478E+01
0.000000E+00
3.086981E+02
0.000000E+00
2.559557E+02
3.008755E+02
4.630451E+02
0.000000E+00
4.639749E+02
0.000000E+00
0.000000E+00
7.227636E+02
4.624424E+02
0.000000E+00
9.814550E+01
9.915710E+01
3.074990E+02
7.681038E+02
0.000000E+00
0.000000E+00
4.681433E+01
0.000000E+00
0.000000E+00
2.004529E+02
3.568135E+02
9.704688E+01
4.633745E+02
0.000000E+00
0.000000E+00
9.765302E+01
3.034155E+02
4.589150E+02
4.783742E+01
0.000000E+00
0.000000E+00
4.079837E+02
0.000000E+00
0.000000E+00
2.528095E+02
5.153184E+01
0.000000E+00
7.195756E+02
0.000000E+00
5.043663E+02
2.544094E+02
1.556112E+02
4.086582E+02
0.000000E+00
3.574314E+02
0.000000E+00
1.330569E+03
9.759895E+01
0.000000E+00
0.000000E+00
0.000000E+00
0.000000E+00
9.824081E+01
1.971232E+02
7.185771E+02
4.081465E+02
0.000000E+00
2.535932E+02
9.944478E+01
0.000000E+00
3.086981E+02
0.000000E+00
2.559557E+02
3.008755E+02
4.630451E+02
0.000000E+00
4.639749E+02
0.000000E+00
0.000000E+00
7.227636E+02
4.624424E+02
0.000000E+00
9.814550E+01
9.915710E+01
3.074990E+02
7.681038E+02
0.000000E+00
0.000000E+00
4.681433E+01
0.000000E+00
0.000000E+00
2.004529E+02
3.568135E+02
9.704688E+01
4.633745E+02
0.000000E+00
0.000000E+00
9.765302E+01
3.034155E+02
4.589150E+02
4.783742E+01
0.000000E+00
0.000000E+00
4.079837E+02
0.000000E+00
0.000000E+00
2.528095E+02
5.153184E+01
0.000000E+00
7.195756E+02
0.000000E+00
5.043663E+02
2.544094E+02
1.556112E+02
4.086582E+02
0.000000E+00
3.574314E+02
0.000000E+00
1.330569E+03
9.759895E+01
0.000000E+00
0.000000E+00
0.000000E+00
0.000000E+00
9.824081E+01
1.971232E+02
7.185771E+02
4.081465E+02
0.000000E+00
4.127740E+02
2.586256E+02
2.528095E+02
4.678789E+02
2.528095E+02
5.087652E+02
4.600563E+02
7.158546E+02
2.528095E+02
7.167844E+02
2.528095E+02
2.528095E+02
8.819445E+02
7.152520E+02
2.528095E+02
2.573264E+02
2.583380E+02
5.603085E+02
1.020913E+03
2.528095E+02
2.528095E+02
2.059952E+02
2.528095E+02
2.528095E+02
4.532624E+02
5.159944E+02
2.562277E+02
7.161840E+02
2.528095E+02
2.528095E+02
2.568339E+02
4.625964E+02
6.180958E+02
3.006469E+02
2.528095E+02
2.528095E+02
5.671646E+02
2.528095E+02
2.528095E+02
0.000000E+00
3.043414E+02
2.528095E+02
8.787565E+02
2.528095E+02
6.635472E+02
3.124882E+02
4.084208E+02
5.678390E+02
2.528095E+02
5.166123E+02
2.528095E+02
1.489750E+03
2.567798E+02
2.528095E+02
2.528095E+02
2.528095E+02
2.528095E+02
2.574217E+02
2.552020E+02
8.777580E+02
5.673274E+02
2.528095E+02
3.051250E+02
1.509766E+02
5.153184E+01
3.602299E+02
5.153184E+01
3.074876E+02
3.524073E+02
5.145769E+02
5.153184E+01
5.155067E+02
5.153184E+01
5.153184E+01
7.742955E+02
5.139743E+02
5.153184E+01
1.496773E+02
1.506889E+02
3.590308E+02
8.196356E+02
5.153184E+01
5.153184E+01
9.834617E+01
5.153184E+01
5.153184E+01
2.519848E+02
4.083454E+02
1.485787E+02
5.149063E+02
5.153184E+01
5.153184E+01
1.491849E+02
3.549473E+02
5.104468E+02
9.936925E+01
5.153184E+01
5.153184E+01
4.595156E+02
5.153184E+01
5.153184E+01
3.043414E+02
0.000000E+00
5.153184E+01
7.711075E+02
5.153184E+01
5.558982E+02
3.059412E+02
2.071431E+02
4.601900E+02
5.153184E+01
4.089633E+02
5.153184E+01
1.382101E+03
1.491308E+02
5.153184E+01
5.153184E+01
5.153184E+01
5.153184E+01
1.497726E+02
2.486550E+02
7.701089E+02
4.596783E+02
5.153184E+01
2.535932E+02
9.944478E+01
0.000000E+00
3.086981E+02
0.000000E+00
2.559557E+02
3.008755E+02
4.630451E+02
0.000000E+00
4.639749E+02
0.000000E+00
0.000000E+00
7.227636E+02
4.624424E+02
0.000000E+00
9.814550E+01
9.915710E+01
3.074990E+02
7.681038E+02
0.000000E+00
0.000000E+00
4.681433E+01
0.000000E+00
0.000000E+00
2.004529E+02
3.568135E+02
9.704688E+01
4.633745E+02
0.000000E+00
0.000000E+00
9.765302E+01
3.034155E+02
4.589150E+02
4.783742E+01
0.000000E+00
0.000000E+00
4.079837E+02
0.000000E+00
0.000000E+00
2.528095E+02
5.153184E+01
0.000000E+00
7.195756E+02
0.000000E+00
5.043663E+02
2.544094E+02
1.556112E+02
4.086582E+02
0.000000E+00
3.574314E+02
0.000000E+00
1.330569E+03
9.759895E+01
0.000000E+00
0.000000E+00
0.000000E+00
0.000000E+00
9.824081E+01
1.971232E+02
7.185771E+02
4.081465E+02
0.000000E+00
8.795402E+02
7.253918E+02
7.195756E+02
9.346451E+02
7.195756E+02
8.708458E+02
9.268225E+02
9.810231E+02
7.195756E+02
1.183550E+03
7.195756E+02
7.195756E+02
1.247769E+03
1.182018E+03
7.195756E+02
7.240925E+02
7.251041E+02
1.027075E+03
1.182515E+03
7.195756E+02
7.195756E+02
6.727613E+02
7.195756E+02
7.195756E+02
9.200286E+02
9.827605E+02
7.229939E+02
1.182950E+03
7.195756E+02
7.195756E+02
7.236000E+02
9.293625E+02
9.809874E+02
7.674131E+02
7.195756E+02
7.195756E+02
1.033931E+03
7.195756E+02
7.195756E+02
8.787565E+02
7.711075E+02
7.195756E+02
0.000000E+00
7.195756E+02
1.029371E+03
8.803564E+02
8.751869E+02
9.310389E+02
7.195756E+02
9.833784E+02
7.195756E+02
1.855574E+03
7.235459E+02
7.195756E+02
7.195756E+02
7.195756E+02
7.195756E+02
7.241878E+02
8.230702E+02
1.138607E+03
1.034093E+03
7.195756E+02
2.535932E+02
9.944478E+01
0.000000E+00
3.086981E+02
0.000000E+00
2.559557E+02
3.008755E+02
4.630451E+02
0.000000E+00
4.639749E+02
0.000000E+00
0.000000E+00
7.227636E+02
4.624424E+02
0.000000E+00
9.814550E+01
9.915710E+01
3.074990E+02
7.681038E+02
0.000000E+00
0.000000E+00
4.681433E+01
0.000000E+00
0.000000E+00
2.004529E+02
3.568135E+02
9.704688E+01
4.633745E+02
0.000000E+00
0.000000E+00
9.765302E+01
3.034155E+02
4.589150E+02
4.783742E+01
0.000000E+00
0.000000E+00
4.079837E+02
0.000000E+00
0.000000E+00
2.528095E+02
5.153184E+01
0.000000E+00
7.195756E+02
0.000000E+00
5.043663E+02
2.544094E+02
1.556112E+02
4.086582E+02
0.000000E+00
3.574314E+02
0.000000E+00
1.330569E+03
9.759895E+01
0.000000E+00
0.000000E+00
0.000000E+00
0.000000E+00
9.824081E+01
1.971232E+02
7.185771E+02
4.081465E+02
0.000000E+00
6.643309E+02
5.101825E+02
5.043663E+02
7.194357E+02
5.043663E+02
7.603221E+02
6.138746E+02
8.664695E+02
5.043663E+02
9.683412E+02
5.043663E+02
5.043663E+02
9.328015E+02
9.668088E+02
5.043663E+02
5.088832E+02
5.098948E+02
8.118653E+02
9.704943E+02
5.043663E+02
5.043663E+02
4.575520E+02
5.043663E+02
5.043663E+02
7.048193E+02
6.698127E+02
5.077846E+02
9.677408E+02
5.043663E+02
5.043663E+02
5.083907E+02
7.141532E+02
7.694164E+02
5.522037E+02
5.043663E+02
5.043663E+02
8.187214E+02
5.043663E+02
5.043663E+02
6.635472E+02
5.558982E+02
5.043663E+02
1.029371E+03
5.043663E+02
0.000000E+00
6.651471E+02
6.599776E+02
8.193959E+02
5.043663E+02
7.681691E+02
5.043663E+02
1.442868E+03
5.083366E+02
5.043663E+02
5.043663E+02
5.043663E+02
5.043663E+02
5.089785E+02
5.081030E+02
1.129315E+03
7.211457E+02
5.043663E+02
4.143739E+02
2.602255E+02
2.544094E+02
4.694788E+02
2.544094E+02
5.103651E+02
4.616562E+02
7.174545E+02
2.544094E+02
7.183842E+02
2.544094E+02
2.544094E+02
8.835444E+02
7.168518E+02
2.544094E+02
2.589262E+02
2.599378E+02
5.619084E+02
1.022513E+03
2.544094E+02
2.544094E+02
2.075951E+02
2.544094E+02
2.544094E+02
4.548623E+02
5.175943E+02
2.578276E+02
7.177839E+02
2.544094E+02
2.544094E+02
2.584337E+02
4.641962E+02
6.196957E+02
3.022468E+02
2.544094E+02
2.544094E+02
5.687645E+02
2.544094E+02
2.544094E+02
3.124882E+02
3.059412E+02
2.544094E+02
8.803564E+02
2.544094E+02
6.651471E+02
0.000000E+00
4.100206E+02
5.694389E+02
2.544094E+02
5.182121E+02
2.544094E+02
1.491349E+03
2.583797E+02
2.544094E+02
2.544094E+02
2.544094E+02
2.544094E+02
2.590215E+02
2.568019E+02
7.757915E+02
5.689272E+02
2.544094E+02
4.092044E+02
2.550560E+02
1.556112E+02
4.643093E+02
1.556112E+02
4.115670E+02
4.564867E+02
6.186563E+02
1.556112E+02
6.195861E+02
1.556112E+02
1.556112E+02
8.783749E+02
6.180537E+02
1.556112E+02
2.537567E+02
2.547683E+02
4.631102E+02
8.224390E+02
1.556112E+02
1.556112E+02
2.024256E+02
1.556112E+02
1.556112E+02
3.560642E+02
5.124248E+02
2.526581E+02
6.189857E+02
1.556112E+02
1.556112E+02
2.532643E+02
4.590267E+02
6.145262E+02
2.034487E+02
1.556112E+02
1.556112E+02
4.623189E+02
1.556112E+02
1.556112E+02
4.084208E+02
2.071431E+02
1.556112E+02
8.751869E+02
1.556112E+02
6.599776E+02
4.100206E+02
0.000000E+00
5.642694E+02
1.556112E+02
5.130427E+02
1.556112E+02
1.486180E+03
2.532102E+02
1.556112E+02
1.556112E+02
1.556112E+02
1.556112E+02
2.538520E+02
3.527344E+02
7.729123E+02
5.637577E+02
1.556112E+02
5.686227E+02
4.144743E+02
4.086582E+02
6.237276E+02
4.086582E+02
6.646139E+02
6.159050E+02
8.717033E+02
4.086582E+02
7.732958E+02
4.086582E+02
4.086582E+02
9.344939E+02
8.711006E+02
4.086582E+02
4.131750E+02
4.141866E+02
7.161572E+02
1.073196E+03
4.086582E+02
4.086582E+02
3.618439E+02
4.086582E+02
4.086582E+02
6.091111E+02
6.718431E+02
4.120764E+02
8.720327E+02
4.086582E+02
4.086582E+02
4.126825E+02
6.184450E+02
6.746073E+02
4.564956E+02
4.086582E+02
4.086582E+02
7.230133E+02
4.086582E+02
4.086582E+02
5.678390E+02
4.601900E+02
4.086582E+02
9.310389E+02
4.086582E+02
8.193959E+02
5.694389E+02
5.642694E+02
0.000000E+00
4.086582E+02
6.724609E+02
4.086582E+02
1.645598E+03
4.126285E+02
4.086582E+02
4.086582E+02
4.086582E+02
4.086582E+02
4.132703E+02
5.121527E+02
1.033607E+03
7.231760E+02
4.086582E+02
2.535932E+02
9.944478E+01
0.000000E+00
3.086981E+02
0.000000E+00
2.559557E+02
3.008755E+02
4.630451E+02
0.000000E+00
4.639749E+02
0.000000E+00
0.000000E+00
7.227636E+02
4.624424E+02
0.000000E+00
9.814550E+01
9.915710E+01
3.074990E+02
7.681038E+02
0.000000E+00
0.000000E+00
4.681433E+01
0.000000E+00
0.000000E+00
2.004529E+02
3.568135E+02
9.704688E+01
4.633745E+02
0.000000E+00
0.000000E+00
9.765302E+01
3.034155E+02
4.589150E+02
4.783742E+01
0.000000E+00
0.000000E+00
4.079837E+02
0.000000E+00
0.000000E+00
2.528095E+02
5.153184E+01
0.000000E+00
7.195756E+02
0.000000E+00
5.043663E+02
2.544094E+02
1.556112E+02
4.086582E+02
0.000000E+00
3.574314E+02
0.000000E+00
1.330569E+03
9.759895E+01
0.000000E+00
0.000000E+00
0.000000E+00
0.000000E+00
9.824081E+01
1.971232E+02
7.185771E+02
4.081465E+02
0.000000E+00
5.173959E+02
3.632475E+02
3.574314E+02
5.725008E+02
3.574314E+02
6.133871E+02
4.631090E+02
8.204765E+02
3.574314E+02
8.214063E+02
3.574314E+02
3.574314E+02
9.865664E+02
7.183046E+02
3.574314E+02
3.619483E+02
3.629599E+02
6.649304E+02
1.125535E+03
3.574314E+02
3.574314E+02
3.106171E+02
3.574314E+02
3.574314E+02
5.578843E+02
6.206163E+02
3.608496E+02
7.192367E+02
3.574314E+02
3.574314E+02
3.614558E+02
5.672183E+02
7.227177E+02
4.052688E+02
3.574314E+02
3.574314E+02
6.717865E+02
3.574314E+02
3.574314E+02
5.166123E+02
4.089633E+02
3.574314E+02
9.833784E+02
3.574314E+02
7.681691E+02
5.182121E+02
5.130427E+02
6.724609E+02
3.574314E+02
0.000000E+00
3.574314E+02
1.594371E+03
3.614017E+02
3.574314E+02
3.574314E+02
3.574314E+02
3.574314E+02
3.620436E+02
4.609259E+02
9.823799E+02
6.719493E+02
3.574314E+02
2.535932E+02
9.944478E+01
0.000000E+00
3.086981E+02
0.000000E+00
2.559557E+02
3.008755E+02
4.630451E+02
0.000000E+00
4.639749E+02
0.000000E+00
0.000000E+00
7.227636E+02
4.624424E+02
0.000000E+00
9.814550E+01
9.915710E+01
3.074990E+02
7.681038E+02
0.000000E+00
0.000000E+00
4.681433E+01
0.000000E+00
0.000000E+00
2.004529E+02
3.568135E+02
9.704688E+01
4.633745E+02
0.000000E+00
0.000000E+00
9.765302E+01
3.034155E+02
4.589150E+02
4.783742E+01
0.000000E+00
0.000000E+00
4.079837E+02
0.000000E+00
0.000000E+00
2.528095E+02
5.153184E+01
0.000000E+00
7.195756E+02
0.000000E+00
5.043663E+02
2.544094E+02
1.556112E+02
4.086582E+02
0.000000E+00
3.574314E+02
0.000000E+00
1.330569E+03
9.759895E+01
0.000000E+00
0.000000E+00
0.000000E+00
0.000000E+00
9.824081E+01
1.971232E+02
7.185771E+02
4.081465E+02
0.000000E+00
1.490533E+03
1.336385E+03
1.330569E+03
1.545638E+03
1.330569E+03
1.586524E+03
1.440077E+03
1.588433E+03
1.330569E+03
1.794544E+03
1.330569E+03
1.330569E+03
1.654318E+03
1.793011E+03
1.330569E+03
1.335086E+03
1.336097E+03
1.436811E+03
1.795931E+03
1.330569E+03
1.330569E+03
1.283754E+03
1.330569E+03
1.330569E+03
1.431943E+03
1.496015E+03
1.333987E+03
1.692923E+03
1.330569E+03
1.330569E+03
1.334593E+03
1.540356E+03
1.695855E+03
1.378406E+03
1.330569E+03
1.330569E+03
1.644924E+03
1.330569E+03
1.330569E+03
1.489750E+03
1.382101E+03
1.330569E+03
1.855574E+03
1.330569E+03
1.442868E+03
1.491349E+03
1.486180E+03
1.645598E+03
1.330569E+03
1.594371E+03
1.330569E+03
0.000000E+00
1.334539E+03
1.330569E+03
1.330569E+03
1.330569E+03
1.330569E+03
1.335181E+03
1.234548E+03
1.955517E+03
1.547348E+03
1.330569E+03
1.559942E+02
1.034151E+02
9.759895E+01
3.126684E+02
9.759895E+01
3.535547E+02
3.048458E+02
5.606440E+02
9.759895E+01
5.615738E+02
9.759895E+01
9.759895E+01
7.267339E+02
5.600414E+02
9.759895E+01
1.021158E+02
1.031274E+02
4.050979E+02
8.657027E+02
9.759895E+01
9.759895E+01
5.078462E+01
9.759895E+01
9.759895E+01
2.980519E+02
3.607838E+02
1.010172E+02
5.609734E+02
9.759895E+01
9.759895E+01
1.016233E+02
3.073858E+02
4.628853E+02
1.454364E+02
9.759895E+01
9.759895E+01
4.119540E+02
9.759895E+01
9.759895E+01
2.567798E+02
1.491308E+02
9.759895E+01
7.235459E+02
9.759895E+01
5.083366E+02
2.583797E+02
2.532102E+02
4.126285E+02
9.759895E+01
3.614017E+02
9.759895E+01
1.334539E+03
0.000000E+00
9.759895E+01
9.759895E+01
9.759895E+01
9.759895E+01
1.022111E+02
2.010935E+02
7.225474E+02
4.121168E+02
9.759895E+01
2.535932E+02
9.944478E+01
0.000000E+00
3.086981E+02
0.000000E+00
2.559557E+02
3.008755E+02
4.630451E+02
0.000000E+00
4.639749E+02
0.000000E+00
0.000000E+00
7.227636E+02
4.624424E+02
0.000000E+00
9.814550E+01
9.915710E+01
3.074990E+02
7.681038E+02
0.000000E+00
0.000000E+00
4.681433E+01
0.000000E+00
0.000000E+00
2.004529E+02
3.568135E+02
9.704688E+01
4.633745E+02
0.000000E+00
0.000000E+00
9.765302E+01
3.034155E+02
4.589150E+02
4.783742E+01
0.000000E+00
0.000000E+00
4.079837E+02
0.000000E+00
0.000000E+00
2.528095E+02
5.153184E+01
0.000000E+00
7.195756E+02
0.000000E+00
5.043663E+02
2.544094E+02
1.556112E+02
4.086582E+02
0.000000E+00
3.574314E+02
0.000000E+00
1.330569E+03
9.759895E+01
0.000000E+00
0.000000E+00
0.000000E+00
0.000000E+00
9.824081E+01
1.971232E+02
7.185771E+02
4.081465E+02
0.000000E+00
2.535932E+02
9.944478E+01
0.000000E+00
3.086981E+02
0.000000E+00
2.559557E+02
3.008755E+02
4.630451E+02
0.000000E+00
4.639749E+02
0.000000E+00
0.000000E+00
7.227636E+02
4.624424E+02
0.000000E+00
9.814550E+01
9.915710E+01
3.074990E+02
7.681038E+02
0.000000E+00
0.000000E+00
4.681433E+01
0.000000E+00
0.000000E+00
2.004529E+02
3.568135E+02
9.704688E+01
4.633745E+02
0.000000E+00
0.000000E+00
9.765302E+01
3.034155E+02
4.589150E+02
4.783742E+01
0.000000E+00
0.000000E+00
4.079837E+02
0.000000E+00
0.000000E+00
2.528095E+02
5.153184E+01
0.000000E+00
7.195756E+02
0.000000E+00
5.043663E+02
2.544094E+02
1.556112E+02
4.086582E+02
0.000000E+00
3.574314E+02
0.000000E+00
1.330569E+03
9.759895E+01
0.000000E+00
0.000000E+00
0.000000E+00
0.000000E+00
9.824081E+01
1.971232E+02
7.185771E+02
4.081465E+02
0.000000E+00
2.535932E+02
9.944478E+01
0.000000E+00
3.086981E+02
0.000000E+00
2.559557E+02
3.008755E+02
4.630451E+02
0.000000E+00
4.639749E+02
0.000000E+00
0.000000E+00
7.227636E+02
4.624424E+02
0.000000E+00
9.814550E+01
9.915710E+01
3.074990E+02
7.681038E+02
0.000000E+00
0.000000E+00
4.681433E+01
0.000000E+00
0.000000E+00
2.004529E+02
3.568135E+02
9.704688E+01
4.633745E+02
0.000000E+00
0.000000E+00
9.765302E+01
3.034155E+02
4.589150E+02
4.783742E+01
0.000000E+00
0.000000E+00
4.079837E+02
0.000000E+00
0.000000E+00
2.528095E+02
5.153184E+01
0.000000E+00
7.195756E+02
0.000000E+00
5.043663E+02
2.544094E+02
1.556112E+02
4.086582E+02
0.000000E+00
3.574314E+02
0.000000E+00
1.330569E+03
9.759895E+01
0.000000E+00
0.000000E+00
0.000000E+00
0.000000E+00
9.824081E+01
1.971232E+02
7.185771E+02
4.081465E+02
0.000000E+00
2.535932E+02
9.944478E+01
0.000000E+00
3.086981E+02
0.000000E+00
2.559557E+02
3.008755E+02
4.630451E+02
0.000000E+00
4.639749E+02
0.000000E+00
0.000000E+00
7.227636E+02
4.624424E+02
0.000000E+00
9.814550E+01
9.915710E+01
3.074990E+02
7.681038E+02
0.000000E+00
0.000000E+00
4.681433E+01
0.000000E+00
0.000000E+00
2.004529E+02
3.568135E+02
9.704688E+01
4.633745E+02
0.000000E+00
0.000000E+00
9.765302E+01
3.034155E+02
4.589150E+02
4.783742E+01
0.000000E+00
0.000000E+00
4.079837E+02
0.000000E+00
0.000000E+00
2.528095E+02
5.153184E+01
0.000000E+00
7.195756E+02
0.000000E+00
5.043663E+02
2.544094E+02
1.556112E+02
4.086582E+02
0.000000E+00
3.574314E+02
0.000000E+00
1.330569E+03
9.759895E+01
0.000000E+00
0.000000E+00
0.000000E+00
0.000000E+00
9.824081E+01
1.971232E+02
7.185771E+02
4.081465E+02
0.000000E+00
2.582053E+02
1.040569E+02
9.824081E+01
3.133102E+02
9.824081E+01
3.541965E+02
3.054876E+02
5.612859E+02
9.824081E+01
5.622157E+02
9.824081E+01
9.824081E+01
7.273758E+02
5.606832E+02
9.824081E+01
1.027576E+02
1.037692E+02
3.028868E+02
8.663446E+02
9.824081E+01
9.824081E+01
5.142648E+01
9.824081E+01
9.824081E+01
2.986937E+02
3.614257E+02
1.016590E+02
5.616153E+02
9.824081E+01
9.824081E+01
1.022652E+02
3.080276E+02
4.635271E+02
1.460782E+02
9.824081E+01
9.824081E+01
4.125959E+02
9.824081E+01
9.824081E+01
2.574217E+02
1.497726E+02
9.824081E+01
7.241878E+02
9.824081E+01
5.089785E+02
2.590215E+02
2.538520E+02
4.132703E+02
9.824081E+01
3.620436E+02
9.824081E+01
1.335181E+03
1.022111E+02
9.824081E+01
9.824081E+01
9.824081E+01
9.824081E+01
0.000000E+00
2.017353E+02
7.231893E+02
4.127586E+02
9.824081E+01
3.570877E+02
2.029393E+02
1.971232E+02
4.121926E+02
1.971232E+02
4.530789E+02
4.043700E+02
6.601682E+02
1.971232E+02
6.610980E+02
1.971232E+02
1.971232E+02
7.265003E+02
6.595656E+02
1.971232E+02
2.016400E+02
2.026516E+02
5.046222E+02
8.654691E+02
1.971232E+02
1.971232E+02
1.503088E+02
1.971232E+02
1.971232E+02
3.975761E+02
4.603080E+02
2.005414E+02
6.604976E+02
1.971232E+02
1.971232E+02
2.011475E+02
4.069100E+02
5.624095E+02
2.449606E+02
1.971232E+02
1.971232E+02
5.114782E+02
1.971232E+02
1.971232E+02
2.552020E+02
2.486550E+02
1.971232E+02
8.230702E+02
1.971232E+02
5.081030E+02
2.568019E+02
3.527344E+02
5.121527E+02
1.971232E+02
4.609259E+02
1.971232E+02
1.234548E+03
2.010935E+02
1.971232E+02
1.971232E+02
1.971232E+02
1.971232E+02
2.017353E+02
0.000000E+00
8.220716E+02
5.116410E+02
1.971232E+02
8.785416E+02
7.243932E+02
7.185771E+02
9.336465E+02
7.185771E+02
9.745328E+02
9.258239E+02
9.757056E+02
7.185771E+02
1.182552E+03
7.185771E+02
7.185771E+02
1.347712E+03
1.181020E+03
7.185771E+02
7.230939E+02
7.241055E+02
1.026076E+03
1.284749E+03
7.185771E+02
7.185771E+02
6.717628E+02
7.185771E+02
7.185771E+02
9.190300E+02
9.817620E+02
7.219953E+02
1.181952E+03
7.185771E+02
7.185771E+02
7.226015E+02
9.283639E+02
1.083863E+03
7.664145E+02
7.185771E+02
7.185771E+02
9.316562E+02
7.185771E+02
7.185771E+02
8.777580E+02
7.701089E+02
7.185771E+02
1.138607E+03
7.185771E+02
1.129315E+03
7.757915E+02
7.729123E+02
1.033607E+03
7.185771E+02
9.823799E+02
7.185771E+02
1.955517E+03
7.225474E+02
7.185771E+02
7.185771E+02
7.185771E+02
7.185771E+02
7.231893E+02
8.220716E+02
0.000000E+00
1.033095E+03
7.185771E+02
5.681110E+02
4.139626E+02
4.081465E+02
6.232159E+02
4.081465E+02
6.641022E+02
5.176548E+02
8.711916E+02
4.081465E+02
8.721213E+02
4.081465E+02
4.081465E+02
1.037281E+03
8.705889E+02
4.081465E+02
4.126633E+02
4.136749E+02
7.156455E+02
1.176250E+03
4.081465E+02
4.081465E+02
3.613322E+02
4.081465E+02
4.081465E+02
6.085994E+02
5.735929E+02
4.115647E+02
8.715210E+02
4.081465E+02
4.081465E+02
4.121709E+02
6.179333E+02
7.734328E+02
4.559839E+02
4.081465E+02
4.081465E+02
6.203216E+02
4.081465E+02
4.081465E+02
5.673274E+02
4.596783E+02
4.081465E+02
1.034093E+03
4.081465E+02
7.211457E+02
5.689272E+02
5.637577E+02
7.231760E+02
4.081465E+02
6.719493E+02
4.081465E+02
1.547348E+03
4.121168E+02
4.081465E+02
4.081465E+02
4.081465E+02
4.081465E+02
4.127586E+02
5.116410E+02
1.033095E+03
0.000000E+00
4.081465E+02
2.535932E+02
9.944478E+01
0.000000E+00
3.086981E+02
0.000000E+00
2.559557E+02
3.008755E+02
4.630451E+02
0.000000E+00
4.639749E+02
0.000000E+00
0.000000E+00
7.227636E+02
4.624424E+02
0.000000E+00
9.814550E+01
9.915710E+01
3.074990E+02
7.681038E+02
0.000000E+00
0.000000E+00
4.681433E+01
0.000000E+00
0.000000E+00
2.004529E+02
3.568135E+02
9.704688E+01
4.633745E+02
0.000000E+00
0.000000E+00
9.765302E+01
3.034155E+02
4.589150E+02
4.783742E+01
0.000000E+00
0.000000E+00
4.079837E+02
0.000000E+00
0.000000E+00
2.528095E+02
5.153184E+01
0.000000E+00
7.195756E+02
0.000000E+00
5.043663E+02
2.544094E+02
1.556112E+02
4.086582E+02
0.000000E+00
3.574314E+02
0.000000E+00
1.330569E+03
9.759895E+01
0.000000E+00
0.000000E+00
0.000000E+00
0.000000E+00
9.824081E+01
1.971232E+02
7.185771E+02
4.081465E+02
0.000000E+00
