3.580043E+02
3.580043E+02
3.580043E+02
6.713279E+02
3.111899E+02
3.580043E+02
3.580043E+02
6.175580E+02
6.156403E+02
4.620338E+02
3.580043E+02
4.094033E+02
8.215540E+02
5.131238E+02
5.679233E+02
3.580043E+02
5.666053E+02
3.580043E+02
5.641185E+02
4.101239E+02
4.137577E+02
4.620338E+02
6.554698E+02
4.156523E+02
7.209702E+02
3.580043E+02
4.604933E+02
5.143765E+02
3.580043E+02
4.584721E+02
4.604933E+02
6.676235E+02
6.125693E+02
3.638204E+02
4.604243E+02
3.580043E+02
5.651789E+02
4.663369E+02
3.580043E+02
3.627218E+02
4.154700E+02
3.580043E+02
4.656156E+02
3.620286E+02
5.626862E+02
3.580043E+02
3.635327E+02
5.169668E+02
2.535932E+02
2.535932E+02
2.535932E+02
5.669168E+02
2.067789E+02
2.535932E+02
2.535932E+02
5.131469E+02
5.112292E+02
3.576227E+02
2.535932E+02
3.049922E+02
7.171429E+02
4.087127E+02
4.635122E+02
2.535932E+02
4.621942E+02
2.535932E+02
4.597074E+02
3.057128E+02
2.077774E+02
3.576227E+02
5.510587E+02
3.112412E+02
6.165591E+02
2.535932E+02
3.560822E+02
4.099654E+02
2.535932E+02
3.540610E+02
3.560822E+02
5.632124E+02
5.081582E+02
2.594093E+02
3.560132E+02
2.535932E+02
4.607678E+02
3.619258E+02
2.535932E+02
2.583107E+02
3.110589E+02
2.535932E+02
3.612045E+02
2.576175E+02
4.582751E+02
2.535932E+02
2.591216E+02
4.125557E+02
9.944478E+01
9.944478E+01
9.944478E+01
4.127684E+02
5.263045E+01
9.944478E+01
9.944478E+01
3.589985E+02
3.570808E+02
2.034743E+02
9.944478E+01
1.508438E+02
5.629945E+02
2.545643E+02
3.093638E+02
9.944478E+01
3.080458E+02
9.944478E+01
3.055590E+02
1.515644E+02
1.551982E+02
2.034743E+02
3.969103E+02
1.570928E+02
4.624107E+02
9.944478E+01
2.019338E+02
2.558170E+02
9.944478E+01
1.999126E+02
2.019338E+02
4.090640E+02
3.540098E+02
1.052609E+02
2.018648E+02
9.944478E+01
3.066194E+02
2.077774E+02
9.944478E+01
1.041623E+02
1.569105E+02
9.944478E+01
2.070561E+02
1.034691E+02
3.041267E+02
9.944478E+01
1.049732E+02
2.584073E+02
0.000000E+00
0.000000E+00
0.000000E+00
4.069523E+02
4.681433E+01
0.000000E+00
0.000000E+00
3.531824E+02
3.512646E+02
1.976582E+02
0.000000E+00
1.450277E+02
5.571784E+02
2.487482E+02
3.035477E+02
0.000000E+00
3.022297E+02
0.000000E+00
2.997429E+02
5.211962E+01
1.493821E+02
1.976582E+02
2.974655E+02
1.512767E+02
4.565945E+02
0.000000E+00
1.961177E+02
2.500009E+02
0.000000E+00
1.004679E+02
1.961177E+02
4.032479E+02
2.545650E+02
9.944478E+01
1.960487E+02
0.000000E+00
3.008033E+02
2.019613E+02
0.000000E+00
9.834617E+01
1.510944E+02
0.000000E+00
2.012399E+02
9.765302E+01
2.983106E+02
0.000000E+00
9.915710E+01
2.525912E+02
3.086981E+02
3.086981E+02
3.086981E+02
6.220217E+02
2.618837E+02
3.086981E+02
3.086981E+02
5.682518E+02
5.663341E+02
4.127276E+02
3.086981E+02
3.600971E+02
7.722478E+02
4.638176E+02
5.186171E+02
3.086981E+02
5.172991E+02
3.086981E+02
5.148123E+02
3.608177E+02
3.644515E+02
4.127276E+02
6.061636E+02
3.663461E+02
6.716639E+02
3.086981E+02
4.111871E+02
4.650703E+02
3.086981E+02
4.091659E+02
4.111871E+02
6.183173E+02
5.632630E+02
3.145142E+02
4.111181E+02
3.086981E+02
5.158727E+02
4.170307E+02
3.086981E+02
3.134156E+02
3.661638E+02
3.086981E+02
4.163093E+02
3.127224E+02
5.133800E+02
3.086981E+02
3.142265E+02
4.676606E+02
0.000000E+00
0.000000E+00
0.000000E+00
4.069523E+02
4.681433E+01
0.000000E+00
0.000000E+00
3.531824E+02
3.512646E+02
1.976582E+02
0.000000E+00
1.450277E+02
5.571784E+02
2.487482E+02
3.035477E+02
0.000000E+00
3.022297E+02
0.000000E+00
2.997429E+02
5.211962E+01
1.493821E+02
1.976582E+02
2.974655E+02
1.512767E+02
4.565945E+02
0.000000E+00
1.961177E+02
2.500009E+02
0.000000E+00
1.004679E+02
1.961177E+02
4.032479E+02
2.545650E+02
9.944478E+01
1.960487E+02
0.000000E+00
3.008033E+02
2.019613E+02
0.000000E+00
9.834617E+01
1.510944E+02
0.000000E+00
2.012399E+02
9.765302E+01
2.983106E+02
0.000000E+00
9.915710E+01
2.525912E+02
2.559557E+02
2.559557E+02
2.559557E+02
6.629080E+02
3.027701E+02
2.559557E+02
2.559557E+02
6.091381E+02
6.072204E+02
4.536139E+02
2.559557E+02
4.009834E+02
8.131341E+02
5.047039E+02
5.595034E+02
2.559557E+02
5.581854E+02
2.559557E+02
5.556986E+02
3.080753E+02
4.053378E+02
4.536139E+02
4.577464E+02
4.072324E+02
7.125503E+02
2.559557E+02
4.520734E+02
5.059567E+02
2.559557E+02
2.607488E+02
4.520734E+02
6.592036E+02
4.148459E+02
3.554005E+02
4.520044E+02
2.559557E+02
5.567590E+02
4.579170E+02
2.559557E+02
3.543019E+02
4.070501E+02
2.559557E+02
4.571957E+02
3.536087E+02
5.542663E+02
2.559557E+02
3.551128E+02
5.085469E+02
3.008755E+02
3.008755E+02
3.008755E+02
6.141991E+02
2.540611E+02
3.008755E+02
3.008755E+02
5.604292E+02
5.585115E+02
4.049050E+02
3.008755E+02
3.522745E+02
7.644252E+02
4.559950E+02
5.107945E+02
3.008755E+02
5.094765E+02
3.008755E+02
5.069897E+02
3.529951E+02
3.566289E+02
4.049050E+02
5.006025E+02
3.585235E+02
6.638413E+02
3.008755E+02
4.033645E+02
4.572477E+02
3.008755E+02
4.013433E+02
4.033645E+02
6.104947E+02
5.554404E+02
3.066916E+02
4.032955E+02
3.008755E+02
5.080501E+02
4.092081E+02
3.008755E+02
3.055930E+02
3.583412E+02
3.008755E+02
4.084867E+02
3.048998E+02
4.078189E+02
3.008755E+02
3.064039E+02
4.598380E+02
4.630451E+02
4.630451E+02
4.630451E+02
8.699973E+02
5.098594E+02
4.630451E+02
4.630451E+02
8.162275E+02
8.143097E+02
6.607032E+02
4.630451E+02
6.080728E+02
1.020223E+03
7.117932E+02
7.665927E+02
4.630451E+02
7.652748E+02
4.630451E+02
7.627879E+02
5.151647E+02
6.124272E+02
6.607032E+02
6.648358E+02
6.143218E+02
9.196396E+02
4.630451E+02
6.591628E+02
7.130460E+02
4.630451E+02
4.678381E+02
6.591628E+02
8.662930E+02
6.219352E+02
5.624899E+02
6.590938E+02
4.630451E+02
7.638483E+02
6.650063E+02
4.630451E+02
5.613912E+02
6.141395E+02
4.630451E+02
6.642850E+02
5.606981E+02
7.613556E+02
4.630451E+02
5.622022E+02
7.156363E+02
0.000000E+00
0.000000E+00
0.000000E+00
4.069523E+02
4.681433E+01
0.000000E+00
0.000000E+00
3.531824E+02
3.512646E+02
1.976582E+02
0.000000E+00
1.450277E+02
5.571784E+02
2.487482E+02
3.035477E+02
0.000000E+00
3.022297E+02
0.000000E+00
2.997429E+02
5.211962E+01
1.493821E+02
1.976582E+02
2.974655E+02
1.512767E+02
4.565945E+02
0.000000E+00
1.961177E+02
2.500009E+02
0.000000E+00
1.004679E+02
1.961177E+02
4.032479E+02
2.545650E+02
9.944478E+01
1.960487E+02
0.000000E+00
3.008033E+02
2.019613E+02
0.000000E+00
9.834617E+01
1.510944E+02
0.000000E+00
2.012399E+02
9.765302E+01
2.983106E+02
0.000000E+00
9.915710E+01
2.525912E+02
4.639749E+02
4.639749E+02
4.639749E+02
8.709271E+02
5.107892E+02
4.639749E+02
4.639749E+02
8.171572E+02
8.152395E+02
6.616330E+02
4.639749E+02
6.090026E+02
1.021153E+03
6.088484E+02
7.675225E+02
4.639749E+02
7.662046E+02
4.639749E+02
7.637177E+02
5.160945E+02
6.133570E+02
6.616330E+02
7.614404E+02
6.152516E+02
9.205694E+02
4.639749E+02
6.600926E+02
7.139758E+02
4.639749E+02
5.644427E+02
6.600926E+02
8.672227E+02
6.146652E+02
5.634196E+02
6.600236E+02
4.639749E+02
7.647781E+02
6.659361E+02
4.639749E+02
5.623210E+02
6.150693E+02
4.639749E+02
6.652148E+02
5.616279E+02
7.622854E+02
4.639749E+02
5.631320E+02
7.165660E+02
0.000000E+00
0.000000E+00
0.000000E+00
4.069523E+02
4.681433E+01
0.000000E+00
0.000000E+00
3.531824E+02
3.512646E+02
1.976582E+02
0.000000E+00
1.450277E+02
5.571784E+02
2.487482E+02
3.035477E+02
0.000000E+00
3.022297E+02
0.000000E+00
2.997429E+02
5.211962E+01
1.493821E+02
1.976582E+02
2.974655E+02
1.512767E+02
4.565945E+02
0.000000E+00
1.961177E+02
2.500009E+02
0.000000E+00
1.004679E+02
1.961177E+02
4.032479E+02
2.545650E+02
9.944478E+01
1.960487E+02
0.000000E+00
3.008033E+02
2.019613E+02
0.000000E+00
9.834617E+01
1.510944E+02
0.000000E+00
2.012399E+02
9.765302E+01
2.983106E+02
0.000000E+00
9.915710E+01
2.525912E+02
0.000000E+00
0.000000E+00
0.000000E+00
4.069523E+02
4.681433E+01
0.000000E+00
0.000000E+00
3.531824E+02
3.512646E+02
1.976582E+02
0.000000E+00
1.450277E+02
5.571784E+02
2.487482E+02
3.035477E+02
0.000000E+00
3.022297E+02
0.000000E+00
2.997429E+02
5.211962E+01
1.493821E+02
1.976582E+02
2.974655E+02
1.512767E+02
4.565945E+02
0.000000E+00
1.961177E+02
2.500009E+02
0.000000E+00
1.004679E+02
1.961177E+02
4.032479E+02
2.545650E+02
9.944478E+01
1.960487E+02
0.000000E+00
3.008033E+02
2.019613E+02
0.000000E+00
9.834617E+01
1.510944E+02
0.000000E+00
2.012399E+02
9.765302E+01
2.983106E+02
0.000000E+00
9.915710E+01
2.525912E+02
7.227636E+02
7.227636E+02
7.227636E+02
1.036087E+03
6.759493E+02
7.227636E+02
7.227636E+02
9.823173E+02
9.803996E+02
8.267931E+02
7.227636E+02
7.741627E+02
1.186313E+03
8.778831E+02
9.326826E+02
7.227636E+02
9.313647E+02
7.227636E+02
9.288778E+02
7.748832E+02
7.785171E+02
8.267931E+02
1.020229E+03
7.804117E+02
1.085730E+03
7.227636E+02
8.252527E+02
8.791359E+02
7.227636E+02
8.232315E+02
8.252527E+02
1.032383E+03
9.773286E+02
7.285797E+02
8.251837E+02
7.227636E+02
9.299382E+02
8.310962E+02
7.227636E+02
7.274811E+02
7.802294E+02
7.227636E+02
8.303749E+02
7.267880E+02
9.274455E+02
7.227636E+02
7.282921E+02
8.817262E+02
4.624424E+02
4.624424E+02
4.624424E+02
8.693947E+02
5.092568E+02
4.624424E+02
4.624424E+02
8.156248E+02
8.137071E+02
6.601006E+02
4.624424E+02
6.074702E+02
1.019621E+03
7.111906E+02
7.659901E+02
4.624424E+02
7.646722E+02
4.624424E+02
7.621853E+02
5.145621E+02
6.118245E+02
6.601006E+02
6.642331E+02
6.137192E+02
9.190370E+02
4.624424E+02
6.585602E+02
7.124434E+02
4.624424E+02
4.672355E+02
6.585602E+02
8.656903E+02
6.213326E+02
5.618872E+02
6.584912E+02
4.624424E+02
7.632457E+02
6.644037E+02
4.624424E+02
5.607886E+02
6.135368E+02
4.624424E+02
6.636824E+02
5.600955E+02
7.607530E+02
4.624424E+02
5.615995E+02
7.150336E+02
0.000000E+00
0.000000E+00
0.000000E+00
4.069523E+02
4.681433E+01
0.000000E+00
0.000000E+00
3.531824E+02
3.512646E+02
1.976582E+02
0.000000E+00
1.450277E+02
5.571784E+02
2.487482E+02
3.035477E+02
0.000000E+00
3.022297E+02
0.000000E+00
2.997429E+02
5.211962E+01
1.493821E+02
1.976582E+02
2.974655E+02
1.512767E+02
4.565945E+02
0.000000E+00
1.961177E+02
2.500009E+02
0.000000E+00
1.004679E+02
1.961177E+02
4.032479E+02
2.545650E+02
9.944478E+01
1.960487E+02
0.000000E+00
3.008033E+02
2.019613E+02
0.000000E+00
9.834617E+01
1.510944E+02
0.000000E+00
2.012399E+02
9.765302E+01
2.983106E+02
0.000000E+00
9.915710E+01
2.525912E+02
9.814550E+01
9.814550E+01
9.814550E+01
4.114691E+02
5.133117E+01
9.814550E+01
9.814550E+01
3.576992E+02
3.557815E+02
2.021750E+02
9.814550E+01
1.495445E+02
5.616952E+02
2.532650E+02
3.080645E+02
9.814550E+01
3.067466E+02
9.814550E+01
3.042597E+02
1.502651E+02
1.538989E+02
2.021750E+02
3.956110E+02
1.557936E+02
4.611114E+02
9.814550E+01
2.006346E+02
2.545178E+02
9.814550E+01
1.986134E+02
2.006346E+02
4.077647E+02
3.527105E+02
1.039616E+02
2.005656E+02
9.814550E+01
3.053201E+02
2.064781E+02
9.814550E+01
1.028630E+02
1.556112E+02
9.814550E+01
2.057568E+02
1.021699E+02
3.028274E+02
9.814550E+01
1.036739E+02
2.571080E+02
9.915710E+01
9.915710E+01
9.915710E+01
4.124807E+02
5.234277E+01
9.915710E+01
9.915710E+01
3.587108E+02
3.567931E+02
2.031866E+02
9.915710E+01
1.505561E+02
5.627068E+02
2.542766E+02
3.090761E+02
9.915710E+01
3.077582E+02
9.915710E+01
3.052713E+02
1.512767E+02
1.549105E+02
2.031866E+02
3.966226E+02
1.568052E+02
4.621230E+02
9.915710E+01
2.016462E+02
2.555294E+02
9.915710E+01
1.996250E+02
2.016462E+02
4.087763E+02
3.537221E+02
1.049732E+02
2.015772E+02
9.915710E+01
3.063317E+02
2.074897E+02
9.915710E+01
1.038746E+02
1.566228E+02
9.915710E+01
2.067684E+02
1.031815E+02
3.038390E+02
9.915710E+01
1.046855E+02
2.581196E+02
3.074990E+02
3.074990E+02
3.074990E+02
7.144513E+02
3.543133E+02
3.074990E+02
3.074990E+02
6.606814E+02
6.587636E+02
5.051572E+02
3.074990E+02
4.525267E+02
8.646774E+02
5.562472E+02
6.110467E+02
3.074990E+02
5.094924E+02
3.074990E+02
6.072418E+02
3.596186E+02
4.568811E+02
5.051572E+02
6.049645E+02
4.587757E+02
7.640935E+02
3.074990E+02
5.036167E+02
5.574999E+02
3.074990E+02
4.079669E+02
5.036167E+02
7.107469E+02
5.620640E+02
4.069438E+02
5.035477E+02
3.074990E+02
6.083022E+02
5.094602E+02
3.074990E+02
4.058452E+02
4.585934E+02
3.074990E+02
5.087389E+02
4.051520E+02
6.058096E+02
3.074990E+02
4.066561E+02
5.600902E+02
7.681038E+02
7.681038E+02
7.681038E+02
1.175056E+03
8.149181E+02
7.681038E+02
7.681038E+02
1.121286E+03
1.119368E+03
9.657619E+02
7.681038E+02
9.131315E+02
1.325282E+03
1.016852E+03
1.071651E+03
7.681038E+02
1.070333E+03
7.681038E+02
1.067847E+03
8.202234E+02
9.174859E+02
9.657619E+02
9.698944E+02
9.193805E+02
1.224698E+03
7.681038E+02
9.642215E+02
1.018105E+03
7.681038E+02
7.728968E+02
9.642215E+02
1.171352E+03
9.269939E+02
8.675485E+02
9.641525E+02
7.681038E+02
1.068907E+03
9.700650E+02
7.681038E+02
8.664499E+02
9.191982E+02
7.681038E+02
9.693437E+02
8.657568E+02
1.066414E+03
7.681038E+02
8.672609E+02
1.020695E+03
0.000000E+00
0.000000E+00
0.000000E+00
4.069523E+02
4.681433E+01
0.000000E+00
0.000000E+00
3.531824E+02
3.512646E+02
1.976582E+02
0.000000E+00
1.450277E+02
5.571784E+02
2.487482E+02
3.035477E+02
0.000000E+00
3.022297E+02
0.000000E+00
2.997429E+02
5.211962E+01
1.493821E+02
1.976582E+02
2.974655E+02
1.512767E+02
4.565945E+02
0.000000E+00
1.961177E+02
2.500009E+02
0.000000E+00
1.004679E+02
1.961177E+02
4.032479E+02
2.545650E+02
9.944478E+01
1.960487E+02
0.000000E+00
3.008033E+02
2.019613E+02
0.000000E+00
9.834617E+01
1.510944E+02
0.000000E+00
2.012399E+02
9.765302E+01
2.983106E+02
0.000000E+00
9.915710E+01
2.525912E+02
0.000000E+00
0.000000E+00
0.000000E+00
4.069523E+02
4.681433E+01
0.000000E+00
0.000000E+00
3.531824E+02
3.512646E+02
1.976582E+02
0.000000E+00
1.450277E+02
5.571784E+02
2.487482E+02
3.035477E+02
0.000000E+00
3.022297E+02
0.000000E+00
2.997429E+02
5.211962E+01
1.493821E+02
1.976582E+02
2.974655E+02
1.512767E+02
4.565945E+02
0.000000E+00
1.961177E+02
2.500009E+02
0.000000E+00
1.004679E+02
1.961177E+02
4.032479E+02
2.545650E+02
9.944478E+01
1.960487E+02
0.000000E+00
3.008033E+02
2.019613E+02
0.000000E+00
9.834617E+01
1.510944E+02
0.000000E+00
2.012399E+02
9.765302E+01
2.983106E+02
0.000000E+00
9.915710E+01
2.525912E+02
4.681433E+01
4.681433E+01
4.681433E+01
3.601379E+02
0.000000E+00
4.681433E+01
4.681433E+01
3.063681E+02
3.044503E+02
1.508438E+02
4.681433E+01
9.821338E+01
5.103641E+02
2.019338E+02
2.567333E+02
4.681433E+01
2.554154E+02
4.681433E+01
2.529285E+02
9.893395E+01
1.025678E+02
1.508438E+02
3.442798E+02
1.044624E+02
4.097802E+02
4.681433E+01
1.493034E+02
2.031866E+02
4.681433E+01
1.472822E+02
1.493034E+02
3.564336E+02
3.013793E+02
5.263045E+01
1.492344E+02
4.681433E+01
2.539889E+02
1.551469E+02
4.681433E+01
5.153184E+01
1.042801E+02
4.681433E+01
1.544256E+02
5.083869E+01
2.514962E+02
4.681433E+01
5.234277E+01
2.057769E+02
0.000000E+00
0.000000E+00
0.000000E+00
4.069523E+02
4.681433E+01
0.000000E+00
0.000000E+00
3.531824E+02
3.512646E+02
1.976582E+02
0.000000E+00
1.450277E+02
5.571784E+02
2.487482E+02
3.035477E+02
0.000000E+00
3.022297E+02
0.000000E+00
2.997429E+02
5.211962E+01
1.493821E+02
1.976582E+02
2.974655E+02
1.512767E+02
4.565945E+02
0.000000E+00
1.961177E+02
2.500009E+02
0.000000E+00
1.004679E+02
1.961177E+02
4.032479E+02
2.545650E+02
9.944478E+01
1.960487E+02
0.000000E+00
3.008033E+02
2.019613E+02
0.000000E+00
9.834617E+01
1.510944E+02
0.000000E+00
2.012399E+02
9.765302E+01
2.983106E+02
0.000000E+00
9.915710E+01
2.525912E+02
0.000000E+00
0.000000E+00
0.000000E+00
4.069523E+02
4.681433E+01
0.000000E+00
0.000000E+00
3.531824E+02
3.512646E+02
1.976582E+02
0.000000E+00
1.450277E+02
5.571784E+02
2.487482E+02
3.035477E+02
0.000000E+00
3.022297E+02
0.000000E+00
2.997429E+02
5.211962E+01
1.493821E+02
1.976582E+02
2.974655E+02
1.512767E+02
4.565945E+02
0.000000E+00
1.961177E+02
2.500009E+02
0.000000E+00
1.004679E+02
1.961177E+02
4.032479E+02
2.545650E+02
9.944478E+01
1.960487E+02
0.000000E+00
3.008033E+02
2.019613E+02
0.000000E+00
9.834617E+01
1.510944E+02
0.000000E+00
2.012399E+02
9.765302E+01
2.983106E+02
0.000000E+00
9.915710E+01
2.525912E+02
2.004529E+02
2.004529E+02
2.004529E+02
6.074052E+02
2.472673E+02
2.004529E+02
2.004529E+02
5.536353E+02
5.517176E+02
3.981111E+02
2.004529E+02
3.454806E+02
7.576313E+02
4.492011E+02
5.040006E+02
2.004529E+02
4.036038E+02
2.004529E+02
5.001958E+02
2.525725E+02
3.498350E+02
3.981111E+02
4.022436E+02
3.517296E+02
6.570475E+02
2.004529E+02
3.965706E+02
4.504539E+02
2.004529E+02
2.052460E+02
3.965706E+02
6.037008E+02
3.593431E+02
2.998977E+02
3.965016E+02
2.004529E+02
5.012562E+02
4.024142E+02
2.004529E+02
2.987991E+02
3.515473E+02
2.004529E+02
4.016929E+02
2.981059E+02
4.987635E+02
2.004529E+02
2.996100E+02
4.530441E+02
3.568135E+02
3.568135E+02
3.568135E+02
6.701372E+02
3.099992E+02
3.568135E+02
3.568135E+02
6.163673E+02
6.144495E+02
4.608430E+02
3.568135E+02
4.082126E+02
8.203633E+02
5.119330E+02
5.667326E+02
3.568135E+02
5.654146E+02
3.568135E+02
5.629277E+02
4.089332E+02
4.125670E+02
4.608430E+02
5.565406E+02
4.144616E+02
7.197794E+02
3.568135E+02
4.593026E+02
5.131858E+02
3.568135E+02
4.572814E+02
4.593026E+02
6.664328E+02
6.113785E+02
3.626297E+02
4.592336E+02
3.568135E+02
5.639881E+02
4.651461E+02
3.568135E+02
3.615311E+02
4.142793E+02
3.568135E+02
4.644248E+02
3.608379E+02
4.637569E+02
3.568135E+02
3.623420E+02
5.157761E+02
9.704688E+01
9.704688E+01
9.704688E+01
4.103705E+02
5.023255E+01
9.704688E+01
9.704688E+01
3.566006E+02
3.546829E+02
2.010764E+02
9.704688E+01
1.484459E+02
5.605966E+02
2.521664E+02
3.069659E+02
9.704688E+01
3.056479E+02
9.704688E+01
3.031611E+02
1.491665E+02
1.528003E+02
2.010764E+02
3.945124E+02
1.546949E+02
4.600128E+02
9.704688E+01
1.995359E+02
2.534192E+02
9.704688E+01
1.975148E+02
1.995359E+02
4.066661E+02
3.516119E+02
1.028630E+02
1.994669E+02
9.704688E+01
3.042215E+02
2.053795E+02
9.704688E+01
1.017644E+02
1.545126E+02
9.704688E+01
2.046582E+02
1.010712E+02
3.017288E+02
9.704688E+01
1.025753E+02
2.560094E+02
4.633745E+02
4.633745E+02
4.633745E+02
8.703267E+02
5.101888E+02
4.633745E+02
4.633745E+02
8.165569E+02
8.146391E+02
6.610326E+02
4.633745E+02
6.084022E+02
1.020553E+03
7.121226E+02
7.669221E+02
4.633745E+02
7.656042E+02
4.633745E+02
7.631173E+02
5.154941E+02
6.127566E+02
6.610326E+02
6.651652E+02
6.146512E+02
9.199690E+02
4.633745E+02
6.594922E+02
7.133754E+02
4.633745E+02
4.681675E+02
6.594922E+02
8.666224E+02
6.222646E+02
5.628193E+02
6.594232E+02
4.633745E+02
7.641777E+02
6.653357E+02
4.633745E+02
5.617206E+02
6.144689E+02
4.633745E+02
6.646144E+02
5.610275E+02
7.616850E+02
4.633745E+02
5.625316E+02
7.159657E+02
0.000000E+00
0.000000E+00
0.000000E+00
4.069523E+02
4.681433E+01
0.000000E+00
0.000000E+00
3.531824E+02
3.512646E+02
1.976582E+02
0.000000E+00
1.450277E+02
5.571784E+02
2.487482E+02
3.035477E+02
0.000000E+00
3.022297E+02
0.000000E+00
2.997429E+02
5.211962E+01
1.493821E+02
1.976582E+02
2.974655E+02
1.512767E+02
4.565945E+02
0.000000E+00
1.961177E+02
2.500009E+02
0.000000E+00
1.004679E+02
1.961177E+02
4.032479E+02
2.545650E+02
9.944478E+01
1.960487E+02
0.000000E+00
3.008033E+02
2.019613E+02
0.000000E+00
9.834617E+01
1.510944E+02
0.000000E+00
2.012399E+02
9.765302E+01
2.983106E+02
0.000000E+00
9.915710E+01
2.525912E+02
0.000000E+00
0.000000E+00
0.000000E+00
4.069523E+02
4.681433E+01
0.000000E+00
0.000000E+00
3.531824E+02
3.512646E+02
1.976582E+02
0.000000E+00
1.450277E+02
5.571784E+02
2.487482E+02
3.035477E+02
0.000000E+00
3.022297E+02
0.000000E+00
2.997429E+02
5.211962E+01
1.493821E+02
1.976582E+02
2.974655E+02
1.512767E+02
4.565945E+02
0.000000E+00
1.961177E+02
2.500009E+02
0.000000E+00
1.004679E+02
1.961177E+02
4.032479E+02
2.545650E+02
9.944478E+01
1.960487E+02
0.000000E+00
3.008033E+02
2.019613E+02
0.000000E+00
9.834617E+01
1.510944E+02
0.000000E+00
2.012399E+02
9.765302E+01
2.983106E+02
0.000000E+00
9.915710E+01
2.525912E+02
9.765302E+01
9.765302E+01
9.765302E+01
4.109766E+02
5.083869E+01
9.765302E+01
9.765302E+01
3.572067E+02
3.552890E+02
2.016825E+02
9.765302E+01
1.490521E+02
5.612028E+02
2.527725E+02
3.075720E+02
9.765302E+01
3.062541E+02
9.765302E+01
3.037672E+02
1.497726E+02
1.534065E+02
2.016825E+02
3.951185E+02
1.553011E+02
4.606189E+02
9.765302E+01
2.001421E+02
2.540253E+02
9.765302E+01
1.981209E+02
2.001421E+02
4.072722E+02
3.522180E+02
1.034691E+02
2.000731E+02
9.765302E+01
3.048276E+02
2.059856E+02
9.765302E+01
1.023705E+02
1.551188E+02
9.765302E+01
2.052643E+02
1.016774E+02
3.023349E+02
9.765302E+01
1.031815E+02
2.566156E+02
3.034155E+02
3.034155E+02
3.034155E+02
6.167391E+02
2.566012E+02
3.034155E+02
3.034155E+02
5.629692E+02
5.610515E+02
4.074450E+02
3.034155E+02
3.548145E+02
7.669652E+02
4.585350E+02
5.133345E+02
3.034155E+02
5.120166E+02
3.034155E+02
5.095297E+02
3.555351E+02
2.556026E+02
4.074450E+02
6.008810E+02
3.610636E+02
6.663814E+02
3.034155E+02
4.059046E+02
4.597878E+02
3.034155E+02
4.038834E+02
4.059046E+02
6.130347E+02
5.579805E+02
3.092316E+02
4.058356E+02
3.034155E+02
5.105901E+02
4.117481E+02
3.034155E+02
3.081330E+02
3.608812E+02
3.034155E+02
4.110268E+02
3.074399E+02
5.080974E+02
3.034155E+02
3.089439E+02
4.623780E+02
4.589150E+02
4.589150E+02
4.589150E+02
7.722386E+02
4.121006E+02
4.589150E+02
4.589150E+02
7.184687E+02
7.165510E+02
5.629445E+02
4.589150E+02
5.103140E+02
9.224647E+02
6.140345E+02
6.688340E+02
4.589150E+02
6.675160E+02
4.589150E+02
6.650292E+02
5.110346E+02
5.146684E+02
5.629445E+02
7.563805E+02
5.165630E+02
8.218808E+02
4.589150E+02
5.614040E+02
6.152872E+02
4.589150E+02
5.593828E+02
5.614040E+02
6.662060E+02
7.134799E+02
4.647311E+02
5.613350E+02
4.589150E+02
6.660896E+02
5.672476E+02
4.589150E+02
4.636325E+02
5.163807E+02
4.589150E+02
5.665263E+02
4.629393E+02
6.635969E+02
4.589150E+02
4.644434E+02
6.178775E+02
4.783742E+01
4.783742E+01
4.783742E+01
4.547897E+02
9.465175E+01
4.783742E+01
4.783742E+01
4.010198E+02
3.991021E+02
2.454956E+02
4.783742E+01
1.928651E+02
6.050158E+02
2.965856E+02
3.513851E+02
4.783742E+01
3.500671E+02
4.783742E+01
3.475803E+02
9.995704E+01
1.972195E+02
2.454956E+02
2.496281E+02
1.991141E+02
5.044320E+02
4.783742E+01
2.439551E+02
2.978383E+02
4.783742E+01
5.263045E+01
2.439551E+02
4.510853E+02
2.067276E+02
1.472822E+02
2.438861E+02
4.783742E+01
3.486407E+02
2.497987E+02
4.783742E+01
1.461836E+02
1.989318E+02
4.783742E+01
2.490774E+02
1.454904E+02
3.461480E+02
4.783742E+01
1.469945E+02
3.004286E+02
0.000000E+00
0.000000E+00
0.000000E+00
4.069523E+02
4.681433E+01
0.000000E+00
0.000000E+00
3.531824E+02
3.512646E+02
1.976582E+02
0.000000E+00
1.450277E+02
5.571784E+02
2.487482E+02
3.035477E+02
0.000000E+00
3.022297E+02
0.000000E+00
2.997429E+02
5.211962E+01
1.493821E+02
1.976582E+02
2.974655E+02
1.512767E+02
4.565945E+02
0.000000E+00
1.961177E+02
2.500009E+02
0.000000E+00
1.004679E+02
1.961177E+02
4.032479E+02
2.545650E+02
9.944478E+01
1.960487E+02
0.000000E+00
3.008033E+02
2.019613E+02
0.000000E+00
9.834617E+01
1.510944E+02
0.000000E+00
2.012399E+02
9.765302E+01
2.983106E+02
0.000000E+00
9.915710E+01
2.525912E+02
0.000000E+00
0.000000E+00
0.000000E+00
4.069523E+02
4.681433E+01
0.000000E+00
0.000000E+00
3.531824E+02
3.512646E+02
1.976582E+02
0.000000E+00
1.450277E+02
5.571784E+02
2.487482E+02
3.035477E+02
0.000000E+00
3.022297E+02
0.000000E+00
2.997429E+02
5.211962E+01
1.493821E+02
1.976582E+02
2.974655E+02
1.512767E+02
4.565945E+02
0.000000E+00
1.961177E+02
2.500009E+02
0.000000E+00
1.004679E+02
1.961177E+02
4.032479E+02
2.545650E+02
9.944478E+01
1.960487E+02
0.000000E+00
3.008033E+02
2.019613E+02
0.000000E+00
9.834617E+01
1.510944E+02
0.000000E+00
2.012399E+02
9.765302E+01
2.983106E+02
0.000000E+00
9.915710E+01
2.525912E+02
4.079837E+02
4.079837E+02
4.079837E+02
7.213074E+02
3.611694E+02
4.079837E+02
4.079837E+02
6.675375E+02
6.656197E+02
5.120132E+02
4.079837E+02
4.593828E+02
8.715335E+02
5.631032E+02
6.179028E+02
4.079837E+02
6.165848E+02
4.079837E+02
6.140979E+02
4.601034E+02
4.637372E+02
5.120132E+02
7.054493E+02
4.656318E+02
7.709496E+02
4.079837E+02
5.104728E+02
5.643560E+02
4.079837E+02
5.084516E+02
4.082928E+02
7.176030E+02
6.625487E+02
4.137999E+02
5.104038E+02
4.079837E+02
6.151583E+02
5.163163E+02
4.079837E+02
4.127012E+02
4.654495E+02
4.079837E+02
5.155950E+02
4.120081E+02
6.126656E+02
4.079837E+02
4.135122E+02
5.669463E+02
0.000000E+00
0.000000E+00
0.000000E+00
4.069523E+02
4.681433E+01
0.000000E+00
0.000000E+00
3.531824E+02
3.512646E+02
1.976582E+02
0.000000E+00
1.450277E+02
5.571784E+02
2.487482E+02
3.035477E+02
0.000000E+00
3.022297E+02
0.000000E+00
2.997429E+02
5.211962E+01
1.493821E+02
1.976582E+02
2.974655E+02
1.512767E+02
4.565945E+02
0.000000E+00
1.961177E+02
2.500009E+02
0.000000E+00
1.004679E+02
1.961177E+02
4.032479E+02
2.545650E+02
9.944478E+01
1.960487E+02
0.000000E+00
3.008033E+02
2.019613E+02
0.000000E+00
9.834617E+01
1.510944E+02
0.000000E+00
2.012399E+02
9.765302E+01
2.983106E+02
0.000000E+00
9.915710E+01
2.525912E+02
0.000000E+00
0.000000E+00
0.000000E+00
4.069523E+02
4.681433E+01
0.000000E+00
0.000000E+00
3.531824E+02
3.512646E+02
1.976582E+02
0.000000E+00
1.450277E+02
5.571784E+02
2.487482E+02
3.035477E+02
0.000000E+00
3.022297E+02
0.000000E+00
2.997429E+02
5.211962E+01
1.493821E+02
1.976582E+02
2.974655E+02
1.512767E+02
4.565945E+02
0.000000E+00
1.961177E+02
2.500009E+02
0.000000E+00
1.004679E+02
1.961177E+02
4.032479E+02
2.545650E+02
9.944478E+01
1.960487E+02
0.000000E+00
3.008033E+02
2.019613E+02
0.000000E+00
9.834617E+01
1.510944E+02
0.000000E+00
2.012399E+02
9.765302E+01
2.983106E+02
0.000000E+00
9.915710E+01
2.525912E+02
2.528095E+02
2.528095E+02
2.528095E+02
5.661331E+02
2.059952E+02
2.528095E+02
2.528095E+02
5.123632E+02
5.104455E+02
3.568390E+02
2.528095E+02
3.042086E+02
7.163593E+02
4.079290E+02
4.627285E+02
2.528095E+02
4.614106E+02
2.528095E+02
4.589237E+02
3.049291E+02
3.085630E+02
3.568390E+02
5.502750E+02
3.104576E+02
6.157754E+02
2.528095E+02
3.552986E+02
4.091818E+02
2.528095E+02
3.532774E+02
3.552986E+02
4.613267E+02
5.073745E+02
2.586256E+02
3.552296E+02
2.528095E+02
4.599841E+02
3.611421E+02
2.528095E+02
2.575270E+02
3.102753E+02
2.528095E+02
3.604208E+02
2.568339E+02
4.574914E+02
2.528095E+02
2.583380E+02
4.117721E+02
5.153184E+01
5.153184E+01
5.153184E+01
4.584841E+02
9.834617E+01
5.153184E+01
5.153184E+01
4.047142E+02
4.027965E+02
2.491900E+02
5.153184E+01
1.965595E+02
6.087102E+02
3.002800E+02
3.550795E+02
5.153184E+01
3.537616E+02
5.153184E+01
3.512747E+02
1.036515E+02
2.009139E+02
2.491900E+02
3.489974E+02
2.028086E+02
5.081264E+02
5.153184E+01
2.476496E+02
3.015328E+02
5.153184E+01
1.519997E+02
2.476496E+02
4.547797E+02
3.060968E+02
1.509766E+02
2.475806E+02
5.153184E+01
3.523351E+02
2.534931E+02
5.153184E+01
1.498780E+02
2.026262E+02
5.153184E+01
2.527718E+02
1.491849E+02
3.498424E+02
5.153184E+01
1.506889E+02
3.041230E+02
0.000000E+00
0.000000E+00
0.000000E+00
4.069523E+02
4.681433E+01
0.000000E+00
0.000000E+00
3.531824E+02
3.512646E+02
1.976582E+02
0.000000E+00
1.450277E+02
5.571784E+02
2.487482E+02
3.035477E+02
0.000000E+00
3.022297E+02
0.000000E+00
2.997429E+02
5.211962E+01
1.493821E+02
1.976582E+02
2.974655E+02
1.512767E+02
4.565945E+02
0.000000E+00
1.961177E+02
2.500009E+02
0.000000E+00
1.004679E+02
1.961177E+02
4.032479E+02
2.545650E+02
9.944478E+01
1.960487E+02
0.000000E+00
3.008033E+02
2.019613E+02
0.000000E+00
9.834617E+01
1.510944E+02
0.000000E+00
2.012399E+02
9.765302E+01
2.983106E+02
0.000000E+00
9.915710E+01
2.525912E+02
7.195756E+02
7.195756E+02
7.195756E+02
1.032899E+03
6.727613E+02
7.195756E+02
7.195756E+02
9.791294E+02
9.772116E+02
8.236051E+02
7.195756E+02
7.709747E+02
1.183125E+03
8.746952E+02
9.294947E+02
7.195756E+02
9.281767E+02
7.195756E+02
9.256898E+02
7.716953E+02
7.753291E+02
8.236051E+02
1.017041E+03
7.772237E+02
1.082542E+03
7.195756E+02
8.220647E+02
8.759479E+02
7.195756E+02
8.200435E+02
8.220647E+02
1.029195E+03
9.741406E+02
7.253918E+02
8.219957E+02
7.195756E+02
9.267502E+02
8.279082E+02
7.195756E+02
7.242932E+02
7.770414E+02
7.195756E+02
8.271869E+02
7.236000E+02
9.242575E+02
7.195756E+02
7.251041E+02
8.785382E+02
0.000000E+00
0.000000E+00
0.000000E+00
4.069523E+02
4.681433E+01
0.000000E+00
0.000000E+00
3.531824E+02
3.512646E+02
1.976582E+02
0.000000E+00
1.450277E+02
5.571784E+02
2.487482E+02
3.035477E+02
0.000000E+00
3.022297E+02
0.000000E+00
2.997429E+02
5.211962E+01
1.493821E+02
1.976582E+02
2.974655E+02
1.512767E+02
4.565945E+02
0.000000E+00
1.961177E+02
2.500009E+02
0.000000E+00
1.004679E+02
1.961177E+02
4.032479E+02
2.545650E+02
9.944478E+01
1.960487E+02
0.000000E+00
3.008033E+02
2.019613E+02
0.000000E+00
9.834617E+01
1.510944E+02
0.000000E+00
2.012399E+02
9.765302E+01
2.983106E+02
0.000000E+00
9.915710E+01
2.525912E+02
5.043663E+02
5.043663E+02
5.043663E+02
8.176899E+02
4.575520E+02
5.043663E+02
5.043663E+02
7.639201E+02
7.620023E+02
6.083958E+02
5.043663E+02
5.557654E+02
9.679161E+02
6.594858E+02
7.142853E+02
5.043663E+02
7.129674E+02
5.043663E+02
7.104805E+02
5.564860E+02
5.601198E+02
6.083958E+02
7.040934E+02
5.620144E+02
8.673322E+02
5.043663E+02
6.068554E+02
6.607386E+02
5.043663E+02
6.048342E+02
6.068554E+02
8.139856E+02
7.589313E+02
5.101825E+02
6.067864E+02
5.043663E+02
7.115409E+02
6.126989E+02
5.043663E+02
5.090838E+02
5.618321E+02
5.043663E+02
6.119776E+02
5.083907E+02
6.113097E+02
5.043663E+02
5.098948E+02
6.633289E+02
2.544094E+02
2.544094E+02
2.544094E+02
5.677330E+02
2.075951E+02
2.544094E+02
2.544094E+02
5.139631E+02
5.120454E+02
3.584389E+02
2.544094E+02
3.058084E+02
7.179591E+02
4.095289E+02
4.643284E+02
2.544094E+02
4.630104E+02
2.544094E+02
4.605236E+02
3.065290E+02
3.101628E+02
3.584389E+02
5.518749E+02
3.120574E+02
6.173753E+02
2.544094E+02
3.568984E+02
4.107817E+02
2.544094E+02
3.548773E+02
3.568984E+02
4.629266E+02
5.089744E+02
2.602255E+02
3.568295E+02
2.544094E+02
4.615840E+02
3.627420E+02
2.544094E+02
2.591269E+02
3.118751E+02
2.544094E+02
3.620207E+02
2.584337E+02
4.590913E+02
2.544094E+02
2.599378E+02
4.133719E+02
1.556112E+02
1.556112E+02
1.556112E+02
5.625635E+02
2.024256E+02
1.556112E+02
1.556112E+02
5.087936E+02
5.068759E+02
3.532694E+02
1.556112E+02
3.006389E+02
7.127896E+02
4.043594E+02
4.591589E+02
1.556112E+02
4.578410E+02
1.556112E+02
4.553541E+02
2.077309E+02
3.049933E+02
3.532694E+02
4.530768E+02
3.068880E+02
6.122058E+02
1.556112E+02
3.517290E+02
4.056122E+02
1.556112E+02
2.560791E+02
3.517290E+02
5.588591E+02
4.101762E+02
2.550560E+02
3.516600E+02
1.556112E+02
4.564145E+02
3.575725E+02
1.556112E+02
2.539574E+02
3.067056E+02
1.556112E+02
3.568512E+02
2.532643E+02
4.539218E+02
1.556112E+02
2.547683E+02
4.082024E+02
4.086582E+02
4.086582E+02
4.086582E+02
7.219818E+02
3.618439E+02
4.086582E+02
4.086582E+02
6.682119E+02
6.662942E+02
5.126877E+02
4.086582E+02
4.600572E+02
8.722079E+02
5.637777E+02
6.185772E+02
4.086582E+02
6.172592E+02
4.086582E+02
6.147724E+02
4.607778E+02
4.644116E+02
5.126877E+02
7.061237E+02
4.663062E+02
7.716241E+02
4.086582E+02
5.111472E+02
5.650304E+02
4.086582E+02
5.091260E+02
5.111472E+02
7.182774E+02
6.632232E+02
4.144743E+02
5.110782E+02
4.086582E+02
6.158328E+02
5.169908E+02
4.086582E+02
4.133757E+02
4.661239E+02
4.086582E+02
5.162695E+02
4.126825E+02
6.133401E+02
4.086582E+02
4.141866E+02
5.676207E+02
0.000000E+00
0.000000E+00
0.000000E+00
4.069523E+02
4.681433E+01
0.000000E+00
0.000000E+00
3.531824E+02
3.512646E+02
1.976582E+02
0.000000E+00
1.450277E+02
5.571784E+02
2.487482E+02
3.035477E+02
0.000000E+00
3.022297E+02
0.000000E+00
2.997429E+02
5.211962E+01
1.493821E+02
1.976582E+02
2.974655E+02
1.512767E+02
4.565945E+02
0.000000E+00
1.961177E+02
2.500009E+02
0.000000E+00
1.004679E+02
1.961177E+02
4.032479E+02
2.545650E+02
9.944478E+01
1.960487E+02
0.000000E+00
3.008033E+02
2.019613E+02
0.000000E+00
9.834617E+01
1.510944E+02
0.000000E+00
2.012399E+02
9.765302E+01
2.983106E+02
0.000000E+00
9.915710E+01
2.525912E+02
3.574314E+02
3.574314E+02
3.574314E+02
6.707550E+02
3.106171E+02
3.574314E+02
3.574314E+02
6.169851E+02
6.150674E+02
4.614609E+02
3.574314E+02
4.088305E+02
8.209812E+02
5.125509E+02
5.673504E+02
3.574314E+02
5.660325E+02
3.574314E+02
5.635456E+02
4.095510E+02
4.131849E+02
4.614609E+02
6.548969E+02
4.150795E+02
7.203973E+02
3.574314E+02
4.599205E+02
5.138037E+02
3.574314E+02
4.578993E+02
4.599205E+02
6.670506E+02
6.119964E+02
3.632475E+02
4.598515E+02
3.574314E+02
5.646060E+02
3.635840E+02
3.574314E+02
3.621489E+02
4.148972E+02
3.574314E+02
4.650427E+02
3.614558E+02
5.621133E+02
3.574314E+02
3.629599E+02
5.163940E+02
0.000000E+00
0.000000E+00
0.000000E+00
4.069523E+02
4.681433E+01
0.000000E+00
0.000000E+00
3.531824E+02
3.512646E+02
1.976582E+02
0.000000E+00
1.450277E+02
5.571784E+02
2.487482E+02
3.035477E+02
0.000000E+00
3.022297E+02
0.000000E+00
2.997429E+02
5.211962E+01
1.493821E+02
1.976582E+02
2.974655E+02
1.512767E+02
4.565945E+02
0.000000E+00
1.961177E+02
2.500009E+02
0.000000E+00
1.004679E+02
1.961177E+02
4.032479E+02
2.545650E+02
9.944478E+01
1.960487E+02
0.000000E+00
3.008033E+02
2.019613E+02
0.000000E+00
9.834617E+01
1.510944E+02
0.000000E+00
2.012399E+02
9.765302E+01
2.983106E+02
0.000000E+00
9.915710E+01
2.525912E+02
1.330569E+03
1.330569E+03
1.330569E+03
1.643892E+03
1.283754E+03
1.330569E+03
1.330569E+03
1.590122E+03
1.486836E+03
1.434598E+03
1.330569E+03
1.381968E+03
1.490338E+03
1.485688E+03
1.540488E+03
1.330569E+03
1.339855E+03
1.330569E+03
1.536683E+03
1.382688E+03
1.386322E+03
1.434598E+03
1.530296E+03
1.388217E+03
1.693535E+03
1.330569E+03
1.433058E+03
1.486941E+03
1.330569E+03
1.431037E+03
1.433058E+03
1.640188E+03
1.585134E+03
1.336385E+03
1.432989E+03
1.330569E+03
1.537743E+03
1.438901E+03
1.330569E+03
1.335286E+03
1.388034E+03
1.330569E+03
1.438180E+03
1.334593E+03
1.437512E+03
1.330569E+03
1.336097E+03
1.489531E+03
9.759895E+01
9.759895E+01
9.759895E+01
4.109226E+02
5.078462E+01
9.759895E+01
9.759895E+01
3.571527E+02
3.552349E+02
2.016285E+02
9.759895E+01
1.489980E+02
5.611487E+02
2.527185E+02
3.075180E+02
9.759895E+01
3.062000E+02
9.759895E+01
3.037132E+02
1.497186E+02
5.178315E+01
2.016285E+02
3.950645E+02
1.552470E+02
4.605648E+02
9.759895E+01
2.000880E+02
2.539712E+02
9.759895E+01
1.980668E+02
2.000880E+02
4.072182E+02
3.521639E+02
1.034151E+02
2.000190E+02
9.759895E+01
3.047735E+02
2.059316E+02
9.759895E+01
1.023165E+02
1.550647E+02
9.759895E+01
2.052102E+02
1.016233E+02
3.022809E+02
9.759895E+01
1.031274E+02
2.565615E+02
0.000000E+00
0.000000E+00
0.000000E+00
4.069523E+02
4.681433E+01
0.000000E+00
0.000000E+00
3.531824E+02
3.512646E+02
1.976582E+02
0.000000E+00
1.450277E+02
5.571784E+02
2.487482E+02
3.035477E+02
0.000000E+00
3.022297E+02
0.000000E+00
2.997429E+02
5.211962E+01
1.493821E+02
1.976582E+02
2.974655E+02
1.512767E+02
4.565945E+02
0.000000E+00
1.961177E+02
2.500009E+02
0.000000E+00
1.004679E+02
1.961177E+02
4.032479E+02
2.545650E+02
9.944478E+01
1.960487E+02
0.000000E+00
3.008033E+02
2.019613E+02
0.000000E+00
9.834617E+01
1.510944E+02
0.000000E+00
2.012399E+02
9.765302E+01
2.983106E+02
0.000000E+00
9.915710E+01
2.525912E+02
0.000000E+00
0.000000E+00
0.000000E+00
4.069523E+02
4.681433E+01
0.000000E+00
0.000000E+00
3.531824E+02
3.512646E+02
1.976582E+02
0.000000E+00
1.450277E+02
5.571784E+02
2.487482E+02
3.035477E+02
0.000000E+00
3.022297E+02
0.000000E+00
2.997429E+02
5.211962E+01
1.493821E+02
1.976582E+02
2.974655E+02
1.512767E+02
4.565945E+02
0.000000E+00
1.961177E+02
2.500009E+02
0.000000E+00
1.004679E+02
1.961177E+02
4.032479E+02
2.545650E+02
9.944478E+01
1.960487E+02
0.000000E+00
3.008033E+02
2.019613E+02
0.000000E+00
9.834617E+01
1.510944E+02
0.000000E+00
2.012399E+02
9.765302E+01
2.983106E+02
0.000000E+00
9.915710E+01
2.525912E+02
0.000000E+00
0.000000E+00
0.000000E+00
4.069523E+02
4.681433E+01
0.000000E+00
0.000000E+00
3.531824E+02
3.512646E+02
1.976582E+02
0.000000E+00
1.450277E+02
5.571784E+02
2.487482E+02
3.035477E+02
0.000000E+00
3.022297E+02
0.000000E+00
2.997429E+02
5.211962E+01
1.493821E+02
1.976582E+02
2.974655E+02
1.512767E+02
4.565945E+02
0.000000E+00
1.961177E+02
2.500009E+02
0.000000E+00
1.004679E+02
1.961177E+02
4.032479E+02
2.545650E+02
9.944478E+01
1.960487E+02
0.000000E+00
3.008033E+02
2.019613E+02
0.000000E+00
9.834617E+01
1.510944E+02
0.000000E+00
2.012399E+02
9.765302E+01
2.983106E+02
0.000000E+00
9.915710E+01
2.525912E+02
0.000000E+00
0.000000E+00
0.000000E+00
4.069523E+02
4.681433E+01
0.000000E+00
0.000000E+00
3.531824E+02
3.512646E+02
1.976582E+02
0.000000E+00
1.450277E+02
5.571784E+02
2.487482E+02
3.035477E+02
0.000000E+00
3.022297E+02
0.000000E+00
2.997429E+02
5.211962E+01
1.493821E+02
1.976582E+02
2.974655E+02
1.512767E+02
4.565945E+02
0.000000E+00
1.961177E+02
2.500009E+02
0.000000E+00
1.004679E+02
1.961177E+02
4.032479E+02
2.545650E+02
9.944478E+01
1.960487E+02
0.000000E+00
3.008033E+02
2.019613E+02
0.000000E+00
9.834617E+01
1.510944E+02
0.000000E+00
2.012399E+02
9.765302E+01
2.983106E+02
0.000000E+00
9.915710E+01
2.525912E+02
9.824081E+01
9.824081E+01
9.824081E+01
4.115644E+02
5.142648E+01
9.824081E+01
9.824081E+01
3.577945E+02
3.558768E+02
2.022703E+02
9.824081E+01
1.496399E+02
5.617906E+02
2.533603E+02
3.081598E+02
9.824081E+01
3.068419E+02
9.824081E+01
3.043550E+02
1.503604E+02
1.539943E+02
2.022703E+02
3.957063E+02
1.558889E+02
4.612067E+02
9.824081E+01
2.007299E+02
2.546131E+02
9.824081E+01
1.987087E+02
2.007299E+02
4.078600E+02
3.528058E+02
1.040569E+02
2.006609E+02
9.824081E+01
3.054154E+02
2.065734E+02
9.824081E+01
1.029583E+02
1.557065E+02
9.824081E+01
2.058521E+02
1.022652E+02
3.029227E+02
9.824081E+01
1.037692E+02
2.572033E+02
1.971232E+02
1.971232E+02
1.971232E+02
5.104468E+02
1.503088E+02
1.971232E+02
1.971232E+02
4.566769E+02
4.547592E+02
3.011527E+02
1.971232E+02
2.485222E+02
5.609151E+02
3.522427E+02
4.070422E+02
1.971232E+02
4.057242E+02
1.971232E+02
4.032374E+02
2.492428E+02
2.528766E+02
3.011527E+02
4.945887E+02
2.547712E+02
5.600890E+02
1.971232E+02
2.996122E+02
3.534954E+02
1.971232E+02
2.975910E+02
2.996122E+02
4.056404E+02
4.516881E+02
2.029393E+02
2.995432E+02
1.971232E+02
4.042978E+02
3.054558E+02
1.971232E+02
2.018407E+02
2.545889E+02
1.971232E+02
3.047344E+02
2.011475E+02
4.018051E+02
1.971232E+02
2.026516E+02
3.560857E+02
7.185771E+02
7.185771E+02
7.185771E+02
1.031901E+03
6.717628E+02
7.185771E+02
7.185771E+02
9.781308E+02
9.762131E+02
8.226066E+02
7.185771E+02
7.699762E+02
1.182127E+03
8.736966E+02
9.284961E+02
7.185771E+02
9.271782E+02
7.185771E+02
9.246913E+02
7.706967E+02
7.743306E+02
8.226066E+02
1.016043E+03
7.762252E+02
1.081543E+03
7.185771E+02
8.210662E+02
8.749494E+02
7.185771E+02
8.190450E+02
8.210662E+02
1.028196E+03
9.731421E+02
7.243932E+02
8.209972E+02
7.185771E+02
9.257517E+02
8.269097E+02
7.185771E+02
7.232946E+02
7.760429E+02
7.185771E+02
7.250864E+02
7.226015E+02
9.232590E+02
7.185771E+02
7.241055E+02
8.775396E+02
4.081465E+02
4.081465E+02
4.081465E+02
7.214701E+02
3.613322E+02
4.081465E+02
4.081465E+02
6.677002E+02
6.657825E+02
5.121760E+02
4.081465E+02
4.595455E+02
8.716962E+02
5.632660E+02
6.180655E+02
4.081465E+02
6.167476E+02
4.081465E+02
6.142607E+02
4.602661E+02
4.638999E+02
5.121760E+02
6.078735E+02
4.657946E+02
7.711124E+02
4.081465E+02
5.106355E+02
5.645188E+02
4.081465E+02
5.086144E+02
4.084555E+02
7.177657E+02
6.627115E+02
4.139626E+02
5.105666E+02
4.081465E+02
6.153211E+02
5.164791E+02
4.081465E+02
4.128640E+02
4.656122E+02
4.081465E+02
5.157578E+02
4.121709E+02
5.150899E+02
4.081465E+02
4.136749E+02
5.671090E+02
0.000000E+00
0.000000E+00
0.000000E+00
4.069523E+02
4.681433E+01
0.000000E+00
0.000000E+00
3.531824E+02
3.512646E+02
1.976582E+02
0.000000E+00
1.450277E+02
5.571784E+02
2.487482E+02
3.035477E+02
0.000000E+00
3.022297E+02
0.000000E+00
2.997429E+02
5.211962E+01
1.493821E+02
1.976582E+02
2.974655E+02
1.512767E+02
4.565945E+02
0.000000E+00
1.961177E+02
2.500009E+02
0.000000E+00
1.004679E+02
1.961177E+02
4.032479E+02
2.545650E+02
9.944478E+01
1.960487E+02
0.000000E+00
3.008033E+02
2.019613E+02
0.000000E+00
9.834617E+01
1.510944E+02
0.000000E+00
2.012399E+02
9.765302E+01
2.983106E+02
0.000000E+00
9.915710E+01
2.525912E+02
