2.571126E+02
3.618148E+02
4.568317E+02
1.547738E+02
4.493769E+02
2.470222E+02
1.547738E+02
3.057904E+02
1.547738E+02
4.548444E+02
1.544861E+02
1.547738E+02
1.501104E+02
1.547738E+02
2.988228E+02
1.547738E+02
1.016901E+02
2.461918E+02
2.044453E+02
1.534745E+02
4.124206E+02
2.075699E+02
1.520703E+02
4.522470E+02
5.687768E+02
1.501104E+02
1.016901E+02
0.000000E+00
4.155473E+02
5.105641E+02
2.085062E+02
5.031093E+02
3.007546E+02
2.085062E+02
3.595229E+02
2.085062E+02
5.085768E+02
2.082186E+02
2.085062E+02
2.038428E+02
2.085062E+02
3.525552E+02
2.085062E+02
1.554225E+02
2.999242E+02
3.573521E+02
2.072070E+02
4.661530E+02
2.613023E+02
3.049771E+02
5.059794E+02
6.225092E+02
2.038428E+02
1.554225E+02
4.155473E+02
0.000000E+00
6.152663E+02
3.132085E+02
6.078116E+02
4.054568E+02
3.132085E+02
4.642251E+02
3.132085E+02
6.132790E+02
3.129208E+02
3.132085E+02
3.085450E+02
3.132085E+02
4.572574E+02
3.132085E+02
2.601247E+02
4.046264E+02
4.620544E+02
3.119092E+02
4.705413E+02
3.660045E+02
4.096793E+02
6.106816E+02
7.272114E+02
3.085450E+02
2.601247E+02
5.105641E+02
6.152663E+02
0.000000E+00
4.082253E+02
7.028284E+02
5.004737E+02
4.082253E+02
5.592419E+02
4.082253E+02
7.082959E+02
4.079376E+02
4.082253E+02
4.035619E+02
4.082253E+02
5.522743E+02
4.082253E+02
3.551416E+02
4.996433E+02
5.570712E+02
4.069260E+02
6.658721E+02
4.610214E+02
5.046962E+02
7.056985E+02
7.233535E+02
4.035619E+02
3.551416E+02
2.085062E+02
3.132085E+02
4.082253E+02
0.000000E+00
4.007706E+02
1.984158E+02
1.061674E+02
2.571841E+02
1.061674E+02
4.062380E+02
1.058798E+02
1.061674E+02
1.015040E+02
1.061674E+02
2.502164E+02
1.061674E+02
5.308372E+01
1.975854E+02
2.550133E+02
1.048682E+02
3.638142E+02
1.589635E+02
2.026383E+02
4.036406E+02
5.201704E+02
1.015040E+02
5.308372E+01
5.031093E+02
6.078116E+02
7.028284E+02
4.007706E+02
0.000000E+00
3.050530E+02
4.007706E+02
4.549466E+02
4.007706E+02
5.092116E+02
4.004829E+02
4.007706E+02
2.992666E+02
4.007706E+02
3.568536E+02
4.007706E+02
3.476868E+02
3.042227E+02
5.496164E+02
3.994713E+02
6.584173E+02
4.535666E+02
4.024525E+02
5.102778E+02
8.147735E+02
2.992666E+02
3.476868E+02
3.007546E+02
4.054568E+02
5.004737E+02
1.984158E+02
3.050530E+02
0.000000E+00
1.984158E+02
3.494324E+02
1.984158E+02
4.036973E+02
1.981281E+02
1.984158E+02
1.937523E+02
1.984158E+02
1.544988E+02
1.984158E+02
1.453321E+02
1.018679E+02
3.472617E+02
1.971165E+02
4.560626E+02
2.512118E+02
2.000977E+02
3.079230E+02
6.124187E+02
1.937523E+02
1.453321E+02
2.085062E+02
3.132085E+02
4.082253E+02
1.061674E+02
4.007706E+02
1.984158E+02
0.000000E+00
2.571841E+02
1.061674E+02
4.062380E+02
1.058798E+02
1.061674E+02
1.015040E+02
1.061674E+02
2.502164E+02
1.061674E+02
5.308372E+01
1.975854E+02
2.550133E+02
1.048682E+02
3.638142E+02
1.589635E+02
2.026383E+02
4.036406E+02
5.201704E+02
1.015040E+02
5.308372E+01
3.595229E+02
4.642251E+02
5.592419E+02
2.571841E+02
4.549466E+02
3.494324E+02
2.571841E+02
0.000000E+00
2.571841E+02
4.604140E+02
2.568964E+02
2.571841E+02
1.556801E+02
2.571841E+02
4.012330E+02
2.571841E+02
2.041003E+02
3.486021E+02
4.060300E+02
2.558848E+02
5.148309E+02
3.099801E+02
3.536549E+02
5.546572E+02
5.682384E+02
1.556801E+02
2.041003E+02
2.085062E+02
3.132085E+02
4.082253E+02
1.061674E+02
4.007706E+02
1.984158E+02
1.061674E+02
2.571841E+02
0.000000E+00
4.062380E+02
1.058798E+02
1.061674E+02
1.015040E+02
1.061674E+02
2.502164E+02
1.061674E+02
5.308372E+01
1.975854E+02
2.550133E+02
1.048682E+02
3.638142E+02
1.589635E+02
2.026383E+02
4.036406E+02
5.201704E+02
1.015040E+02
5.308372E+01
5.085768E+02
6.132790E+02
7.082959E+02
4.062380E+02
5.092116E+02
4.036973E+02
4.062380E+02
4.604140E+02
4.062380E+02
0.000000E+00
4.059503E+02
4.062380E+02
3.047340E+02
4.062380E+02
4.554980E+02
4.062380E+02
3.531543E+02
4.028670E+02
5.550839E+02
4.049387E+02
6.638848E+02
4.590340E+02
4.079199E+02
6.089222E+02
8.202409E+02
3.047340E+02
3.531543E+02
2.082186E+02
3.129208E+02
4.079376E+02
1.058798E+02
4.004829E+02
1.981281E+02
1.058798E+02
2.568964E+02
1.058798E+02
4.059503E+02
0.000000E+00
1.058798E+02
1.012163E+02
1.058798E+02
2.499287E+02
1.058798E+02
5.279604E+01
1.972977E+02
2.547257E+02
1.045805E+02
3.635266E+02
1.586758E+02
2.023506E+02
4.033529E+02
5.198827E+02
1.012163E+02
5.279604E+01
2.085062E+02
3.132085E+02
4.082253E+02
1.061674E+02
4.007706E+02
1.984158E+02
1.061674E+02
2.571841E+02
1.061674E+02
4.062380E+02
1.058798E+02
0.000000E+00
1.015040E+02
1.061674E+02
2.502164E+02
1.061674E+02
5.308372E+01
1.975854E+02
2.550133E+02
1.048682E+02
3.638142E+02
1.589635E+02
2.026383E+02
4.036406E+02
5.201704E+02
1.015040E+02
5.308372E+01
2.038428E+02
3.085450E+02
4.035619E+02
1.015040E+02
2.992666E+02
1.937523E+02
1.015040E+02
1.556801E+02
1.015040E+02
3.047340E+02
1.012163E+02
1.015040E+02
0.000000E+00
1.015040E+02
2.455529E+02
1.015040E+02
4.842028E+01
1.929220E+02
2.503499E+02
1.002047E+02
3.591508E+02
1.543000E+02
1.979749E+02
3.989771E+02
5.155069E+02
0.000000E+00
4.842028E+01
2.085062E+02
3.132085E+02
4.082253E+02
1.061674E+02
4.007706E+02
1.984158E+02
1.061674E+02
2.571841E+02
1.061674E+02
4.062380E+02
1.058798E+02
1.061674E+02
1.015040E+02
0.000000E+00
2.502164E+02
1.061674E+02
5.308372E+01
1.975854E+02
2.550133E+02
1.048682E+02
3.638142E+02
1.589635E+02
2.026383E+02
4.036406E+02
5.201704E+02
1.015040E+02
5.308372E+01
3.525552E+02
4.572574E+02
5.522743E+02
2.502164E+02
3.568536E+02
1.544988E+02
2.502164E+02
4.012330E+02
2.502164E+02
4.554980E+02
2.499287E+02
2.502164E+02
2.455529E+02
2.502164E+02
0.000000E+00
2.502164E+02
1.971327E+02
1.536685E+02
3.990623E+02
2.489171E+02
5.078632E+02
3.030124E+02
2.518983E+02
3.597237E+02
6.642193E+02
2.455529E+02
1.971327E+02
2.085062E+02
3.132085E+02
4.082253E+02
1.061674E+02
4.007706E+02
1.984158E+02
1.061674E+02
2.571841E+02
1.061674E+02
4.062380E+02
1.058798E+02
1.061674E+02
1.015040E+02
1.061674E+02
2.502164E+02
0.000000E+00
5.308372E+01
1.975854E+02
2.550133E+02
1.048682E+02
3.638142E+02
1.589635E+02
2.026383E+02
4.036406E+02
5.201704E+02
1.015040E+02
5.308372E+01
1.554225E+02
2.601247E+02
3.551416E+02
5.308372E+01
3.476868E+02
1.453321E+02
5.308372E+01
2.041003E+02
5.308372E+01
3.531543E+02
5.279604E+01
5.308372E+01
4.842028E+01
5.308372E+01
1.971327E+02
5.308372E+01
0.000000E+00
1.445017E+02
2.019296E+02
5.178444E+01
3.107305E+02
1.058798E+02
1.495546E+02
3.505569E+02
4.670867E+02
4.842028E+01
0.000000E+00
2.999242E+02
4.046264E+02
4.996433E+02
1.975854E+02
3.042227E+02
1.018679E+02
1.975854E+02
3.486021E+02
1.975854E+02
4.028670E+02
1.972977E+02
1.975854E+02
1.929220E+02
1.975854E+02
1.536685E+02
1.975854E+02
1.445017E+02
0.000000E+00
3.464313E+02
1.962861E+02
4.552322E+02
2.503815E+02
1.992673E+02
3.070927E+02
6.115884E+02
1.929220E+02
1.445017E+02
3.573521E+02
4.620544E+02
5.570712E+02
2.550133E+02
5.496164E+02
3.472617E+02
2.550133E+02
4.060300E+02
2.550133E+02
5.550839E+02
2.547257E+02
2.550133E+02
2.503499E+02
2.550133E+02
3.990623E+02
2.550133E+02
2.019296E+02
3.464313E+02
0.000000E+00
2.537141E+02
4.142212E+02
3.078094E+02
2.523098E+02
5.524865E+02
6.690163E+02
2.503499E+02
2.019296E+02
2.072070E+02
3.119092E+02
4.069260E+02
1.048682E+02
3.994713E+02
1.971165E+02
1.048682E+02
2.558848E+02
1.048682E+02
4.049387E+02
1.045805E+02
1.048682E+02
1.002047E+02
1.048682E+02
2.489171E+02
1.048682E+02
5.178444E+01
1.962861E+02
2.537141E+02
0.000000E+00
3.625150E+02
1.576642E+02
2.013390E+02
4.023413E+02
5.188711E+02
1.002047E+02
5.178444E+01
4.661530E+02
4.705413E+02
6.658721E+02
3.638142E+02
6.584173E+02
4.560626E+02
3.638142E+02
5.148309E+02
3.638142E+02
6.638848E+02
3.635266E+02
3.638142E+02
3.591508E+02
3.638142E+02
5.078632E+02
3.638142E+02
3.107305E+02
4.552322E+02
4.142212E+02
3.625150E+02
0.000000E+00
4.166103E+02
4.602851E+02
6.612874E+02
7.778172E+02
3.591508E+02
3.107305E+02
2.613023E+02
3.660045E+02
4.610214E+02
1.589635E+02
4.535666E+02
2.512118E+02
1.589635E+02
3.099801E+02
1.589635E+02
4.590340E+02
1.586758E+02
1.589635E+02
1.543000E+02
1.589635E+02
3.030124E+02
1.589635E+02
1.058798E+02
2.503815E+02
3.078094E+02
1.576642E+02
4.166103E+02
0.000000E+00
2.554344E+02
4.564366E+02
5.729664E+02
1.543000E+02
1.058798E+02
3.049771E+02
4.096793E+02
5.046962E+02
2.026383E+02
4.024525E+02
2.000977E+02
2.026383E+02
3.536549E+02
2.026383E+02
4.079199E+02
2.023506E+02
2.026383E+02
1.979749E+02
2.026383E+02
2.518983E+02
2.026383E+02
1.495546E+02
1.992673E+02
2.523098E+02
2.013390E+02
4.602851E+02
2.554344E+02
0.000000E+00
4.053225E+02
6.166413E+02
1.979749E+02
1.495546E+02
5.059794E+02
6.106816E+02
7.056985E+02
4.036406E+02
5.102778E+02
3.079230E+02
4.036406E+02
5.546572E+02
4.036406E+02
6.089222E+02
4.033529E+02
4.036406E+02
3.989771E+02
4.036406E+02
3.597237E+02
4.036406E+02
3.505569E+02
3.070927E+02
5.524865E+02
4.023413E+02
6.612874E+02
4.564366E+02
4.053225E+02
0.000000E+00
8.176435E+02
3.989771E+02
3.505569E+02
6.225092E+02
7.272114E+02
7.233535E+02
5.201704E+02
8.147735E+02
6.124187E+02
5.201704E+02
5.682384E+02
5.201704E+02
8.202409E+02
5.198827E+02
5.201704E+02
5.155069E+02
5.201704E+02
6.642193E+02
5.201704E+02
4.670867E+02
6.115884E+02
6.690163E+02
5.188711E+02
7.778172E+02
5.729664E+02
6.166413E+02
8.176435E+02
0.000000E+00
5.155069E+02
4.670867E+02
2.038428E+02
3.085450E+02
4.035619E+02
1.015040E+02
2.992666E+02
1.937523E+02
1.015040E+02
1.556801E+02
1.015040E+02
3.047340E+02
1.012163E+02
1.015040E+02
0.000000E+00
1.015040E+02
2.455529E+02
1.015040E+02
4.842028E+01
1.929220E+02
2.503499E+02
1.002047E+02
3.591508E+02
1.543000E+02
1.979749E+02
3.989771E+02
5.155069E+02
0.000000E+00
4.842028E+01
1.554225E+02
2.601247E+02
3.551416E+02
5.308372E+01
3.476868E+02
1.453321E+02
5.308372E+01
2.041003E+02
5.308372E+01
3.531543E+02
5.279604E+01
5.308372E+01
4.842028E+01
5.308372E+01
1.971327E+02
5.308372E+01
0.000000E+00
1.445017E+02
2.019296E+02
5.178444E+01
3.107305E+02
1.058798E+02
1.495546E+02
3.505569E+02
4.670867E+02
4.842028E+01
0.000000E+00
