3.494103E+02
4.045238E+02
1.542630E+02
9.204403E+02
1.038873E+02
1.490846E+02
2.963297E+02
4.112564E+02
5.022266E+02
8.704262E+02
4.014063E+02
6.111543E+02
1.547738E+02
1.016901E+02
2.566018E+02
4.073388E+02
6.537540E+02
3.035256E+02
2.007374E+02
2.018806E+02
4.990454E+02
7.174201E+02
1.016901E+02
1.547738E+02
3.593759E+02
4.531902E+02
5.092706E+02
3.965643E+02
2.547862E+02
1.501104E+02
8.157839E+02
2.562778E+02
4.666242E+02
4.569948E+02
3.576717E+02
2.524136E+02
4.139791E+02
4.031427E+02
4.582563E+02
2.079954E+02
9.741727E+02
2.567942E+02
2.028170E+02
3.500622E+02
4.649889E+02
5.559590E+02
1.023333E+03
5.543131E+02
6.648867E+02
2.085062E+02
1.554225E+02
3.103342E+02
4.610713E+02
7.074865E+02
3.572580E+02
2.544698E+02
2.556130E+02
5.527778E+02
7.711526E+02
1.554225E+02
2.085062E+02
4.131083E+02
5.069226E+02
5.630031E+02
4.502967E+02
3.085186E+02
2.038428E+02
7.688090E+02
3.100102E+02
5.203566E+02
5.107272E+02
4.114041E+02
3.061460E+02
4.677115E+02
5.078450E+02
5.629585E+02
3.126976E+02
1.078875E+03
3.614964E+02
3.075192E+02
4.547644E+02
5.696911E+02
6.606612E+02
1.128035E+03
6.590154E+02
7.695889E+02
3.132085E+02
2.601247E+02
4.150364E+02
5.657735E+02
8.121887E+02
4.619602E+02
3.591720E+02
3.603153E+02
6.574800E+02
6.741076E+02
2.601247E+02
3.132085E+02
5.178105E+02
6.116249E+02
6.677053E+02
5.549989E+02
4.132208E+02
3.085450E+02
9.742186E+02
4.147125E+02
6.250588E+02
6.154295E+02
5.161063E+02
4.108482E+02
5.724137E+02
5.031848E+02
6.579753E+02
4.077145E+02
1.075453E+03
4.565133E+02
4.025361E+02
5.497812E+02
6.647079E+02
7.556781E+02
1.124613E+03
7.540322E+02
8.646058E+02
4.082253E+02
3.551416E+02
4.111785E+02
5.623514E+02
9.072055E+02
3.584252E+02
4.541889E+02
4.553321E+02
6.536221E+02
7.735579E+02
3.551416E+02
4.082253E+02
6.128274E+02
7.066417E+02
7.627221E+02
6.500158E+02
4.040319E+02
4.035619E+02
1.069235E+03
5.097293E+02
7.200757E+02
7.104463E+02
6.111232E+02
5.058651E+02
6.674306E+02
3.008039E+02
3.559175E+02
1.056566E+02
8.718339E+02
1.544554E+02
1.004782E+02
2.477234E+02
3.626501E+02
4.536202E+02
9.209943E+02
4.519743E+02
5.625479E+02
1.061674E+02
5.308372E+01
2.079954E+02
3.587325E+02
6.051477E+02
2.549192E+02
1.521310E+02
1.532742E+02
4.504390E+02
6.688138E+02
5.308372E+01
1.061674E+02
3.107695E+02
4.045838E+02
4.606643E+02
3.479579E+02
2.061798E+02
1.015040E+02
7.671775E+02
2.076714E+02
4.180178E+02
4.083884E+02
3.090653E+02
2.038072E+02
3.653727E+02
4.074412E+02
4.625547E+02
4.002597E+02
9.784711E+02
4.490585E+02
3.002923E+02
2.575200E+02
5.604126E+02
5.602575E+02
1.023968E+03
5.586116E+02
7.603104E+02
4.007706E+02
3.476868E+02
5.025985E+02
6.533356E+02
6.149443E+02
5.495223E+02
3.498935E+02
3.530884E+02
5.570762E+02
9.634169E+02
3.476868E+02
4.007706E+02
6.053726E+02
4.117417E+02
6.604784E+02
4.545951E+02
4.039423E+02
2.992666E+02
8.738148E+02
4.054340E+02
7.126209E+02
5.150257E+02
6.036684E+02
4.015698E+02
6.599758E+02
2.050864E+02
2.601999E+02
1.979050E+02
7.761163E+02
2.467037E+02
9.793757E+01
1.520058E+02
4.548984E+02
3.579027E+02
9.184536E+02
3.562568E+02
6.547962E+02
1.984158E+02
1.453321E+02
3.002438E+02
4.509808E+02
5.094301E+02
3.471675E+02
2.443793E+02
1.507336E+02
3.547214E+02
7.610621E+02
1.453321E+02
1.984158E+02
4.030179E+02
3.088663E+02
4.581236E+02
2.522403E+02
2.984281E+02
1.937523E+02
6.714600E+02
2.999198E+02
5.102661E+02
3.126709E+02
4.013136E+02
2.960555E+02
4.576211E+02
3.008039E+02
3.559175E+02
1.056566E+02
8.718339E+02
1.544554E+02
1.004782E+02
2.477234E+02
3.626501E+02
4.536202E+02
9.209943E+02
4.519743E+02
5.625479E+02
1.061674E+02
5.308372E+01
2.079954E+02
3.587325E+02
6.051477E+02
2.549192E+02
1.521310E+02
1.532742E+02
4.504390E+02
6.688138E+02
5.308372E+01
1.061674E+02
3.107695E+02
4.045838E+02
4.606643E+02
3.479579E+02
2.061798E+02
1.015040E+02
7.671775E+02
2.076714E+02
4.180178E+02
4.083884E+02
3.090653E+02
2.038072E+02
3.653727E+02
4.518206E+02
5.069341E+02
2.566732E+02
1.022851E+03
3.054720E+02
2.514948E+02
3.018994E+02
4.168261E+02
6.046369E+02
9.751703E+02
6.029910E+02
6.167239E+02
2.571841E+02
2.041003E+02
3.590120E+02
5.097491E+02
6.593237E+02
4.059358E+02
2.063070E+02
3.042909E+02
6.014556E+02
8.198304E+02
2.041003E+02
2.571841E+02
4.617861E+02
5.556005E+02
6.116809E+02
4.989745E+02
2.603558E+02
1.556801E+02
9.181942E+02
2.618475E+02
5.690344E+02
5.594051E+02
4.600819E+02
2.579833E+02
5.163893E+02
3.008039E+02
3.559175E+02
1.056566E+02
8.718339E+02
1.544554E+02
1.004782E+02
2.477234E+02
3.626501E+02
4.536202E+02
9.209943E+02
4.519743E+02
5.625479E+02
1.061674E+02
5.308372E+01
2.079954E+02
3.587325E+02
6.051477E+02
2.549192E+02
1.521310E+02
1.532742E+02
4.504390E+02
6.688138E+02
5.308372E+01
1.061674E+02
3.107695E+02
4.045838E+02
4.606643E+02
3.479579E+02
2.061798E+02
1.015040E+02
7.671775E+02
2.076714E+02
4.180178E+02
4.083884E+02
3.090653E+02
2.038072E+02
3.653727E+02
5.060855E+02
5.611990E+02
4.057272E+02
1.077115E+03
4.545259E+02
3.057598E+02
3.561644E+02
5.658800E+02
6.589018E+02
1.029435E+03
6.572559E+02
7.657779E+02
4.062380E+02
3.531543E+02
5.080660E+02
6.588030E+02
6.132747E+02
5.549897E+02
3.553610E+02
3.585558E+02
6.557205E+02
9.688843E+02
3.531543E+02
4.062380E+02
6.108401E+02
6.098654E+02
6.659458E+02
5.532394E+02
4.094098E+02
3.047340E+02
9.724591E+02
4.109014E+02
7.180883E+02
6.136700E+02
6.091358E+02
4.070372E+02
6.654433E+02
3.005163E+02
3.556298E+02
1.053689E+02
8.715462E+02
1.541677E+02
1.001905E+02
2.474357E+02
3.623624E+02
4.533325E+02
9.207066E+02
4.516867E+02
5.622602E+02
1.058798E+02
5.279604E+01
2.077077E+02
3.584448E+02
6.048600E+02
2.546315E+02
1.518433E+02
1.529866E+02
4.501513E+02
6.685261E+02
5.279604E+01
1.058798E+02
3.104818E+02
4.042962E+02
4.603766E+02
3.476702E+02
2.058921E+02
1.012163E+02
7.668899E+02
2.073838E+02
4.177301E+02
4.081008E+02
3.087776E+02
2.035195E+02
3.650850E+02
3.008039E+02
3.559175E+02
1.056566E+02
8.718339E+02
1.544554E+02
1.004782E+02
2.477234E+02
3.626501E+02
4.536202E+02
9.209943E+02
4.519743E+02
5.625479E+02
1.061674E+02
5.308372E+01
2.079954E+02
3.587325E+02
6.051477E+02
2.549192E+02
1.521310E+02
1.532742E+02
4.504390E+02
6.688138E+02
5.308372E+01
1.061674E+02
3.107695E+02
4.045838E+02
4.606643E+02
3.479579E+02
2.061798E+02
1.015040E+02
7.671775E+02
2.076714E+02
4.180178E+02
4.083884E+02
3.090653E+02
2.038072E+02
3.653727E+02
2.961405E+02
3.512540E+02
1.009932E+02
8.671704E+02
1.497919E+02
9.581477E+01
1.462194E+02
2.611461E+02
4.489568E+02
8.194903E+02
4.473109E+02
4.610439E+02
1.015040E+02
4.842028E+01
2.033320E+02
3.540690E+02
5.036437E+02
2.502557E+02
5.062698E+01
1.486108E+02
4.457755E+02
6.641503E+02
4.842028E+01
1.015040E+02
3.061061E+02
3.999204E+02
4.560008E+02
3.432944E+02
1.046758E+02
0.000000E+00
7.625141E+02
1.061674E+02
4.133543E+02
4.037250E+02
3.044019E+02
1.023032E+02
3.607093E+02
3.008039E+02
3.559175E+02
1.056566E+02
8.718339E+02
1.544554E+02
1.004782E+02
2.477234E+02
3.626501E+02
4.536202E+02
9.209943E+02
4.519743E+02
5.625479E+02
1.061674E+02
5.308372E+01
2.079954E+02
3.587325E+02
6.051477E+02
2.549192E+02
1.521310E+02
1.532742E+02
4.504390E+02
6.688138E+02
5.308372E+01
1.061674E+02
3.107695E+02
4.045838E+02
4.606643E+02
3.479579E+02
2.061798E+02
1.015040E+02
7.671775E+02
2.076714E+02
4.180178E+02
4.083884E+02
3.090653E+02
2.038072E+02
3.653727E+02
2.568870E+02
3.120005E+02
2.497056E+02
8.279169E+02
2.985043E+02
1.497382E+02
2.038064E+02
5.066990E+02
4.097033E+02
9.702543E+02
4.080574E+02
7.065968E+02
2.502164E+02
1.971327E+02
3.520444E+02
5.027814E+02
5.612307E+02
3.989681E+02
2.961799E+02
2.025342E+02
4.065220E+02
8.128627E+02
1.971327E+02
2.502164E+02
4.548185E+02
3.606669E+02
5.099242E+02
3.040409E+02
3.502287E+02
2.455529E+02
7.232606E+02
3.517204E+02
5.620667E+02
3.644715E+02
4.531143E+02
3.478562E+02
5.094217E+02
3.008039E+02
3.559175E+02
1.056566E+02
8.718339E+02
1.544554E+02
1.004782E+02
2.477234E+02
3.626501E+02
4.536202E+02
9.209943E+02
4.519743E+02
5.625479E+02
1.061674E+02
5.308372E+01
2.079954E+02
3.587325E+02
6.051477E+02
2.549192E+02
1.521310E+02
1.532742E+02
4.504390E+02
6.688138E+02
5.308372E+01
1.061674E+02
3.107695E+02
4.045838E+02
4.606643E+02
3.479579E+02
2.061798E+02
1.015040E+02
7.671775E+02
2.076714E+02
4.180178E+02
4.083884E+02
3.090653E+02
2.038072E+02
3.653727E+02
2.477202E+02
3.028337E+02
5.257289E+01
8.187502E+02
1.013716E+02
4.739449E+01
1.946396E+02
3.095663E+02
4.005365E+02
8.679106E+02
3.988906E+02
5.094642E+02
5.308372E+01
0.000000E+00
1.549117E+02
3.056487E+02
5.520639E+02
2.018355E+02
9.904726E+01
1.001905E+02
3.973553E+02
6.157300E+02
0.000000E+00
5.308372E+01
2.576858E+02
3.515001E+02
4.075805E+02
2.948742E+02
1.530961E+02
4.842028E+01
7.140938E+02
1.545877E+02
3.649341E+02
3.553047E+02
2.559816E+02
1.507235E+02
3.122890E+02
2.042561E+02
2.593696E+02
1.970746E+02
7.752860E+02
2.458734E+02
9.710722E+01
1.511755E+02
4.540680E+02
3.570723E+02
9.176233E+02
2.543889E+02
6.539659E+02
1.975854E+02
1.445017E+02
2.994134E+02
4.501505E+02
5.085998E+02
3.463372E+02
2.435490E+02
1.499033E+02
3.538911E+02
7.602318E+02
1.445017E+02
1.975854E+02
4.021875E+02
3.080359E+02
4.572933E+02
2.514100E+02
2.975978E+02
1.929220E+02
6.706297E+02
2.990894E+02
5.094358E+02
3.118406E+02
4.004833E+02
2.952252E+02
4.567907E+02
4.496498E+02
5.047634E+02
2.545025E+02
9.222408E+02
2.041268E+02
2.493241E+02
3.965693E+02
5.114960E+02
5.040272E+02
9.706658E+02
5.016458E+02
7.113938E+02
2.550133E+02
2.019296E+02
3.568413E+02
5.075784E+02
7.539935E+02
4.037651E+02
3.009769E+02
3.021201E+02
5.992849E+02
8.176597E+02
2.019296E+02
2.550133E+02
4.596154E+02
5.534297E+02
6.095102E+02
4.968038E+02
3.550257E+02
2.503499E+02
9.160234E+02
3.565173E+02
5.668637E+02
5.572343E+02
4.579112E+02
2.542141E+02
5.142186E+02
2.995047E+02
3.546182E+02
1.043573E+02
8.705346E+02
1.531561E+02
9.917892E+01
2.464241E+02
3.613508E+02
4.523209E+02
9.196950E+02
4.506751E+02
5.612486E+02
1.048682E+02
5.178444E+01
2.066961E+02
3.574332E+02
6.038484E+02
2.536199E+02
1.508317E+02
1.519750E+02
4.491397E+02
6.675145E+02
5.178444E+01
1.048682E+02
3.094702E+02
4.032846E+02
4.593650E+02
3.466586E+02
2.048805E+02
1.002047E+02
7.658783E+02
2.063722E+02
4.167185E+02
4.070892E+02
3.077660E+02
2.025079E+02
3.640734E+02
5.584507E+02
6.135643E+02
3.633034E+02
1.031042E+03
4.121022E+02
3.581250E+02
5.053702E+02
6.202969E+02
6.128281E+02
1.178641E+03
7.096211E+02
8.201947E+02
3.638142E+02
3.107305E+02
4.656422E+02
6.163793E+02
8.627944E+02
5.125660E+02
4.097778E+02
4.109210E+02
7.080858E+02
8.261466E+02
3.107305E+02
3.638142E+02
5.684163E+02
6.622306E+02
7.183111E+02
6.056047E+02
4.638266E+02
3.591508E+02
1.024824E+03
4.653182E+02
6.756646E+02
6.660352E+02
5.667121E+02
3.630150E+02
6.230195E+02
3.536000E+02
4.087135E+02
1.584527E+02
9.246299E+02
2.072514E+02
1.532742E+02
3.005194E+02
4.154461E+02
5.064163E+02
9.737903E+02
5.047704E+02
6.153439E+02
1.589635E+02
1.058798E+02
2.607914E+02
4.115285E+02
6.579437E+02
3.077152E+02
2.049270E+02
2.060703E+02
5.032350E+02
7.216098E+02
1.058798E+02
1.589635E+02
3.635655E+02
4.573799E+02
5.134603E+02
4.007539E+02
2.589758E+02
1.543000E+02
8.199736E+02
2.604675E+02
4.708138E+02
4.611845E+02
3.618613E+02
2.566032E+02
4.181688E+02
3.024858E+02
3.575994E+02
2.021275E+02
8.735158E+02
1.517518E+02
1.021601E+02
2.494053E+02
4.591209E+02
4.553021E+02
8.235018E+02
3.544818E+02
6.590188E+02
2.026383E+02
1.495546E+02
3.044663E+02
4.552033E+02
6.068296E+02
3.513900E+02
2.486019E+02
1.549561E+02
4.521209E+02
7.652846E+02
1.495546E+02
2.026383E+02
4.072404E+02
4.062657E+02
4.623462E+02
3.496398E+02
3.026507E+02
1.979749E+02
7.688594E+02
3.041423E+02
5.144886E+02
4.100703E+02
4.055362E+02
3.002781E+02
4.618436E+02
4.103112E+02
4.654247E+02
4.031298E+02
8.825681E+02
4.519285E+02
3.031624E+02
3.572306E+02
6.601232E+02
5.631275E+02
1.123678E+03
5.614816E+02
8.600210E+02
4.036406E+02
3.505569E+02
5.054686E+02
6.562056E+02
7.146549E+02
5.523923E+02
4.496041E+02
3.559584E+02
5.599462E+02
9.662869E+02
3.505569E+02
4.036406E+02
6.082427E+02
5.140911E+02
6.633484E+02
4.574651E+02
5.036529E+02
3.989771E+02
8.766848E+02
5.051446E+02
7.154909E+02
5.178957E+02
6.065384E+02
5.012804E+02
6.628459E+02
7.148069E+02
7.699204E+02
5.196596E+02
1.285837E+03
5.684583E+02
5.144811E+02
6.617263E+02
7.766530E+02
8.676232E+02
1.334997E+03
8.659773E+02
9.765508E+02
5.201704E+02
4.670867E+02
5.231236E+02
7.727354E+02
1.019151E+03
5.700473E+02
5.661339E+02
5.672772E+02
7.655671E+02
9.839419E+02
4.670867E+02
5.201704E+02
7.247725E+02
8.185868E+02
8.746672E+02
7.619608E+02
6.201827E+02
5.155069E+02
1.181180E+03
6.216744E+02
8.320207E+02
8.223914E+02
7.230682E+02
6.178101E+02
7.793757E+02
2.961405E+02
3.512540E+02
1.009932E+02
8.671704E+02
1.497919E+02
9.581477E+01
1.462194E+02
2.611461E+02
4.489568E+02
8.194903E+02
4.473109E+02
4.610439E+02
1.015040E+02
4.842028E+01
2.033320E+02
3.540690E+02
5.036437E+02
2.502557E+02
5.062698E+01
1.486108E+02
4.457755E+02
6.641503E+02
4.842028E+01
1.015040E+02
3.061061E+02
3.999204E+02
4.560008E+02
3.432944E+02
1.046758E+02
0.000000E+00
7.625141E+02
1.061674E+02
4.133543E+02
4.037250E+02
3.044019E+02
1.023032E+02
3.607093E+02
2.477202E+02
3.028337E+02
5.257289E+01
8.187502E+02
1.013716E+02
4.739449E+01
1.946396E+02
3.095663E+02
4.005365E+02
8.679106E+02
3.988906E+02
5.094642E+02
5.308372E+01
0.000000E+00
1.549117E+02
3.056487E+02
5.520639E+02
2.018355E+02
9.904726E+01
1.001905E+02
3.973553E+02
6.157300E+02
0.000000E+00
5.308372E+01
2.576858E+02
3.515001E+02
4.075805E+02
2.948742E+02
1.530961E+02
4.842028E+01
7.140938E+02
1.545877E+02
3.649341E+02
3.553047E+02
2.559816E+02
1.507235E+02
3.122890E+02
