3.497385E+02
3.539427E+02
3.497385E+02
3.559904E+02
7.190714E+02
3.497385E+02
3.497385E+02
3.548918E+02
4.581136E+02
3.975349E+02
3.497385E+02
3.497385E+02
3.497385E+02
3.031834E+02
9.137328E+02
3.497385E+02
3.497385E+02
4.074757E+02
4.058662E+02
5.512180E+02
3.497385E+02
6.581422E+02
3.497385E+02
3.497385E+02
4.033640E+02
6.658540E+02
3.497385E+02
3.562781E+02
5.062500E+02
5.050002E+02
6.591246E+02
4.587114E+02
3.542412E+02
9.104425E+02
6.665749E+02
3.497385E+02
3.497385E+02
9.106040E+02
5.064955E+02
3.554308E+02
6.666270E+02
3.497385E+02
3.497385E+02
3.497385E+02
3.497385E+02
2.054494E+02
3.497385E+02
1.022711E+03
5.111792E+02
5.058479E+02
7.686717E+02
3.497385E+02
6.604712E+02
3.497385E+02
3.497385E+02
3.497385E+02
3.031834E+02
3.497385E+02
5.056056E+02
3.497385E+02
7.161523E+02
3.031834E+02
4.061718E+02
3.497385E+02
3.031834E+02
6.565315E+02
4.108558E+02
3.497385E+02
7.143490E+02
3.540445E+02
6.580924E+02
4.028332E+02
3.497385E+02
0.000000E+00
9.731439E+01
0.000000E+00
9.936208E+01
4.624431E+02
0.000000E+00
0.000000E+00
9.826347E+01
2.014853E+02
4.779636E+01
0.000000E+00
0.000000E+00
0.000000E+00
4.655509E+01
5.639943E+02
0.000000E+00
0.000000E+00
1.508473E+02
1.492379E+02
2.014795E+02
0.000000E+00
4.015138E+02
0.000000E+00
0.000000E+00
1.467356E+02
4.092257E+02
0.000000E+00
9.964976E+01
1.565114E+02
2.483719E+02
3.093861E+02
2.020831E+02
9.761288E+01
5.607039E+02
4.099465E+02
0.000000E+00
0.000000E+00
5.608655E+02
2.498672E+02
9.880247E+01
4.099987E+02
0.000000E+00
0.000000E+00
0.000000E+00
0.000000E+00
2.504785E+02
0.000000E+00
7.660823E+02
3.511486E+02
2.492196E+02
5.120434E+02
0.000000E+00
3.107327E+02
0.000000E+00
0.000000E+00
0.000000E+00
4.655509E+01
0.000000E+00
2.489773E+02
0.000000E+00
4.595239E+02
4.655509E+01
1.495435E+02
0.000000E+00
4.655509E+01
3.067929E+02
2.535274E+02
0.000000E+00
5.543185E+02
9.741617E+01
3.083539E+02
5.309467E+01
0.000000E+00
9.731439E+01
0.000000E+00
9.731439E+01
1.035663E+02
4.666473E+02
9.731439E+01
9.731439E+01
1.024677E+02
2.056895E+02
1.451107E+02
9.731439E+01
9.731439E+01
9.731439E+01
5.075930E+01
6.613087E+02
9.731439E+01
9.731439E+01
1.550515E+02
1.534421E+02
2.987939E+02
9.731439E+01
4.057181E+02
9.731439E+01
9.731439E+01
1.509398E+02
4.134299E+02
9.731439E+01
1.038540E+02
2.538258E+02
2.525761E+02
4.067005E+02
2.062873E+02
1.018171E+02
6.580183E+02
4.141507E+02
9.731439E+01
9.731439E+01
6.581798E+02
2.540714E+02
1.030067E+02
4.142029E+02
9.731439E+01
9.731439E+01
9.731439E+01
9.731439E+01
2.546827E+02
9.731439E+01
7.702865E+02
3.553528E+02
2.534238E+02
5.162476E+02
9.731439E+01
4.080471E+02
9.731439E+01
9.731439E+01
9.731439E+01
5.075930E+01
9.731439E+01
2.531815E+02
9.731439E+01
4.637281E+02
5.075930E+01
1.537477E+02
9.731439E+01
5.075930E+01
4.041073E+02
2.577317E+02
9.731439E+01
5.585227E+02
1.016204E+02
4.056683E+02
1.504091E+02
9.731439E+01
0.000000E+00
9.731439E+01
0.000000E+00
9.936208E+01
4.624431E+02
0.000000E+00
0.000000E+00
9.826347E+01
2.014853E+02
4.779636E+01
0.000000E+00
0.000000E+00
0.000000E+00
4.655509E+01
5.639943E+02
0.000000E+00
0.000000E+00
1.508473E+02
1.492379E+02
2.014795E+02
0.000000E+00
4.015138E+02
0.000000E+00
0.000000E+00
1.467356E+02
4.092257E+02
0.000000E+00
9.964976E+01
1.565114E+02
2.483719E+02
3.093861E+02
2.020831E+02
9.761288E+01
5.607039E+02
4.099465E+02
0.000000E+00
0.000000E+00
5.608655E+02
2.498672E+02
9.880247E+01
4.099987E+02
0.000000E+00
0.000000E+00
0.000000E+00
0.000000E+00
2.504785E+02
0.000000E+00
7.660823E+02
3.511486E+02
2.492196E+02
5.120434E+02
0.000000E+00
3.107327E+02
0.000000E+00
0.000000E+00
0.000000E+00
4.655509E+01
0.000000E+00
2.489773E+02
0.000000E+00
4.595239E+02
4.655509E+01
1.495435E+02
0.000000E+00
4.655509E+01
3.067929E+02
2.535274E+02
0.000000E+00
5.543185E+02
9.741617E+01
3.083539E+02
5.309467E+01
0.000000E+00
9.936208E+01
1.035663E+02
9.936208E+01
0.000000E+00
4.686950E+02
9.936208E+01
9.936208E+01
1.045154E+02
2.077372E+02
1.471584E+02
9.936208E+01
9.936208E+01
9.936208E+01
5.280699E+01
6.633564E+02
9.936208E+01
9.936208E+01
1.570992E+02
1.554898E+02
3.008416E+02
9.936208E+01
4.077657E+02
9.936208E+01
9.936208E+01
1.529875E+02
4.154776E+02
9.936208E+01
1.059017E+02
2.558735E+02
2.546238E+02
4.087482E+02
2.083350E+02
1.038648E+02
6.600660E+02
4.161984E+02
9.936208E+01
9.936208E+01
6.602275E+02
2.561191E+02
1.050544E+02
4.162506E+02
9.936208E+01
9.936208E+01
9.936208E+01
9.936208E+01
2.567304E+02
9.936208E+01
7.723342E+02
3.574005E+02
2.554715E+02
5.182953E+02
9.936208E+01
4.100948E+02
9.936208E+01
9.936208E+01
9.936208E+01
5.280699E+01
9.936208E+01
2.552292E+02
9.936208E+01
4.657758E+02
5.280699E+01
1.557954E+02
9.936208E+01
5.280699E+01
4.061550E+02
2.597793E+02
9.936208E+01
5.605704E+02
1.036681E+02
4.077160E+02
1.524568E+02
9.936208E+01
4.624431E+02
4.666473E+02
4.624431E+02
4.686950E+02
0.000000E+00
4.624431E+02
4.624431E+02
4.675964E+02
5.708181E+02
5.102394E+02
4.624431E+02
4.624431E+02
4.624431E+02
4.158880E+02
1.026437E+03
4.624431E+02
4.624431E+02
4.150125E+02
5.185708E+02
6.639226E+02
4.624431E+02
7.708467E+02
4.624431E+02
4.624431E+02
5.160685E+02
7.785585E+02
4.624431E+02
4.689827E+02
6.189545E+02
6.177048E+02
6.666615E+02
5.714160E+02
4.669458E+02
9.247817E+02
7.792794E+02
4.624431E+02
4.624431E+02
9.249432E+02
6.192001E+02
4.681354E+02
7.793316E+02
4.624431E+02
4.624431E+02
4.624431E+02
4.624431E+02
6.198114E+02
4.624431E+02
1.135415E+03
7.204815E+02
6.185525E+02
8.813763E+02
4.624431E+02
7.731758E+02
4.624431E+02
4.624431E+02
4.624431E+02
4.158880E+02
4.624431E+02
6.183102E+02
4.624431E+02
8.288568E+02
4.158880E+02
5.188764E+02
4.624431E+02
4.158880E+02
7.692360E+02
6.228603E+02
4.624431E+02
9.236514E+02
4.667491E+02
7.707970E+02
5.155377E+02
4.624431E+02
0.000000E+00
9.731439E+01
0.000000E+00
9.936208E+01
4.624431E+02
0.000000E+00
0.000000E+00
9.826347E+01
2.014853E+02
4.779636E+01
0.000000E+00
0.000000E+00
0.000000E+00
4.655509E+01
5.639943E+02
0.000000E+00
0.000000E+00
1.508473E+02
1.492379E+02
2.014795E+02
0.000000E+00
4.015138E+02
0.000000E+00
0.000000E+00
1.467356E+02
4.092257E+02
0.000000E+00
9.964976E+01
1.565114E+02
2.483719E+02
3.093861E+02
2.020831E+02
9.761288E+01
5.607039E+02
4.099465E+02
0.000000E+00
0.000000E+00
5.608655E+02
2.498672E+02
9.880247E+01
4.099987E+02
0.000000E+00
0.000000E+00
0.000000E+00
0.000000E+00
2.504785E+02
0.000000E+00
7.660823E+02
3.511486E+02
2.492196E+02
5.120434E+02
0.000000E+00
3.107327E+02
0.000000E+00
0.000000E+00
0.000000E+00
4.655509E+01
0.000000E+00
2.489773E+02
0.000000E+00
4.595239E+02
4.655509E+01
1.495435E+02
0.000000E+00
4.655509E+01
3.067929E+02
2.535274E+02
0.000000E+00
5.543185E+02
9.741617E+01
3.083539E+02
5.309467E+01
0.000000E+00
0.000000E+00
9.731439E+01
0.000000E+00
9.936208E+01
4.624431E+02
0.000000E+00
0.000000E+00
9.826347E+01
2.014853E+02
4.779636E+01
0.000000E+00
0.000000E+00
0.000000E+00
4.655509E+01
5.639943E+02
0.000000E+00
0.000000E+00
1.508473E+02
1.492379E+02
2.014795E+02
0.000000E+00
4.015138E+02
0.000000E+00
0.000000E+00
1.467356E+02
4.092257E+02
0.000000E+00
9.964976E+01
1.565114E+02
2.483719E+02
3.093861E+02
2.020831E+02
9.761288E+01
5.607039E+02
4.099465E+02
0.000000E+00
0.000000E+00
5.608655E+02
2.498672E+02
9.880247E+01
4.099987E+02
0.000000E+00
0.000000E+00
0.000000E+00
0.000000E+00
2.504785E+02
0.000000E+00
7.660823E+02
3.511486E+02
2.492196E+02
5.120434E+02
0.000000E+00
3.107327E+02
0.000000E+00
0.000000E+00
0.000000E+00
4.655509E+01
0.000000E+00
2.489773E+02
0.000000E+00
4.595239E+02
4.655509E+01
1.495435E+02
0.000000E+00
4.655509E+01
3.067929E+02
2.535274E+02
0.000000E+00
5.543185E+02
9.741617E+01
3.083539E+02
5.309467E+01
0.000000E+00
9.826347E+01
1.024677E+02
9.826347E+01
1.045154E+02
4.675964E+02
9.826347E+01
9.826347E+01
0.000000E+00
2.066385E+02
1.460598E+02
9.826347E+01
9.826347E+01
9.826347E+01
5.170838E+01
6.622578E+02
9.826347E+01
9.826347E+01
5.258385E+01
1.543912E+02
2.997430E+02
9.826347E+01
4.066671E+02
9.826347E+01
9.826347E+01
1.518889E+02
4.143789E+02
9.826347E+01
1.048031E+02
2.547749E+02
2.535252E+02
4.076496E+02
2.072364E+02
1.027662E+02
6.589674E+02
4.150998E+02
9.826347E+01
9.826347E+01
6.591289E+02
2.550205E+02
1.039558E+02
4.151520E+02
9.826347E+01
9.826347E+01
9.826347E+01
9.826347E+01
2.556318E+02
9.826347E+01
7.712356E+02
3.563019E+02
2.543729E+02
5.171967E+02
9.826347E+01
4.089962E+02
9.826347E+01
9.826347E+01
9.826347E+01
5.170838E+01
9.826347E+01
2.541305E+02
9.826347E+01
4.646772E+02
5.170838E+01
1.546968E+02
9.826347E+01
5.170838E+01
4.050564E+02
2.586807E+02
9.826347E+01
5.594718E+02
1.025695E+02
4.066174E+02
1.513581E+02
9.826347E+01
2.014853E+02
2.056895E+02
2.014853E+02
2.077372E+02
5.708181E+02
2.014853E+02
2.014853E+02
2.066385E+02
0.000000E+00
2.492816E+02
2.014853E+02
2.014853E+02
2.014853E+02
1.549302E+02
7.654796E+02
2.014853E+02
2.014853E+02
2.592224E+02
2.576130E+02
4.029647E+02
2.014853E+02
5.098889E+02
2.014853E+02
2.014853E+02
2.551107E+02
5.176007E+02
2.014853E+02
2.080248E+02
3.579967E+02
3.567470E+02
5.108714E+02
3.104582E+02
2.059880E+02
7.621892E+02
5.183216E+02
2.014853E+02
2.014853E+02
7.623507E+02
3.582422E+02
2.071775E+02
5.183738E+02
2.014853E+02
2.014853E+02
2.014853E+02
2.014853E+02
3.588535E+02
2.014853E+02
8.744574E+02
4.595237E+02
3.575946E+02
6.204185E+02
2.014853E+02
5.122180E+02
2.014853E+02
2.014853E+02
2.014853E+02
1.549302E+02
2.014853E+02
3.573523E+02
2.014853E+02
5.678990E+02
1.549302E+02
2.579186E+02
2.014853E+02
1.549302E+02
5.082782E+02
3.619025E+02
2.014853E+02
6.626936E+02
2.057912E+02
5.098392E+02
2.545799E+02
2.014853E+02
4.779636E+01
1.451107E+02
4.779636E+01
1.471584E+02
5.102394E+02
4.779636E+01
4.779636E+01
1.460598E+02
2.492816E+02
0.000000E+00
4.779636E+01
4.779636E+01
4.779636E+01
9.435145E+01
5.161979E+02
4.779636E+01
4.779636E+01
1.986437E+02
1.970342E+02
1.536831E+02
4.779636E+01
4.493102E+02
4.779636E+01
4.779636E+01
1.945320E+02
4.570220E+02
4.779636E+01
1.474461E+02
2.043078E+02
2.961683E+02
3.571825E+02
2.498795E+02
1.454092E+02
5.129076E+02
4.577429E+02
4.779636E+01
4.779636E+01
5.130691E+02
2.976635E+02
1.465988E+02
4.577951E+02
4.779636E+01
4.779636E+01
4.779636E+01
4.779636E+01
2.982748E+02
4.779636E+01
8.138787E+02
3.989450E+02
2.970159E+02
5.598398E+02
4.779636E+01
2.629363E+02
4.779636E+01
4.779636E+01
4.779636E+01
9.435145E+01
4.779636E+01
2.967736E+02
4.779636E+01
5.073203E+02
9.435145E+01
1.973399E+02
4.779636E+01
9.435145E+01
2.589966E+02
3.013238E+02
4.779636E+01
6.021148E+02
1.452125E+02
3.561503E+02
1.008910E+02
4.779636E+01
0.000000E+00
9.731439E+01
0.000000E+00
9.936208E+01
4.624431E+02
0.000000E+00
0.000000E+00
9.826347E+01
2.014853E+02
4.779636E+01
0.000000E+00
0.000000E+00
0.000000E+00
4.655509E+01
5.639943E+02
0.000000E+00
0.000000E+00
1.508473E+02
1.492379E+02
2.014795E+02
0.000000E+00
4.015138E+02
0.000000E+00
0.000000E+00
1.467356E+02
4.092257E+02
0.000000E+00
9.964976E+01
1.565114E+02
2.483719E+02
3.093861E+02
2.020831E+02
9.761288E+01
5.607039E+02
4.099465E+02
0.000000E+00
0.000000E+00
5.608655E+02
2.498672E+02
9.880247E+01
4.099987E+02
0.000000E+00
0.000000E+00
0.000000E+00
0.000000E+00
2.504785E+02
0.000000E+00
7.660823E+02
3.511486E+02
2.492196E+02
5.120434E+02
0.000000E+00
3.107327E+02
0.000000E+00
0.000000E+00
0.000000E+00
4.655509E+01
0.000000E+00
2.489773E+02
0.000000E+00
4.595239E+02
4.655509E+01
1.495435E+02
0.000000E+00
4.655509E+01
3.067929E+02
2.535274E+02
0.000000E+00
5.543185E+02
9.741617E+01
3.083539E+02
5.309467E+01
0.000000E+00
0.000000E+00
9.731439E+01
0.000000E+00
9.936208E+01
4.624431E+02
0.000000E+00
0.000000E+00
9.826347E+01
2.014853E+02
4.779636E+01
0.000000E+00
0.000000E+00
0.000000E+00
4.655509E+01
5.639943E+02
0.000000E+00
0.000000E+00
1.508473E+02
1.492379E+02
2.014795E+02
0.000000E+00
4.015138E+02
0.000000E+00
0.000000E+00
1.467356E+02
4.092257E+02
0.000000E+00
9.964976E+01
1.565114E+02
2.483719E+02
3.093861E+02
2.020831E+02
9.761288E+01
5.607039E+02
4.099465E+02
0.000000E+00
0.000000E+00
5.608655E+02
2.498672E+02
9.880247E+01
4.099987E+02
0.000000E+00
0.000000E+00
0.000000E+00
0.000000E+00
2.504785E+02
0.000000E+00
7.660823E+02
3.511486E+02
2.492196E+02
5.120434E+02
0.000000E+00
3.107327E+02
0.000000E+00
0.000000E+00
0.000000E+00
4.655509E+01
0.000000E+00
2.489773E+02
0.000000E+00
4.595239E+02
4.655509E+01
1.495435E+02
0.000000E+00
4.655509E+01
3.067929E+02
2.535274E+02
0.000000E+00
5.543185E+02
9.741617E+01
3.083539E+02
5.309467E+01
0.000000E+00
0.000000E+00
9.731439E+01
0.000000E+00
9.936208E+01
4.624431E+02
0.000000E+00
0.000000E+00
9.826347E+01
2.014853E+02
4.779636E+01
0.000000E+00
0.000000E+00
0.000000E+00
4.655509E+01
5.639943E+02
0.000000E+00
0.000000E+00
1.508473E+02
1.492379E+02
2.014795E+02
0.000000E+00
4.015138E+02
0.000000E+00
0.000000E+00
1.467356E+02
4.092257E+02
0.000000E+00
9.964976E+01
1.565114E+02
2.483719E+02
3.093861E+02
2.020831E+02
9.761288E+01
5.607039E+02
4.099465E+02
0.000000E+00
0.000000E+00
5.608655E+02
2.498672E+02
9.880247E+01
4.099987E+02
0.000000E+00
0.000000E+00
0.000000E+00
0.000000E+00
2.504785E+02
0.000000E+00
7.660823E+02
3.511486E+02
2.492196E+02
5.120434E+02
0.000000E+00
3.107327E+02
0.000000E+00
0.000000E+00
0.000000E+00
4.655509E+01
0.000000E+00
2.489773E+02
0.000000E+00
4.595239E+02
4.655509E+01
1.495435E+02
0.000000E+00
4.655509E+01
3.067929E+02
2.535274E+02
0.000000E+00
5.543185E+02
9.741617E+01
3.083539E+02
5.309467E+01
0.000000E+00
4.655509E+01
5.075930E+01
4.655509E+01
5.280699E+01
4.158880E+02
4.655509E+01
4.655509E+01
5.170838E+01
1.549302E+02
9.435145E+01
4.655509E+01
4.655509E+01
4.655509E+01
0.000000E+00
6.105494E+02
4.655509E+01
4.655509E+01
1.042922E+02
1.026828E+02
2.480346E+02
4.655509E+01
3.549588E+02
4.655509E+01
4.655509E+01
1.001805E+02
3.626706E+02
4.655509E+01
5.309467E+01
2.030665E+02
2.018168E+02
3.559412E+02
1.555280E+02
5.105779E+01
6.072590E+02
3.633914E+02
4.655509E+01
4.655509E+01
6.074205E+02
2.033121E+02
5.224738E+01
3.634436E+02
4.655509E+01
4.655509E+01
4.655509E+01
4.655509E+01
2.039234E+02
4.655509E+01
7.195272E+02
3.045935E+02
2.026645E+02
4.654883E+02
4.655509E+01
3.572878E+02
4.655509E+01
4.655509E+01
4.655509E+01
0.000000E+00
4.655509E+01
2.024222E+02
4.655509E+01
4.129688E+02
0.000000E+00
1.029884E+02
4.655509E+01
0.000000E+00
3.533480E+02
2.069724E+02
4.655509E+01
5.077634E+02
5.086108E+01
3.549090E+02
9.964976E+01
4.655509E+01
5.639943E+02
6.613087E+02
5.639943E+02
6.633564E+02
1.026437E+03
5.639943E+02
5.639943E+02
6.622578E+02
7.654796E+02
5.161979E+02
5.639943E+02
5.639943E+02
5.639943E+02
6.105494E+02
0.000000E+00
5.639943E+02
5.639943E+02
7.148416E+02
7.132322E+02
6.698811E+02
5.639943E+02
9.655081E+02
5.639943E+02
5.639943E+02
6.093364E+02
8.718264E+02
5.639943E+02
6.636441E+02
7.205057E+02
8.123662E+02
6.732083E+02
7.660774E+02
6.616072E+02
9.279408E+02
8.751623E+02
5.639943E+02
5.639943E+02
1.029267E+03
8.138615E+02
6.627968E+02
7.738209E+02
5.639943E+02
5.639943E+02
5.639943E+02
5.639943E+02
8.144728E+02
5.639943E+02
1.026934E+03
8.137494E+02
5.118770E+02
9.772592E+02
5.639943E+02
7.791343E+02
5.639943E+02
5.639943E+02
5.639943E+02
6.105494E+02
5.639943E+02
7.115780E+02
5.639943E+02
1.023518E+03
6.105494E+02
7.135378E+02
5.639943E+02
6.105494E+02
7.751945E+02
8.175217E+02
5.639943E+02
1.016919E+03
6.614105E+02
8.723482E+02
6.170890E+02
5.639943E+02
0.000000E+00
9.731439E+01
0.000000E+00
9.936208E+01
4.624431E+02
0.000000E+00
0.000000E+00
9.826347E+01
2.014853E+02
4.779636E+01
0.000000E+00
0.000000E+00
0.000000E+00
4.655509E+01
5.639943E+02
0.000000E+00
0.000000E+00
1.508473E+02
1.492379E+02
2.014795E+02
0.000000E+00
4.015138E+02
0.000000E+00
0.000000E+00
1.467356E+02
4.092257E+02
0.000000E+00
9.964976E+01
1.565114E+02
2.483719E+02
3.093861E+02
2.020831E+02
9.761288E+01
5.607039E+02
4.099465E+02
0.000000E+00
0.000000E+00
5.608655E+02
2.498672E+02
9.880247E+01
4.099987E+02
0.000000E+00
0.000000E+00
0.000000E+00
0.000000E+00
2.504785E+02
0.000000E+00
7.660823E+02
3.511486E+02
2.492196E+02
5.120434E+02
0.000000E+00
3.107327E+02
0.000000E+00
0.000000E+00
0.000000E+00
4.655509E+01
0.000000E+00
2.489773E+02
0.000000E+00
4.595239E+02
4.655509E+01
1.495435E+02
0.000000E+00
4.655509E+01
3.067929E+02
2.535274E+02
0.000000E+00
5.543185E+02
9.741617E+01
3.083539E+02
5.309467E+01
0.000000E+00
0.000000E+00
9.731439E+01
0.000000E+00
9.936208E+01
4.624431E+02
0.000000E+00
0.000000E+00
9.826347E+01
2.014853E+02
4.779636E+01
0.000000E+00
0.000000E+00
0.000000E+00
4.655509E+01
5.639943E+02
0.000000E+00
0.000000E+00
1.508473E+02
1.492379E+02
2.014795E+02
0.000000E+00
4.015138E+02
0.000000E+00
0.000000E+00
1.467356E+02
4.092257E+02
0.000000E+00
9.964976E+01
1.565114E+02
2.483719E+02
3.093861E+02
2.020831E+02
9.761288E+01
5.607039E+02
4.099465E+02
0.000000E+00
0.000000E+00
5.608655E+02
2.498672E+02
9.880247E+01
4.099987E+02
0.000000E+00
0.000000E+00
0.000000E+00
0.000000E+00
2.504785E+02
0.000000E+00
7.660823E+02
3.511486E+02
2.492196E+02
5.120434E+02
0.000000E+00
3.107327E+02
0.000000E+00
0.000000E+00
0.000000E+00
4.655509E+01
0.000000E+00
2.489773E+02
0.000000E+00
4.595239E+02
4.655509E+01
1.495435E+02
0.000000E+00
4.655509E+01
3.067929E+02
2.535274E+02
0.000000E+00
5.543185E+02
9.741617E+01
3.083539E+02
5.309467E+01
0.000000E+00
1.508473E+02
1.550515E+02
1.508473E+02
1.570992E+02
4.150125E+02
1.508473E+02
1.508473E+02
5.258385E+01
2.592224E+02
1.986437E+02
1.508473E+02
1.508473E+02
1.508473E+02
1.042922E+02
7.148416E+02
1.508473E+02
1.508473E+02
0.000000E+00
2.069750E+02
3.523268E+02
1.508473E+02
4.592510E+02
1.508473E+02
1.508473E+02
2.044728E+02
4.669628E+02
1.508473E+02
1.573869E+02
3.073588E+02
3.061090E+02
3.550657E+02
2.598202E+02
1.553500E+02
7.115513E+02
4.676837E+02
1.508473E+02
1.508473E+02
7.117128E+02
3.076043E+02
1.565396E+02
4.677358E+02
1.508473E+02
1.508473E+02
1.508473E+02
1.508473E+02
3.082156E+02
1.508473E+02
8.238194E+02
4.088858E+02
3.069567E+02
5.697805E+02
1.508473E+02
4.615800E+02
1.508473E+02
1.508473E+02
1.508473E+02
1.042922E+02
1.508473E+02
3.067144E+02
1.508473E+02
5.172611E+02
1.042922E+02
2.072806E+02
1.508473E+02
1.042922E+02
4.576403E+02
3.112646E+02
1.508473E+02
6.120556E+02
1.551533E+02
4.592012E+02
2.039420E+02
1.508473E+02
1.492379E+02
1.534421E+02
1.492379E+02
1.554898E+02
5.185708E+02
1.492379E+02
1.492379E+02
1.543912E+02
2.576130E+02
1.970342E+02
1.492379E+02
1.492379E+02
1.492379E+02
1.026828E+02
7.132322E+02
1.492379E+02
1.492379E+02
2.069750E+02
0.000000E+00
3.507174E+02
1.492379E+02
4.576415E+02
1.492379E+02
1.492379E+02
2.028633E+02
4.653534E+02
1.492379E+02
1.557775E+02
3.057493E+02
3.044996E+02
4.586240E+02
2.582108E+02
1.537406E+02
7.099418E+02
4.660742E+02
1.492379E+02
1.492379E+02
7.101033E+02
3.059949E+02
1.549302E+02
4.661264E+02
1.492379E+02
1.492379E+02
1.492379E+02
1.492379E+02
3.066062E+02
1.492379E+02
8.222100E+02
4.072763E+02
3.053473E+02
5.681711E+02
1.492379E+02
4.599706E+02
1.492379E+02
1.492379E+02
1.492379E+02
1.026828E+02
1.492379E+02
3.051050E+02
1.492379E+02
5.156516E+02
1.026828E+02
2.056712E+02
1.492379E+02
1.026828E+02
4.560308E+02
3.096551E+02
1.492379E+02
6.104462E+02
1.535439E+02
4.575918E+02
2.023326E+02
1.492379E+02
2.014795E+02
2.987939E+02
2.014795E+02
3.008416E+02
6.639226E+02
2.014795E+02
2.014795E+02
2.997430E+02
4.029647E+02
1.536831E+02
2.014795E+02
2.014795E+02
2.014795E+02
2.480346E+02
6.698811E+02
2.014795E+02
2.014795E+02
3.523268E+02
3.507174E+02
0.000000E+00
2.014795E+02
6.029933E+02
2.014795E+02
2.014795E+02
3.482151E+02
6.107051E+02
2.014795E+02
3.011293E+02
3.579909E+02
4.498514E+02
5.108656E+02
4.035626E+02
2.990924E+02
6.665907E+02
6.114260E+02
2.014795E+02
2.014795E+02
6.667522E+02
3.557837E+02
3.002820E+02
6.114782E+02
2.014795E+02
2.014795E+02
2.014795E+02
2.014795E+02
4.519580E+02
2.014795E+02
9.675618E+02
5.526281E+02
4.506991E+02
7.135229E+02
2.014795E+02
3.110055E+02
2.014795E+02
2.014795E+02
2.014795E+02
2.480346E+02
2.014795E+02
3.548938E+02
2.014795E+02
6.610034E+02
2.480346E+02
3.510230E+02
2.014795E+02
2.480346E+02
4.126797E+02
4.550069E+02
2.014795E+02
7.557980E+02
2.988957E+02
5.098334E+02
2.545742E+02
2.014795E+02
0.000000E+00
9.731439E+01
0.000000E+00
9.936208E+01
4.624431E+02
0.000000E+00
0.000000E+00
9.826347E+01
2.014853E+02
4.779636E+01
0.000000E+00
0.000000E+00
0.000000E+00
4.655509E+01
5.639943E+02
0.000000E+00
0.000000E+00
1.508473E+02
1.492379E+02
2.014795E+02
0.000000E+00
4.015138E+02
0.000000E+00
0.000000E+00
1.467356E+02
4.092257E+02
0.000000E+00
9.964976E+01
1.565114E+02
2.483719E+02
3.093861E+02
2.020831E+02
9.761288E+01
5.607039E+02
4.099465E+02
0.000000E+00
0.000000E+00
5.608655E+02
2.498672E+02
9.880247E+01
4.099987E+02
0.000000E+00
0.000000E+00
0.000000E+00
0.000000E+00
2.504785E+02
0.000000E+00
7.660823E+02
3.511486E+02
2.492196E+02
5.120434E+02
0.000000E+00
3.107327E+02
0.000000E+00
0.000000E+00
0.000000E+00
4.655509E+01
0.000000E+00
2.489773E+02
0.000000E+00
4.595239E+02
4.655509E+01
1.495435E+02
0.000000E+00
4.655509E+01
3.067929E+02
2.535274E+02
0.000000E+00
5.543185E+02
9.741617E+01
3.083539E+02
5.309467E+01
0.000000E+00
4.015138E+02
4.057181E+02
4.015138E+02
4.077657E+02
7.708467E+02
4.015138E+02
4.015138E+02
4.066671E+02
5.098889E+02
4.493102E+02
4.015138E+02
4.015138E+02
4.015138E+02
3.549588E+02
9.655081E+02
4.015138E+02
4.015138E+02
4.592510E+02
4.576415E+02
6.029933E+02
4.015138E+02
0.000000E+00
4.015138E+02
4.015138E+02
4.551393E+02
6.191684E+02
4.015138E+02
4.080534E+02
5.580253E+02
5.567756E+02
7.109000E+02
5.104868E+02
4.060165E+02
8.637569E+02
6.181187E+02
4.015138E+02
4.015138E+02
8.639184E+02
5.582708E+02
4.072061E+02
7.184024E+02
4.015138E+02
4.015138E+02
4.015138E+02
4.015138E+02
5.588821E+02
4.015138E+02
8.768084E+02
6.595523E+02
5.576232E+02
8.204471E+02
4.015138E+02
7.122465E+02
4.015138E+02
4.015138E+02
4.015138E+02
3.549588E+02
4.015138E+02
5.573809E+02
4.015138E+02
7.679276E+02
3.549588E+02
4.579472E+02
4.015138E+02
3.549588E+02
7.083068E+02
5.619311E+02
4.015138E+02
6.650649E+02
4.058198E+02
6.106714E+02
4.546085E+02
4.015138E+02
0.000000E+00
9.731439E+01
0.000000E+00
9.936208E+01
4.624431E+02
0.000000E+00
0.000000E+00
9.826347E+01
2.014853E+02
4.779636E+01
0.000000E+00
0.000000E+00
0.000000E+00
4.655509E+01
5.639943E+02
0.000000E+00
0.000000E+00
1.508473E+02
1.492379E+02
2.014795E+02
0.000000E+00
4.015138E+02
0.000000E+00
0.000000E+00
1.467356E+02
4.092257E+02
0.000000E+00
9.964976E+01
1.565114E+02
2.483719E+02
3.093861E+02
2.020831E+02
9.761288E+01
5.607039E+02
4.099465E+02
0.000000E+00
0.000000E+00
5.608655E+02
2.498672E+02
9.880247E+01
4.099987E+02
0.000000E+00
0.000000E+00
0.000000E+00
0.000000E+00
2.504785E+02
0.000000E+00
7.660823E+02
3.511486E+02
2.492196E+02
5.120434E+02
0.000000E+00
3.107327E+02
0.000000E+00
0.000000E+00
0.000000E+00
4.655509E+01
0.000000E+00
2.489773E+02
0.000000E+00
4.595239E+02
4.655509E+01
1.495435E+02
0.000000E+00
4.655509E+01
3.067929E+02
2.535274E+02
0.000000E+00
5.543185E+02
9.741617E+01
3.083539E+02
5.309467E+01
0.000000E+00
0.000000E+00
9.731439E+01
0.000000E+00
9.936208E+01
4.624431E+02
0.000000E+00
0.000000E+00
9.826347E+01
2.014853E+02
4.779636E+01
0.000000E+00
0.000000E+00
0.000000E+00
4.655509E+01
5.639943E+02
0.000000E+00
0.000000E+00
1.508473E+02
1.492379E+02
2.014795E+02
0.000000E+00
4.015138E+02
0.000000E+00
0.000000E+00
1.467356E+02
4.092257E+02
0.000000E+00
9.964976E+01
1.565114E+02
2.483719E+02
3.093861E+02
2.020831E+02
9.761288E+01
5.607039E+02
4.099465E+02
0.000000E+00
0.000000E+00
5.608655E+02
2.498672E+02
9.880247E+01
4.099987E+02
0.000000E+00
0.000000E+00
0.000000E+00
0.000000E+00
2.504785E+02
0.000000E+00
7.660823E+02
3.511486E+02
2.492196E+02
5.120434E+02
0.000000E+00
3.107327E+02
0.000000E+00
0.000000E+00
0.000000E+00
4.655509E+01
0.000000E+00
2.489773E+02
0.000000E+00
4.595239E+02
4.655509E+01
1.495435E+02
0.000000E+00
4.655509E+01
3.067929E+02
2.535274E+02
0.000000E+00
5.543185E+02
9.741617E+01
3.083539E+02
5.309467E+01
0.000000E+00
1.467356E+02
1.509398E+02
1.467356E+02
1.529875E+02
5.160685E+02
1.467356E+02
1.467356E+02
1.518889E+02
2.551107E+02
1.945320E+02
1.467356E+02
1.467356E+02
1.467356E+02
1.001805E+02
6.093364E+02
1.467356E+02
1.467356E+02
2.044728E+02
2.028633E+02
3.482151E+02
1.467356E+02
4.551393E+02
1.467356E+02
1.467356E+02
0.000000E+00
3.614575E+02
1.467356E+02
1.532752E+02
3.032471E+02
3.019973E+02
3.547282E+02
2.557085E+02
1.512383E+02
7.074396E+02
4.635720E+02
1.467356E+02
1.467356E+02
7.076011E+02
3.034926E+02
1.524279E+02
3.622306E+02
1.467356E+02
1.467356E+02
1.467356E+02
1.467356E+02
3.041039E+02
1.467356E+02
7.183142E+02
3.033805E+02
2.014515E+02
5.656688E+02
1.467356E+02
4.574683E+02
1.467356E+02
1.467356E+02
1.467356E+02
1.001805E+02
1.467356E+02
2.012091E+02
1.467356E+02
5.131494E+02
1.001805E+02
2.031689E+02
1.467356E+02
1.001805E+02
4.535286E+02
3.071529E+02
1.467356E+02
4.075828E+02
1.510416E+02
4.550895E+02
1.998303E+02
1.467356E+02
4.092257E+02
4.134299E+02
4.092257E+02
4.154776E+02
7.785585E+02
4.092257E+02
4.092257E+02
4.143789E+02
5.176007E+02
4.570220E+02
4.092257E+02
4.092257E+02
4.092257E+02
3.626706E+02
8.718264E+02
4.092257E+02
4.092257E+02
4.669628E+02
4.653534E+02
6.107051E+02
4.092257E+02
6.191684E+02
4.092257E+02
4.092257E+02
3.614575E+02
0.000000E+00
4.092257E+02
4.157652E+02
5.657371E+02
5.644874E+02
6.172182E+02
5.181986E+02
4.137284E+02
8.714687E+02
7.260620E+02
4.092257E+02
4.092257E+02
8.716302E+02
5.659826E+02
4.149179E+02
6.247206E+02
4.092257E+02
4.092257E+02
4.092257E+02
4.092257E+02
5.665939E+02
4.092257E+02
8.823433E+02
5.658705E+02
4.639415E+02
8.281589E+02
4.092257E+02
7.199584E+02
4.092257E+02
4.092257E+02
4.092257E+02
3.626706E+02
4.092257E+02
4.636992E+02
4.092257E+02
7.756394E+02
3.626706E+02
4.656590E+02
4.092257E+02
3.626706E+02
7.160186E+02
5.696429E+02
4.092257E+02
6.705795E+02
4.135316E+02
7.175796E+02
4.623203E+02
4.092257E+02
0.000000E+00
9.731439E+01
0.000000E+00
9.936208E+01
4.624431E+02
0.000000E+00
0.000000E+00
9.826347E+01
2.014853E+02
4.779636E+01
0.000000E+00
0.000000E+00
0.000000E+00
4.655509E+01
5.639943E+02
0.000000E+00
0.000000E+00
1.508473E+02
1.492379E+02
2.014795E+02
0.000000E+00
4.015138E+02
0.000000E+00
0.000000E+00
1.467356E+02
4.092257E+02
0.000000E+00
9.964976E+01
1.565114E+02
2.483719E+02
3.093861E+02
2.020831E+02
9.761288E+01
5.607039E+02
4.099465E+02
0.000000E+00
0.000000E+00
5.608655E+02
2.498672E+02
9.880247E+01
4.099987E+02
0.000000E+00
0.000000E+00
0.000000E+00
0.000000E+00
2.504785E+02
0.000000E+00
7.660823E+02
3.511486E+02
2.492196E+02
5.120434E+02
0.000000E+00
3.107327E+02
0.000000E+00
0.000000E+00
0.000000E+00
4.655509E+01
0.000000E+00
2.489773E+02
0.000000E+00
4.595239E+02
4.655509E+01
1.495435E+02
0.000000E+00
4.655509E+01
3.067929E+02
2.535274E+02
0.000000E+00
5.543185E+02
9.741617E+01
3.083539E+02
5.309467E+01
0.000000E+00
9.964976E+01
1.038540E+02
9.964976E+01
1.059017E+02
4.689827E+02
9.964976E+01
9.964976E+01
1.048031E+02
2.080248E+02
1.474461E+02
9.964976E+01
9.964976E+01
9.964976E+01
5.309467E+01
6.636441E+02
9.964976E+01
9.964976E+01
1.573869E+02
1.557775E+02
3.011293E+02
9.964976E+01
4.080534E+02
9.964976E+01
9.964976E+01
1.532752E+02
4.157652E+02
9.964976E+01
0.000000E+00
2.561612E+02
2.549115E+02
4.090359E+02
2.086227E+02
1.041525E+02
6.603537E+02
4.164861E+02
9.964976E+01
9.964976E+01
6.605152E+02
2.564067E+02
1.053421E+02
4.165383E+02
9.964976E+01
9.964976E+01
9.964976E+01
9.964976E+01
2.570181E+02
9.964976E+01
7.726219E+02
3.576882E+02
2.557592E+02
5.185830E+02
9.964976E+01
4.103825E+02
9.964976E+01
9.964976E+01
9.964976E+01
5.309467E+01
9.964976E+01
2.555168E+02
9.964976E+01
4.660635E+02
5.309467E+01
1.560831E+02
9.964976E+01
5.309467E+01
4.064427E+02
2.600670E+02
9.964976E+01
5.608581E+02
1.039558E+02
4.080037E+02
1.527444E+02
9.964976E+01
1.565114E+02
2.538258E+02
1.565114E+02
2.558735E+02
6.189545E+02
1.565114E+02
1.565114E+02
2.547749E+02
3.579967E+02
2.043078E+02
1.565114E+02
1.565114E+02
1.565114E+02
2.030665E+02
7.205057E+02
1.565114E+02
1.565114E+02
3.073588E+02
3.057493E+02
3.579909E+02
1.565114E+02
5.580253E+02
1.565114E+02
1.565114E+02
3.032471E+02
5.657371E+02
1.565114E+02
2.561612E+02
0.000000E+00
4.048833E+02
4.658976E+02
3.585945E+02
2.541243E+02
7.172154E+02
5.664579E+02
1.565114E+02
1.565114E+02
7.173769E+02
3.035372E+02
2.553139E+02
5.665101E+02
1.565114E+02
1.565114E+02
1.565114E+02
1.565114E+02
4.069899E+02
1.565114E+02
9.225937E+02
5.076601E+02
4.057310E+02
5.657134E+02
1.565114E+02
4.672441E+02
1.565114E+02
1.565114E+02
1.565114E+02
2.030665E+02
1.565114E+02
4.054887E+02
1.565114E+02
5.131940E+02
2.030665E+02
3.060549E+02
1.565114E+02
2.030665E+02
4.633044E+02
4.100389E+02
1.565114E+02
7.108299E+02
2.539276E+02
4.648653E+02
2.096061E+02
1.565114E+02
2.483719E+02
2.525761E+02
2.483719E+02
2.546238E+02
6.177048E+02
2.483719E+02
2.483719E+02
2.535252E+02
3.567470E+02
2.961683E+02
2.483719E+02
2.483719E+02
2.483719E+02
2.018168E+02
8.123662E+02
2.483719E+02
2.483719E+02
3.061090E+02
3.044996E+02
4.498514E+02
2.483719E+02
5.567756E+02
2.483719E+02
2.483719E+02
3.019973E+02
5.644874E+02
2.483719E+02
2.549115E+02
4.048833E+02
0.000000E+00
5.577580E+02
3.573448E+02
2.528746E+02
8.090758E+02
5.652082E+02
2.483719E+02
2.483719E+02
8.092374E+02
4.051289E+02
2.540642E+02
5.652604E+02
2.483719E+02
2.483719E+02
2.483719E+02
2.483719E+02
4.057402E+02
2.483719E+02
9.213440E+02
5.064103E+02
4.044813E+02
6.673051E+02
2.483719E+02
5.591046E+02
2.483719E+02
2.483719E+02
2.483719E+02
2.018168E+02
2.483719E+02
4.042390E+02
2.483719E+02
6.147856E+02
2.018168E+02
3.048052E+02
2.483719E+02
2.018168E+02
5.551648E+02
4.087892E+02
2.483719E+02
6.114652E+02
2.526779E+02
5.567258E+02
3.014666E+02
2.483719E+02
3.093861E+02
4.067005E+02
3.093861E+02
4.087482E+02
6.666615E+02
3.093861E+02
3.093861E+02
4.076496E+02
5.108714E+02
3.571825E+02
3.093861E+02
3.093861E+02
3.093861E+02
3.559412E+02
6.732083E+02
3.093861E+02
3.093861E+02
3.550657E+02
4.586240E+02
5.108656E+02
3.093861E+02
7.109000E+02
3.093861E+02
3.093861E+02
3.547282E+02
6.172182E+02
3.093861E+02
4.090359E+02
4.658976E+02
5.577580E+02
0.000000E+00
4.078784E+02
4.069990E+02
8.700901E+02
5.169633E+02
3.093861E+02
3.093861E+02
8.702516E+02
5.592533E+02
4.081886E+02
5.192127E+02
3.093861E+02
3.093861E+02
3.093861E+02
3.093861E+02
5.598646E+02
3.093861E+02
8.752963E+02
5.591412E+02
3.584336E+02
7.226510E+02
3.093861E+02
6.201188E+02
3.093861E+02
3.093861E+02
3.093861E+02
3.559412E+02
3.093861E+02
4.569698E+02
3.093861E+02
6.653193E+02
3.559412E+02
4.589296E+02
3.093861E+02
3.559412E+02
6.161791E+02
5.629136E+02
3.093861E+02
7.623110E+02
4.068023E+02
6.177400E+02
3.624808E+02
3.093861E+02
2.020831E+02
2.062873E+02
2.020831E+02
2.083350E+02
5.714160E+02
2.020831E+02
2.020831E+02
2.072364E+02
3.104582E+02
2.498795E+02
2.020831E+02
2.020831E+02
2.020831E+02
1.555280E+02
7.660774E+02
2.020831E+02
2.020831E+02
2.598202E+02
2.582108E+02
4.035626E+02
2.020831E+02
5.104868E+02
2.020831E+02
2.020831E+02
2.557085E+02
5.181986E+02
2.020831E+02
2.086227E+02
3.585945E+02
3.573448E+02
4.078784E+02
0.000000E+00
2.065858E+02
7.627870E+02
4.153286E+02
2.020831E+02
2.020831E+02
7.629486E+02
3.588401E+02
2.077754E+02
5.189716E+02
2.020831E+02
2.020831E+02
2.020831E+02
2.020831E+02
3.594514E+02
2.020831E+02
8.750552E+02
4.601215E+02
3.581925E+02
6.210163E+02
2.020831E+02
5.128158E+02
2.020831E+02
2.020831E+02
2.020831E+02
1.555280E+02
2.020831E+02
3.579502E+02
2.020831E+02
4.649060E+02
1.555280E+02
2.585164E+02
2.020831E+02
1.555280E+02
4.076002E+02
3.625004E+02
2.020831E+02
6.632914E+02
2.063891E+02
5.104370E+02
2.551778E+02
2.020831E+02
9.761288E+01
1.018171E+02
9.761288E+01
1.038648E+02
4.669458E+02
9.761288E+01
9.761288E+01
1.027662E+02
2.059880E+02
1.454092E+02
9.761288E+01
9.761288E+01
9.761288E+01
5.105779E+01
6.616072E+02
9.761288E+01
9.761288E+01
1.553500E+02
1.537406E+02
2.990924E+02
9.761288E+01
4.060165E+02
9.761288E+01
9.761288E+01
1.512383E+02
4.137284E+02
9.761288E+01
1.041525E+02
2.541243E+02
2.528746E+02
4.069990E+02
2.065858E+02
0.000000E+00
6.583168E+02
4.144492E+02
9.761288E+01
9.761288E+01
6.584783E+02
2.543699E+02
1.033052E+02
4.145014E+02
9.761288E+01
9.761288E+01
9.761288E+01
9.761288E+01
2.549812E+02
9.761288E+01
7.705850E+02
3.556513E+02
2.537223E+02
5.165461E+02
9.761288E+01
4.083456E+02
9.761288E+01
9.761288E+01
9.761288E+01
5.105779E+01
9.761288E+01
2.534800E+02
9.761288E+01
4.640266E+02
5.105779E+01
1.540462E+02
9.761288E+01
5.105779E+01
4.044058E+02
2.580301E+02
9.761288E+01
5.588212E+02
1.019189E+02
4.059668E+02
1.507076E+02
9.761288E+01
5.607039E+02
6.580183E+02
5.607039E+02
6.600660E+02
9.247817E+02
5.607039E+02
5.607039E+02
6.589674E+02
7.621892E+02
5.129076E+02
5.607039E+02
5.607039E+02
5.607039E+02
6.072590E+02
9.279408E+02
5.607039E+02
5.607039E+02
7.115513E+02
7.099418E+02
6.665907E+02
5.607039E+02
8.637569E+02
5.607039E+02
5.607039E+02
7.074396E+02
8.714687E+02
5.607039E+02
6.603537E+02
7.172154E+02
8.090758E+02
8.700901E+02
7.627870E+02
6.583168E+02
0.000000E+00
9.706505E+02
5.607039E+02
5.607039E+02
8.291505E+02
7.057680E+02
6.595064E+02
9.707026E+02
5.607039E+02
5.607039E+02
5.607039E+02
5.607039E+02
8.111824E+02
5.607039E+02
1.122136E+03
9.118526E+02
7.087588E+02
1.072747E+03
5.607039E+02
6.716162E+02
5.607039E+02
5.607039E+02
5.607039E+02
6.072590E+02
5.607039E+02
8.096812E+02
5.607039E+02
9.171194E+02
6.072590E+02
7.102474E+02
5.607039E+02
6.072590E+02
6.676765E+02
8.142314E+02
5.607039E+02
1.016562E+03
6.581201E+02
8.690578E+02
6.137986E+02
5.607039E+02
4.099465E+02
4.141507E+02
4.099465E+02
4.161984E+02
7.792794E+02
4.099465E+02
4.099465E+02
4.150998E+02
5.183216E+02
4.577429E+02
4.099465E+02
4.099465E+02
4.099465E+02
3.633914E+02
8.751623E+02
4.099465E+02
4.099465E+02
4.676837E+02
4.660742E+02
6.114260E+02
4.099465E+02
6.181187E+02
4.099465E+02
4.099465E+02
4.635720E+02
7.260620E+02
4.099465E+02
4.164861E+02
5.664579E+02
5.652082E+02
5.169633E+02
4.153286E+02
4.144492E+02
9.706505E+02
0.000000E+00
4.099465E+02
4.099465E+02
9.708120E+02
5.667035E+02
4.156388E+02
6.280565E+02
4.099465E+02
4.099465E+02
4.099465E+02
4.099465E+02
5.673148E+02
4.099465E+02
9.841401E+02
6.679850E+02
4.672774E+02
7.301012E+02
4.099465E+02
7.206792E+02
4.099465E+02
4.099465E+02
4.099465E+02
3.633914E+02
4.099465E+02
5.658136E+02
4.099465E+02
6.727695E+02
3.633914E+02
4.663798E+02
4.099465E+02
3.633914E+02
7.167395E+02
5.703638E+02
4.099465E+02
8.711548E+02
4.142525E+02
7.183004E+02
4.630412E+02
4.099465E+02
0.000000E+00
9.731439E+01
0.000000E+00
9.936208E+01
4.624431E+02
0.000000E+00
0.000000E+00
9.826347E+01
2.014853E+02
4.779636E+01
0.000000E+00
0.000000E+00
0.000000E+00
4.655509E+01
5.639943E+02
0.000000E+00
0.000000E+00
1.508473E+02
1.492379E+02
2.014795E+02
0.000000E+00
4.015138E+02
0.000000E+00
0.000000E+00
1.467356E+02
4.092257E+02
0.000000E+00
9.964976E+01
1.565114E+02
2.483719E+02
3.093861E+02
2.020831E+02
9.761288E+01
5.607039E+02
4.099465E+02
0.000000E+00
0.000000E+00
5.608655E+02
2.498672E+02
9.880247E+01
4.099987E+02
0.000000E+00
0.000000E+00
0.000000E+00
0.000000E+00
2.504785E+02
0.000000E+00
7.660823E+02
3.511486E+02
2.492196E+02
5.120434E+02
0.000000E+00
3.107327E+02
0.000000E+00
0.000000E+00
0.000000E+00
4.655509E+01
0.000000E+00
2.489773E+02
0.000000E+00
4.595239E+02
4.655509E+01
1.495435E+02
0.000000E+00
4.655509E+01
3.067929E+02
2.535274E+02
0.000000E+00
5.543185E+02
9.741617E+01
3.083539E+02
5.309467E+01
0.000000E+00
0.000000E+00
9.731439E+01
0.000000E+00
9.936208E+01
4.624431E+02
0.000000E+00
0.000000E+00
9.826347E+01
2.014853E+02
4.779636E+01
0.000000E+00
0.000000E+00
0.000000E+00
4.655509E+01
5.639943E+02
0.000000E+00
0.000000E+00
1.508473E+02
1.492379E+02
2.014795E+02
0.000000E+00
4.015138E+02
0.000000E+00
0.000000E+00
1.467356E+02
4.092257E+02
0.000000E+00
9.964976E+01
1.565114E+02
2.483719E+02
3.093861E+02
2.020831E+02
9.761288E+01
5.607039E+02
4.099465E+02
0.000000E+00
0.000000E+00
5.608655E+02
2.498672E+02
9.880247E+01
4.099987E+02
0.000000E+00
0.000000E+00
0.000000E+00
0.000000E+00
2.504785E+02
0.000000E+00
7.660823E+02
3.511486E+02
2.492196E+02
5.120434E+02
0.000000E+00
3.107327E+02
0.000000E+00
0.000000E+00
0.000000E+00
4.655509E+01
0.000000E+00
2.489773E+02
0.000000E+00
4.595239E+02
4.655509E+01
1.495435E+02
0.000000E+00
4.655509E+01
3.067929E+02
2.535274E+02
0.000000E+00
5.543185E+02
9.741617E+01
3.083539E+02
5.309467E+01
0.000000E+00
5.608655E+02
6.581798E+02
5.608655E+02
6.602275E+02
9.249432E+02
5.608655E+02
5.608655E+02
6.591289E+02
7.623507E+02
5.130691E+02
5.608655E+02
5.608655E+02
5.608655E+02
6.074205E+02
1.029267E+03
5.608655E+02
5.608655E+02
7.117128E+02
7.101033E+02
6.667522E+02
5.608655E+02
8.639184E+02
5.608655E+02
5.608655E+02
7.076011E+02
8.716302E+02
5.608655E+02
6.605152E+02
7.173769E+02
8.092374E+02
8.702516E+02
7.629486E+02
6.584783E+02
8.291505E+02
9.708120E+02
5.608655E+02
5.608655E+02
0.000000E+00
8.107326E+02
6.596679E+02
9.708642E+02
5.608655E+02
5.608655E+02
5.608655E+02
5.608655E+02
8.113439E+02
5.608655E+02
1.228487E+03
9.120141E+02
8.100850E+02
1.072909E+03
5.608655E+02
7.760055E+02
5.608655E+02
5.608655E+02
5.608655E+02
6.074205E+02
5.608655E+02
8.098427E+02
5.608655E+02
1.020389E+03
6.074205E+02
7.104090E+02
5.608655E+02
6.074205E+02
7.720657E+02
8.143929E+02
5.608655E+02
1.016723E+03
6.582816E+02
8.692194E+02
6.139601E+02
5.608655E+02
2.498672E+02
2.540714E+02
2.498672E+02
2.561191E+02
6.192001E+02
2.498672E+02
2.498672E+02
2.550205E+02
3.582422E+02
2.976635E+02
2.498672E+02
2.498672E+02
2.498672E+02
2.033121E+02
8.138615E+02
2.498672E+02
2.498672E+02
3.076043E+02
3.059949E+02
3.557837E+02
2.498672E+02
5.582708E+02
2.498672E+02
2.498672E+02
3.034926E+02
5.659826E+02
2.498672E+02
2.564067E+02
3.035372E+02
4.051289E+02
5.592533E+02
3.588401E+02
2.543699E+02
7.057680E+02
5.667035E+02
2.498672E+02
2.498672E+02
8.107326E+02
0.000000E+00
2.555595E+02
5.667557E+02
2.498672E+02
2.498672E+02
2.498672E+02
2.498672E+02
4.072355E+02
2.498672E+02
9.228393E+02
5.079056E+02
4.059765E+02
5.659590E+02
2.498672E+02
5.605999E+02
2.498672E+02
2.498672E+02
2.498672E+02
2.033121E+02
2.498672E+02
3.101713E+02
2.498672E+02
5.134395E+02
2.033121E+02
3.063005E+02
2.498672E+02
2.033121E+02
5.566601E+02
4.102844E+02
2.498672E+02
7.110755E+02
2.541732E+02
5.582211E+02
3.029618E+02
2.498672E+02
9.880247E+01
1.030067E+02
9.880247E+01
1.050544E+02
4.681354E+02
9.880247E+01
9.880247E+01
1.039558E+02
2.071775E+02
1.465988E+02
9.880247E+01
9.880247E+01
9.880247E+01
5.224738E+01
6.627968E+02
9.880247E+01
9.880247E+01
1.565396E+02
1.549302E+02
3.002820E+02
9.880247E+01
4.072061E+02
9.880247E+01
9.880247E+01
1.524279E+02
4.149179E+02
9.880247E+01
1.053421E+02
2.553139E+02
2.540642E+02
4.081886E+02
2.077754E+02
1.033052E+02
6.595064E+02
4.156388E+02
9.880247E+01
9.880247E+01
6.596679E+02
2.555595E+02
0.000000E+00
4.156910E+02
9.880247E+01
9.880247E+01
9.880247E+01
9.880247E+01
2.561708E+02
9.880247E+01
7.717746E+02
3.568409E+02
2.549119E+02
5.177357E+02
9.880247E+01
4.095352E+02
9.880247E+01
9.880247E+01
9.880247E+01
5.224738E+01
9.880247E+01
2.546695E+02
9.880247E+01
4.652162E+02
5.224738E+01
1.552358E+02
9.880247E+01
5.224738E+01
4.055954E+02
2.592197E+02
9.880247E+01
5.600108E+02
1.031085E+02
4.071564E+02
1.518971E+02
9.880247E+01
4.099987E+02
4.142029E+02
4.099987E+02
4.162506E+02
7.793316E+02
4.099987E+02
4.099987E+02
4.151520E+02
5.183738E+02
4.577951E+02
4.099987E+02
4.099987E+02
4.099987E+02
3.634436E+02
7.738209E+02
4.099987E+02
4.099987E+02
4.677358E+02
4.661264E+02
6.114782E+02
4.099987E+02
7.184024E+02
4.099987E+02
4.099987E+02
3.622306E+02
6.247206E+02
4.099987E+02
4.165383E+02
5.665101E+02
5.652604E+02
5.192127E+02
5.189716E+02
4.145014E+02
9.707026E+02
6.280565E+02
4.099987E+02
4.099987E+02
9.708642E+02
5.667557E+02
4.156910E+02
0.000000E+00
4.099987E+02
4.099987E+02
4.099987E+02
4.099987E+02
5.673670E+02
4.099987E+02
8.827987E+02
5.666436E+02
3.659360E+02
7.301534E+02
4.099987E+02
7.207314E+02
4.099987E+02
4.099987E+02
4.099987E+02
3.634436E+02
4.099987E+02
4.644722E+02
4.099987E+02
7.764124E+02
3.634436E+02
4.664320E+02
4.099987E+02
3.634436E+02
7.167916E+02
5.704160E+02
4.099987E+02
7.698134E+02
4.143047E+02
7.183526E+02
4.630934E+02
4.099987E+02
0.000000E+00
9.731439E+01
0.000000E+00
9.936208E+01
4.624431E+02
0.000000E+00
0.000000E+00
9.826347E+01
2.014853E+02
4.779636E+01
0.000000E+00
0.000000E+00
0.000000E+00
4.655509E+01
5.639943E+02
0.000000E+00
0.000000E+00
1.508473E+02
1.492379E+02
2.014795E+02
0.000000E+00
4.015138E+02
0.000000E+00
0.000000E+00
1.467356E+02
4.092257E+02
0.000000E+00
9.964976E+01
1.565114E+02
2.483719E+02
3.093861E+02
2.020831E+02
9.761288E+01
5.607039E+02
4.099465E+02
0.000000E+00
0.000000E+00
5.608655E+02
2.498672E+02
9.880247E+01
4.099987E+02
0.000000E+00
0.000000E+00
0.000000E+00
0.000000E+00
2.504785E+02
0.000000E+00
7.660823E+02
3.511486E+02
2.492196E+02
5.120434E+02
0.000000E+00
3.107327E+02
0.000000E+00
0.000000E+00
0.000000E+00
4.655509E+01
0.000000E+00
2.489773E+02
0.000000E+00
4.595239E+02
4.655509E+01
1.495435E+02
0.000000E+00
4.655509E+01
3.067929E+02
2.535274E+02
0.000000E+00
5.543185E+02
9.741617E+01
3.083539E+02
5.309467E+01
0.000000E+00
0.000000E+00
9.731439E+01
0.000000E+00
9.936208E+01
4.624431E+02
0.000000E+00
0.000000E+00
9.826347E+01
2.014853E+02
4.779636E+01
0.000000E+00
0.000000E+00
0.000000E+00
4.655509E+01
5.639943E+02
0.000000E+00
0.000000E+00
1.508473E+02
1.492379E+02
2.014795E+02
0.000000E+00
4.015138E+02
0.000000E+00
0.000000E+00
1.467356E+02
4.092257E+02
0.000000E+00
9.964976E+01
1.565114E+02
2.483719E+02
3.093861E+02
2.020831E+02
9.761288E+01
5.607039E+02
4.099465E+02
0.000000E+00
0.000000E+00
5.608655E+02
2.498672E+02
9.880247E+01
4.099987E+02
0.000000E+00
0.000000E+00
0.000000E+00
0.000000E+00
2.504785E+02
0.000000E+00
7.660823E+02
3.511486E+02
2.492196E+02
5.120434E+02
0.000000E+00
3.107327E+02
0.000000E+00
0.000000E+00
0.000000E+00
4.655509E+01
0.000000E+00
2.489773E+02
0.000000E+00
4.595239E+02
4.655509E+01
1.495435E+02
0.000000E+00
4.655509E+01
3.067929E+02
2.535274E+02
0.000000E+00
5.543185E+02
9.741617E+01
3.083539E+02
5.309467E+01
0.000000E+00
0.000000E+00
9.731439E+01
0.000000E+00
9.936208E+01
4.624431E+02
0.000000E+00
0.000000E+00
9.826347E+01
2.014853E+02
4.779636E+01
0.000000E+00
0.000000E+00
0.000000E+00
4.655509E+01
5.639943E+02
0.000000E+00
0.000000E+00
1.508473E+02
1.492379E+02
2.014795E+02
0.000000E+00
4.015138E+02
0.000000E+00
0.000000E+00
1.467356E+02
4.092257E+02
0.000000E+00
9.964976E+01
1.565114E+02
2.483719E+02
3.093861E+02
2.020831E+02
9.761288E+01
5.607039E+02
4.099465E+02
0.000000E+00
0.000000E+00
5.608655E+02
2.498672E+02
9.880247E+01
4.099987E+02
0.000000E+00
0.000000E+00
0.000000E+00
0.000000E+00
2.504785E+02
0.000000E+00
7.660823E+02
3.511486E+02
2.492196E+02
5.120434E+02
0.000000E+00
3.107327E+02
0.000000E+00
0.000000E+00
0.000000E+00
4.655509E+01
0.000000E+00
2.489773E+02
0.000000E+00
4.595239E+02
4.655509E+01
1.495435E+02
0.000000E+00
4.655509E+01
3.067929E+02
2.535274E+02
0.000000E+00
5.543185E+02
9.741617E+01
3.083539E+02
5.309467E+01
0.000000E+00
0.000000E+00
9.731439E+01
0.000000E+00
9.936208E+01
4.624431E+02
0.000000E+00
0.000000E+00
9.826347E+01
2.014853E+02
4.779636E+01
0.000000E+00
0.000000E+00
0.000000E+00
4.655509E+01
5.639943E+02
0.000000E+00
0.000000E+00
1.508473E+02
1.492379E+02
2.014795E+02
0.000000E+00
4.015138E+02
0.000000E+00
0.000000E+00
1.467356E+02
4.092257E+02
0.000000E+00
9.964976E+01
1.565114E+02
2.483719E+02
3.093861E+02
2.020831E+02
9.761288E+01
5.607039E+02
4.099465E+02
0.000000E+00
0.000000E+00
5.608655E+02
2.498672E+02
9.880247E+01
4.099987E+02
0.000000E+00
0.000000E+00
0.000000E+00
0.000000E+00
2.504785E+02
0.000000E+00
7.660823E+02
3.511486E+02
2.492196E+02
5.120434E+02
0.000000E+00
3.107327E+02
0.000000E+00
0.000000E+00
0.000000E+00
4.655509E+01
0.000000E+00
2.489773E+02
0.000000E+00
4.595239E+02
4.655509E+01
1.495435E+02
0.000000E+00
4.655509E+01
3.067929E+02
2.535274E+02
0.000000E+00
5.543185E+02
9.741617E+01
3.083539E+02
5.309467E+01
0.000000E+00
2.504785E+02
2.546827E+02
2.504785E+02
2.567304E+02
6.198114E+02
2.504785E+02
2.504785E+02
2.556318E+02
3.588535E+02
2.982748E+02
2.504785E+02
2.504785E+02
2.504785E+02
2.039234E+02
8.144728E+02
2.504785E+02
2.504785E+02
3.082156E+02
3.066062E+02
4.519580E+02
2.504785E+02
5.588821E+02
2.504785E+02
2.504785E+02
3.041039E+02
5.665939E+02
2.504785E+02
2.570181E+02
4.069899E+02
4.057402E+02
5.598646E+02
3.594514E+02
2.549812E+02
8.111824E+02
5.673148E+02
2.504785E+02
2.504785E+02
8.113439E+02
4.072355E+02
2.561708E+02
5.673670E+02
2.504785E+02
2.504785E+02
2.504785E+02
2.504785E+02
0.000000E+00
2.504785E+02
9.234506E+02
5.085169E+02
4.065879E+02
6.694117E+02
2.504785E+02
5.612112E+02
2.504785E+02
2.504785E+02
2.504785E+02
2.039234E+02
2.504785E+02
4.063455E+02
2.504785E+02
6.168922E+02
2.039234E+02
3.069118E+02
2.504785E+02
2.039234E+02
5.572714E+02
3.115958E+02
2.504785E+02
7.116868E+02
2.547845E+02
5.588324E+02
3.035731E+02
2.504785E+02
0.000000E+00
9.731439E+01
0.000000E+00
9.936208E+01
4.624431E+02
0.000000E+00
0.000000E+00
9.826347E+01
2.014853E+02
4.779636E+01
0.000000E+00
0.000000E+00
0.000000E+00
4.655509E+01
5.639943E+02
0.000000E+00
0.000000E+00
1.508473E+02
1.492379E+02
2.014795E+02
0.000000E+00
4.015138E+02
0.000000E+00
0.000000E+00
1.467356E+02
4.092257E+02
0.000000E+00
9.964976E+01
1.565114E+02
2.483719E+02
3.093861E+02
2.020831E+02
9.761288E+01
5.607039E+02
4.099465E+02
0.000000E+00
0.000000E+00
5.608655E+02
2.498672E+02
9.880247E+01
4.099987E+02
0.000000E+00
0.000000E+00
0.000000E+00
0.000000E+00
2.504785E+02
0.000000E+00
7.660823E+02
3.511486E+02
2.492196E+02
5.120434E+02
0.000000E+00
3.107327E+02
0.000000E+00
0.000000E+00
0.000000E+00
4.655509E+01
0.000000E+00
2.489773E+02
0.000000E+00
4.595239E+02
4.655509E+01
1.495435E+02
0.000000E+00
4.655509E+01
3.067929E+02
2.535274E+02
0.000000E+00
5.543185E+02
9.741617E+01
3.083539E+02
5.309467E+01
0.000000E+00
7.660823E+02
7.702865E+02
7.660823E+02
7.723342E+02
1.135415E+03
7.660823E+02
7.660823E+02
7.712356E+02
8.744574E+02
8.138787E+02
7.660823E+02
7.660823E+02
7.660823E+02
7.195272E+02
1.026934E+03
7.660823E+02
7.660823E+02
8.238194E+02
8.222100E+02
9.675618E+02
7.660823E+02
8.768084E+02
7.660823E+02
7.660823E+02
7.183142E+02
8.823433E+02
7.660823E+02
7.726219E+02
9.225937E+02
9.213440E+02
8.752963E+02
8.750552E+02
7.705850E+02
1.122136E+03
9.841401E+02
7.660823E+02
7.660823E+02
1.228487E+03
9.228393E+02
7.717746E+02
8.827987E+02
7.660823E+02
7.660823E+02
7.660823E+02
7.660823E+02
9.234506E+02
7.660823E+02
0.000000E+00
9.227272E+02
7.220196E+02
1.086237E+03
7.660823E+02
1.076815E+03
7.660823E+02
7.660823E+02
7.660823E+02
7.195272E+02
7.660823E+02
7.178357E+02
7.660823E+02
1.132496E+03
7.195272E+02
7.197955E+02
7.660823E+02
7.195272E+02
1.072875E+03
9.264996E+02
7.660823E+02
1.027436E+03
7.703883E+02
1.074436E+03
8.191770E+02
7.660823E+02
3.511486E+02
3.553528E+02
3.511486E+02
3.574005E+02
7.204815E+02
3.511486E+02
3.511486E+02
3.563019E+02
4.595237E+02
3.989450E+02
3.511486E+02
3.511486E+02
3.511486E+02
3.045935E+02
8.137494E+02
3.511486E+02
3.511486E+02
4.088858E+02
4.072763E+02
5.526281E+02
3.511486E+02
6.595523E+02
3.511486E+02
3.511486E+02
3.033805E+02
5.658705E+02
3.511486E+02
3.576882E+02
5.076601E+02
5.064103E+02
5.591412E+02
4.601215E+02
3.556513E+02
9.118526E+02
6.679850E+02
3.511486E+02
3.511486E+02
9.120141E+02
5.079056E+02
3.568409E+02
5.666436E+02
3.511486E+02
3.511486E+02
3.511486E+02
3.511486E+02
5.085169E+02
3.511486E+02
9.227272E+02
0.000000E+00
4.058645E+02
7.700819E+02
3.511486E+02
6.618813E+02
3.511486E+02
3.511486E+02
3.511486E+02
3.045935E+02
3.511486E+02
4.056222E+02
3.511486E+02
6.158402E+02
3.045935E+02
4.075820E+02
3.511486E+02
3.045935E+02
6.579416E+02
5.115659E+02
3.511486E+02
6.143656E+02
3.554546E+02
6.595025E+02
4.042433E+02
3.511486E+02
2.492196E+02
2.534238E+02
2.492196E+02
2.554715E+02
6.185525E+02
2.492196E+02
2.492196E+02
2.543729E+02
3.575946E+02
2.970159E+02
2.492196E+02
2.492196E+02
2.492196E+02
2.026645E+02
5.118770E+02
2.492196E+02
2.492196E+02
3.069567E+02
3.053473E+02
4.506991E+02
2.492196E+02
5.576232E+02
2.492196E+02
2.492196E+02
2.014515E+02
4.639415E+02
2.492196E+02
2.557592E+02
4.057310E+02
4.044813E+02
3.584336E+02
3.581925E+02
2.537223E+02
7.087588E+02
4.672774E+02
2.492196E+02
2.492196E+02
8.100850E+02
4.059765E+02
2.549119E+02
3.659360E+02
2.492196E+02
2.492196E+02
2.492196E+02
2.492196E+02
4.065879E+02
2.492196E+02
7.220196E+02
4.058645E+02
0.000000E+00
5.693743E+02
2.492196E+02
5.599523E+02
2.492196E+02
2.492196E+02
2.492196E+02
2.026645E+02
2.492196E+02
3.036931E+02
2.492196E+02
6.156333E+02
2.026645E+02
3.056529E+02
2.492196E+02
2.026645E+02
5.560125E+02
4.096368E+02
2.492196E+02
6.090343E+02
2.535256E+02
5.575735E+02
3.023142E+02
2.492196E+02
5.120434E+02
5.162476E+02
5.120434E+02
5.182953E+02
8.813763E+02
5.120434E+02
5.120434E+02
5.171967E+02
6.204185E+02
5.598398E+02
5.120434E+02
5.120434E+02
5.120434E+02
4.654883E+02
9.772592E+02
5.120434E+02
5.120434E+02
5.697805E+02
5.681711E+02
7.135229E+02
5.120434E+02
8.204471E+02
5.120434E+02
5.120434E+02
5.656688E+02
8.281589E+02
5.120434E+02
5.185830E+02
5.657134E+02
6.673051E+02
7.226510E+02
6.210163E+02
5.165461E+02
1.072747E+03
7.301012E+02
5.120434E+02
5.120434E+02
1.072909E+03
5.659590E+02
5.177357E+02
7.301534E+02
5.120434E+02
5.120434E+02
5.120434E+02
5.120434E+02
6.694117E+02
5.120434E+02
1.086237E+03
7.700819E+02
5.693743E+02
0.000000E+00
5.120434E+02
8.227761E+02
5.120434E+02
5.120434E+02
5.120434E+02
4.654883E+02
5.120434E+02
6.679105E+02
5.120434E+02
7.756157E+02
4.654883E+02
5.684767E+02
5.120434E+02
4.654883E+02
8.188363E+02
6.724607E+02
5.120434E+02
9.732517E+02
5.163494E+02
8.203973E+02
5.651381E+02
5.120434E+02
0.000000E+00
9.731439E+01
0.000000E+00
9.936208E+01
4.624431E+02
0.000000E+00
0.000000E+00
9.826347E+01
2.014853E+02
4.779636E+01
0.000000E+00
0.000000E+00
0.000000E+00
4.655509E+01
5.639943E+02
0.000000E+00
0.000000E+00
1.508473E+02
1.492379E+02
2.014795E+02
0.000000E+00
4.015138E+02
0.000000E+00
0.000000E+00
1.467356E+02
4.092257E+02
0.000000E+00
9.964976E+01
1.565114E+02
2.483719E+02
3.093861E+02
2.020831E+02
9.761288E+01
5.607039E+02
4.099465E+02
0.000000E+00
0.000000E+00
5.608655E+02
2.498672E+02
9.880247E+01
4.099987E+02
0.000000E+00
0.000000E+00
0.000000E+00
0.000000E+00
2.504785E+02
0.000000E+00
7.660823E+02
3.511486E+02
2.492196E+02
5.120434E+02
0.000000E+00
3.107327E+02
0.000000E+00
0.000000E+00
0.000000E+00
4.655509E+01
0.000000E+00
2.489773E+02
0.000000E+00
4.595239E+02
4.655509E+01
1.495435E+02
0.000000E+00
4.655509E+01
3.067929E+02
2.535274E+02
0.000000E+00
5.543185E+02
9.741617E+01
3.083539E+02
5.309467E+01
0.000000E+00
3.107327E+02
4.080471E+02
3.107327E+02
4.100948E+02
7.731758E+02
3.107327E+02
3.107327E+02
4.089962E+02
5.122180E+02
2.629363E+02
3.107327E+02
3.107327E+02
3.107327E+02
3.572878E+02
7.791343E+02
3.107327E+02
3.107327E+02
4.615800E+02
4.599706E+02
3.110055E+02
3.107327E+02
7.122465E+02
3.107327E+02
3.107327E+02
4.574683E+02
7.199584E+02
3.107327E+02
4.103825E+02
4.672441E+02
5.591046E+02
6.201188E+02
5.128158E+02
4.083456E+02
6.716162E+02
7.206792E+02
3.107327E+02
3.107327E+02
7.760055E+02
5.605999E+02
4.095352E+02
7.207314E+02
3.107327E+02
3.107327E+02
3.107327E+02
3.107327E+02
5.612112E+02
3.107327E+02
1.076815E+03
6.618813E+02
5.599523E+02
8.227761E+02
3.107327E+02
0.000000E+00
3.107327E+02
3.107327E+02
3.107327E+02
3.572878E+02
3.107327E+02
5.597100E+02
3.107327E+02
7.702566E+02
3.572878E+02
4.602762E+02
3.107327E+02
3.572878E+02
4.177052E+02
5.642602E+02
3.107327E+02
8.650512E+02
4.081489E+02
6.190866E+02
3.638274E+02
3.107327E+02
0.000000E+00
9.731439E+01
0.000000E+00
9.936208E+01
4.624431E+02
0.000000E+00
0.000000E+00
9.826347E+01
2.014853E+02
4.779636E+01
0.000000E+00
0.000000E+00
0.000000E+00
4.655509E+01
5.639943E+02
0.000000E+00
0.000000E+00
1.508473E+02
1.492379E+02
2.014795E+02
0.000000E+00
4.015138E+02
0.000000E+00
0.000000E+00
1.467356E+02
4.092257E+02
0.000000E+00
9.964976E+01
1.565114E+02
2.483719E+02
3.093861E+02
2.020831E+02
9.761288E+01
5.607039E+02
4.099465E+02
0.000000E+00
0.000000E+00
5.608655E+02
2.498672E+02
9.880247E+01
4.099987E+02
0.000000E+00
0.000000E+00
0.000000E+00
0.000000E+00
2.504785E+02
0.000000E+00
7.660823E+02
3.511486E+02
2.492196E+02
5.120434E+02
0.000000E+00
3.107327E+02
0.000000E+00
0.000000E+00
0.000000E+00
4.655509E+01
0.000000E+00
2.489773E+02
0.000000E+00
4.595239E+02
4.655509E+01
1.495435E+02
0.000000E+00
4.655509E+01
3.067929E+02
2.535274E+02
0.000000E+00
5.543185E+02
9.741617E+01
3.083539E+02
5.309467E+01
0.000000E+00
0.000000E+00
9.731439E+01
0.000000E+00
9.936208E+01
4.624431E+02
0.000000E+00
0.000000E+00
9.826347E+01
2.014853E+02
4.779636E+01
0.000000E+00
0.000000E+00
0.000000E+00
4.655509E+01
5.639943E+02
0.000000E+00
0.000000E+00
1.508473E+02
1.492379E+02
2.014795E+02
0.000000E+00
4.015138E+02
0.000000E+00
0.000000E+00
1.467356E+02
4.092257E+02
0.000000E+00
9.964976E+01
1.565114E+02
2.483719E+02
3.093861E+02
2.020831E+02
9.761288E+01
5.607039E+02
4.099465E+02
0.000000E+00
0.000000E+00
5.608655E+02
2.498672E+02
9.880247E+01
4.099987E+02
0.000000E+00
0.000000E+00
0.000000E+00
0.000000E+00
2.504785E+02
0.000000E+00
7.660823E+02
3.511486E+02
2.492196E+02
5.120434E+02
0.000000E+00
3.107327E+02
0.000000E+00
0.000000E+00
0.000000E+00
4.655509E+01
0.000000E+00
2.489773E+02
0.000000E+00
4.595239E+02
4.655509E+01
1.495435E+02
0.000000E+00
4.655509E+01
3.067929E+02
2.535274E+02
0.000000E+00
5.543185E+02
9.741617E+01
3.083539E+02
5.309467E+01
0.000000E+00
0.000000E+00
9.731439E+01
0.000000E+00
9.936208E+01
4.624431E+02
0.000000E+00
0.000000E+00
9.826347E+01
2.014853E+02
4.779636E+01
0.000000E+00
0.000000E+00
0.000000E+00
4.655509E+01
5.639943E+02
0.000000E+00
0.000000E+00
1.508473E+02
1.492379E+02
2.014795E+02
0.000000E+00
4.015138E+02
0.000000E+00
0.000000E+00
1.467356E+02
4.092257E+02
0.000000E+00
9.964976E+01
1.565114E+02
2.483719E+02
3.093861E+02
2.020831E+02
9.761288E+01
5.607039E+02
4.099465E+02
0.000000E+00
0.000000E+00
5.608655E+02
2.498672E+02
9.880247E+01
4.099987E+02
0.000000E+00
0.000000E+00
0.000000E+00
0.000000E+00
2.504785E+02
0.000000E+00
7.660823E+02
3.511486E+02
2.492196E+02
5.120434E+02
0.000000E+00
3.107327E+02
0.000000E+00
0.000000E+00
0.000000E+00
4.655509E+01
0.000000E+00
2.489773E+02
0.000000E+00
4.595239E+02
4.655509E+01
1.495435E+02
0.000000E+00
4.655509E+01
3.067929E+02
2.535274E+02
0.000000E+00
5.543185E+02
9.741617E+01
3.083539E+02
5.309467E+01
0.000000E+00
4.655509E+01
5.075930E+01
4.655509E+01
5.280699E+01
4.158880E+02
4.655509E+01
4.655509E+01
5.170838E+01
1.549302E+02
9.435145E+01
4.655509E+01
4.655509E+01
4.655509E+01
0.000000E+00
6.105494E+02
4.655509E+01
4.655509E+01
1.042922E+02
1.026828E+02
2.480346E+02
4.655509E+01
3.549588E+02
4.655509E+01
4.655509E+01
1.001805E+02
3.626706E+02
4.655509E+01
5.309467E+01
2.030665E+02
2.018168E+02
3.559412E+02
1.555280E+02
5.105779E+01
6.072590E+02
3.633914E+02
4.655509E+01
4.655509E+01
6.074205E+02
2.033121E+02
5.224738E+01
3.634436E+02
4.655509E+01
4.655509E+01
4.655509E+01
4.655509E+01
2.039234E+02
4.655509E+01
7.195272E+02
3.045935E+02
2.026645E+02
4.654883E+02
4.655509E+01
3.572878E+02
4.655509E+01
4.655509E+01
4.655509E+01
0.000000E+00
4.655509E+01
2.024222E+02
4.655509E+01
4.129688E+02
0.000000E+00
1.029884E+02
4.655509E+01
0.000000E+00
3.533480E+02
2.069724E+02
4.655509E+01
5.077634E+02
5.086108E+01
3.549090E+02
9.964976E+01
4.655509E+01
0.000000E+00
9.731439E+01
0.000000E+00
9.936208E+01
4.624431E+02
0.000000E+00
0.000000E+00
9.826347E+01
2.014853E+02
4.779636E+01
0.000000E+00
0.000000E+00
0.000000E+00
4.655509E+01
5.639943E+02
0.000000E+00
0.000000E+00
1.508473E+02
1.492379E+02
2.014795E+02
0.000000E+00
4.015138E+02
0.000000E+00
0.000000E+00
1.467356E+02
4.092257E+02
0.000000E+00
9.964976E+01
1.565114E+02
2.483719E+02
3.093861E+02
2.020831E+02
9.761288E+01
5.607039E+02
4.099465E+02
0.000000E+00
0.000000E+00
5.608655E+02
2.498672E+02
9.880247E+01
4.099987E+02
0.000000E+00
0.000000E+00
0.000000E+00
0.000000E+00
2.504785E+02
0.000000E+00
7.660823E+02
3.511486E+02
2.492196E+02
5.120434E+02
0.000000E+00
3.107327E+02
0.000000E+00
0.000000E+00
0.000000E+00
4.655509E+01
0.000000E+00
2.489773E+02
0.000000E+00
4.595239E+02
4.655509E+01
1.495435E+02
0.000000E+00
4.655509E+01
3.067929E+02
2.535274E+02
0.000000E+00
5.543185E+02
9.741617E+01
3.083539E+02
5.309467E+01
0.000000E+00
2.489773E+02
2.531815E+02
2.489773E+02
2.552292E+02
6.183102E+02
2.489773E+02
2.489773E+02
2.541305E+02
3.573523E+02
2.967736E+02
2.489773E+02
2.489773E+02
2.489773E+02
2.024222E+02
7.115780E+02
2.489773E+02
2.489773E+02
3.067144E+02
3.051050E+02
3.548938E+02
2.489773E+02
5.573809E+02
2.489773E+02
2.489773E+02
2.012091E+02
4.636992E+02
2.489773E+02
2.555168E+02
4.054887E+02
4.042390E+02
4.569698E+02
3.579502E+02
2.534800E+02
8.096812E+02
5.658136E+02
2.489773E+02
2.489773E+02
8.098427E+02
3.101713E+02
2.546695E+02
4.644722E+02
2.489773E+02
2.489773E+02
2.489773E+02
2.489773E+02
4.063455E+02
2.489773E+02
7.178357E+02
4.056222E+02
3.036931E+02
6.679105E+02
2.489773E+02
5.597100E+02
2.489773E+02
2.489773E+02
2.489773E+02
2.024222E+02
2.489773E+02
0.000000E+00
2.489773E+02
6.153910E+02
2.024222E+02
2.026904E+02
2.489773E+02
2.024222E+02
5.557702E+02
4.093945E+02
2.489773E+02
6.087920E+02
2.532833E+02
5.573312E+02
3.020719E+02
2.489773E+02
0.000000E+00
9.731439E+01
0.000000E+00
9.936208E+01
4.624431E+02
0.000000E+00
0.000000E+00
9.826347E+01
2.014853E+02
4.779636E+01
0.000000E+00
0.000000E+00
0.000000E+00
4.655509E+01
5.639943E+02
0.000000E+00
0.000000E+00
1.508473E+02
1.492379E+02
2.014795E+02
0.000000E+00
4.015138E+02
0.000000E+00
0.000000E+00
1.467356E+02
4.092257E+02
0.000000E+00
9.964976E+01
1.565114E+02
2.483719E+02
3.093861E+02
2.020831E+02
9.761288E+01
5.607039E+02
4.099465E+02
0.000000E+00
0.000000E+00
5.608655E+02
2.498672E+02
9.880247E+01
4.099987E+02
0.000000E+00
0.000000E+00
0.000000E+00
0.000000E+00
2.504785E+02
0.000000E+00
7.660823E+02
3.511486E+02
2.492196E+02
5.120434E+02
0.000000E+00
3.107327E+02
0.000000E+00
0.000000E+00
0.000000E+00
4.655509E+01
0.000000E+00
2.489773E+02
0.000000E+00
4.595239E+02
4.655509E+01
1.495435E+02
0.000000E+00
4.655509E+01
3.067929E+02
2.535274E+02
0.000000E+00
5.543185E+02
9.741617E+01
3.083539E+02
5.309467E+01
0.000000E+00
4.595239E+02
4.637281E+02
4.595239E+02
4.657758E+02
8.288568E+02
4.595239E+02
4.595239E+02
4.646772E+02
5.678990E+02
5.073203E+02
4.595239E+02
4.595239E+02
4.595239E+02
4.129688E+02
1.023518E+03
4.595239E+02
4.595239E+02
5.172611E+02
5.156516E+02
6.610034E+02
4.595239E+02
7.679276E+02
4.595239E+02
4.595239E+02
5.131494E+02
7.756394E+02
4.595239E+02
4.660635E+02
5.131940E+02
6.147856E+02
6.653193E+02
4.649060E+02
4.640266E+02
9.171194E+02
6.727695E+02
4.595239E+02
4.595239E+02
1.020389E+03
5.134395E+02
4.652162E+02
7.764124E+02
4.595239E+02
4.595239E+02
4.595239E+02
4.595239E+02
6.168922E+02
4.595239E+02
1.132496E+03
6.158402E+02
6.156333E+02
7.756157E+02
4.595239E+02
7.702566E+02
4.595239E+02
4.595239E+02
4.595239E+02
4.129688E+02
4.595239E+02
6.153910E+02
4.595239E+02
0.000000E+00
4.129688E+02
5.159572E+02
4.595239E+02
4.129688E+02
7.663169E+02
6.199412E+02
4.595239E+02
9.207322E+02
4.638299E+02
7.678778E+02
5.126186E+02
4.595239E+02
4.655509E+01
5.075930E+01
4.655509E+01
5.280699E+01
4.158880E+02
4.655509E+01
4.655509E+01
5.170838E+01
1.549302E+02
9.435145E+01
4.655509E+01
4.655509E+01
4.655509E+01
0.000000E+00
6.105494E+02
4.655509E+01
4.655509E+01
1.042922E+02
1.026828E+02
2.480346E+02
4.655509E+01
3.549588E+02
4.655509E+01
4.655509E+01
1.001805E+02
3.626706E+02
4.655509E+01
5.309467E+01
2.030665E+02
2.018168E+02
3.559412E+02
1.555280E+02
5.105779E+01
6.072590E+02
3.633914E+02
4.655509E+01
4.655509E+01
6.074205E+02
2.033121E+02
5.224738E+01
3.634436E+02
4.655509E+01
4.655509E+01
4.655509E+01
4.655509E+01
2.039234E+02
4.655509E+01
7.195272E+02
3.045935E+02
2.026645E+02
4.654883E+02
4.655509E+01
3.572878E+02
4.655509E+01
4.655509E+01
4.655509E+01
0.000000E+00
4.655509E+01
2.024222E+02
4.655509E+01
4.129688E+02
0.000000E+00
1.029884E+02
4.655509E+01
0.000000E+00
3.533480E+02
2.069724E+02
4.655509E+01
5.077634E+02
5.086108E+01
3.549090E+02
9.964976E+01
4.655509E+01
1.495435E+02
1.537477E+02
1.495435E+02
1.557954E+02
5.188764E+02
1.495435E+02
1.495435E+02
1.546968E+02
2.579186E+02
1.973399E+02
1.495435E+02
1.495435E+02
1.495435E+02
1.029884E+02
7.135378E+02
1.495435E+02
1.495435E+02
2.072806E+02
2.056712E+02
3.510230E+02
1.495435E+02
4.579472E+02
1.495435E+02
1.495435E+02
2.031689E+02
4.656590E+02
1.495435E+02
1.560831E+02
3.060549E+02
3.048052E+02
4.589296E+02
2.585164E+02
1.540462E+02
7.102474E+02
4.663798E+02
1.495435E+02
1.495435E+02
7.104090E+02
3.063005E+02
1.552358E+02
4.664320E+02
1.495435E+02
1.495435E+02
1.495435E+02
1.495435E+02
3.069118E+02
1.495435E+02
7.197955E+02
4.075820E+02
3.056529E+02
5.684767E+02
1.495435E+02
4.602762E+02
1.495435E+02
1.495435E+02
1.495435E+02
1.029884E+02
1.495435E+02
2.026904E+02
1.495435E+02
5.159572E+02
1.029884E+02
0.000000E+00
1.495435E+02
1.029884E+02
4.563364E+02
3.099608E+02
1.495435E+02
6.107518E+02
1.538495E+02
4.578974E+02
2.026382E+02
1.495435E+02
0.000000E+00
9.731439E+01
0.000000E+00
9.936208E+01
4.624431E+02
0.000000E+00
0.000000E+00
9.826347E+01
2.014853E+02
4.779636E+01
0.000000E+00
0.000000E+00
0.000000E+00
4.655509E+01
5.639943E+02
0.000000E+00
0.000000E+00
1.508473E+02
1.492379E+02
2.014795E+02
0.000000E+00
4.015138E+02
0.000000E+00
0.000000E+00
1.467356E+02
4.092257E+02
0.000000E+00
9.964976E+01
1.565114E+02
2.483719E+02
3.093861E+02
2.020831E+02
9.761288E+01
5.607039E+02
4.099465E+02
0.000000E+00
0.000000E+00
5.608655E+02
2.498672E+02
9.880247E+01
4.099987E+02
0.000000E+00
0.000000E+00
0.000000E+00
0.000000E+00
2.504785E+02
0.000000E+00
7.660823E+02
3.511486E+02
2.492196E+02
5.120434E+02
0.000000E+00
3.107327E+02
0.000000E+00
0.000000E+00
0.000000E+00
4.655509E+01
0.000000E+00
2.489773E+02
0.000000E+00
4.595239E+02
4.655509E+01
1.495435E+02
0.000000E+00
4.655509E+01
3.067929E+02
2.535274E+02
0.000000E+00
5.543185E+02
9.741617E+01
3.083539E+02
5.309467E+01
0.000000E+00
4.655509E+01
5.075930E+01
4.655509E+01
5.280699E+01
4.158880E+02
4.655509E+01
4.655509E+01
5.170838E+01
1.549302E+02
9.435145E+01
4.655509E+01
4.655509E+01
4.655509E+01
0.000000E+00
6.105494E+02
4.655509E+01
4.655509E+01
1.042922E+02
1.026828E+02
2.480346E+02
4.655509E+01
3.549588E+02
4.655509E+01
4.655509E+01
1.001805E+02
3.626706E+02
4.655509E+01
5.309467E+01
2.030665E+02
2.018168E+02
3.559412E+02
1.555280E+02
5.105779E+01
6.072590E+02
3.633914E+02
4.655509E+01
4.655509E+01
6.074205E+02
2.033121E+02
5.224738E+01
3.634436E+02
4.655509E+01
4.655509E+01
4.655509E+01
4.655509E+01
2.039234E+02
4.655509E+01
7.195272E+02
3.045935E+02
2.026645E+02
4.654883E+02
4.655509E+01
3.572878E+02
4.655509E+01
4.655509E+01
4.655509E+01
0.000000E+00
4.655509E+01
2.024222E+02
4.655509E+01
4.129688E+02
0.000000E+00
1.029884E+02
4.655509E+01
0.000000E+00
3.533480E+02
2.069724E+02
4.655509E+01
5.077634E+02
5.086108E+01
3.549090E+02
9.964976E+01
4.655509E+01
3.067929E+02
4.041073E+02
3.067929E+02
4.061550E+02
7.692360E+02
3.067929E+02
3.067929E+02
4.050564E+02
5.082782E+02
2.589966E+02
3.067929E+02
3.067929E+02
3.067929E+02
3.533480E+02
7.751945E+02
3.067929E+02
3.067929E+02
4.576403E+02
4.560308E+02
4.126797E+02
3.067929E+02
7.083068E+02
3.067929E+02
3.067929E+02
4.535286E+02
7.160186E+02
3.067929E+02
4.064427E+02
4.633044E+02
5.551648E+02
6.161791E+02
4.076002E+02
4.044058E+02
6.676765E+02
7.167395E+02
3.067929E+02
3.067929E+02
7.720657E+02
5.566601E+02
4.055954E+02
7.167916E+02
3.067929E+02
3.067929E+02
3.067929E+02
3.067929E+02
5.572714E+02
3.067929E+02
1.072875E+03
6.579416E+02
5.560125E+02
8.188363E+02
3.067929E+02
4.177052E+02
3.067929E+02
3.067929E+02
3.067929E+02
3.533480E+02
3.067929E+02
5.557702E+02
3.067929E+02
7.663169E+02
3.533480E+02
4.563364E+02
3.067929E+02
3.533480E+02
0.000000E+00
5.603204E+02
3.067929E+02
8.611114E+02
4.042091E+02
6.151468E+02
3.598876E+02
3.067929E+02
2.535274E+02
2.577317E+02
2.535274E+02
2.597793E+02
6.228603E+02
2.535274E+02
2.535274E+02
2.586807E+02
3.619025E+02
3.013238E+02
2.535274E+02
2.535274E+02
2.535274E+02
2.069724E+02
8.175217E+02
2.535274E+02
2.535274E+02
3.112646E+02
3.096551E+02
4.550069E+02
2.535274E+02
5.619311E+02
2.535274E+02
2.535274E+02
3.071529E+02
5.696429E+02
2.535274E+02
2.600670E+02
4.100389E+02
4.087892E+02
5.629136E+02
3.625004E+02
2.580301E+02
8.142314E+02
5.703638E+02
2.535274E+02
2.535274E+02
8.143929E+02
4.102844E+02
2.592197E+02
5.704160E+02
2.535274E+02
2.535274E+02
2.535274E+02
2.535274E+02
3.115958E+02
2.535274E+02
9.264996E+02
5.115659E+02
4.096368E+02
6.724607E+02
2.535274E+02
5.642602E+02
2.535274E+02
2.535274E+02
2.535274E+02
2.069724E+02
2.535274E+02
4.093945E+02
2.535274E+02
6.199412E+02
2.069724E+02
3.099608E+02
2.535274E+02
2.069724E+02
5.603204E+02
0.000000E+00
2.535274E+02
7.147357E+02
2.578334E+02
5.618813E+02
3.066221E+02
2.535274E+02
0.000000E+00
9.731439E+01
0.000000E+00
9.936208E+01
4.624431E+02
0.000000E+00
0.000000E+00
9.826347E+01
2.014853E+02
4.779636E+01
0.000000E+00
0.000000E+00
0.000000E+00
4.655509E+01
5.639943E+02
0.000000E+00
0.000000E+00
1.508473E+02
1.492379E+02
2.014795E+02
0.000000E+00
4.015138E+02
0.000000E+00
0.000000E+00
1.467356E+02
4.092257E+02
0.000000E+00
9.964976E+01
1.565114E+02
2.483719E+02
3.093861E+02
2.020831E+02
9.761288E+01
5.607039E+02
4.099465E+02
0.000000E+00
0.000000E+00
5.608655E+02
2.498672E+02
9.880247E+01
4.099987E+02
0.000000E+00
0.000000E+00
0.000000E+00
0.000000E+00
2.504785E+02
0.000000E+00
7.660823E+02
3.511486E+02
2.492196E+02
5.120434E+02
0.000000E+00
3.107327E+02
0.000000E+00
0.000000E+00
0.000000E+00
4.655509E+01
0.000000E+00
2.489773E+02
0.000000E+00
4.595239E+02
4.655509E+01
1.495435E+02
0.000000E+00
4.655509E+01
3.067929E+02
2.535274E+02
0.000000E+00
5.543185E+02
9.741617E+01
3.083539E+02
5.309467E+01
0.000000E+00
5.543185E+02
5.585227E+02
5.543185E+02
5.605704E+02
9.236514E+02
5.543185E+02
5.543185E+02
5.594718E+02
6.626936E+02
6.021148E+02
5.543185E+02
5.543185E+02
5.543185E+02
5.077634E+02
1.016919E+03
5.543185E+02
5.543185E+02
6.120556E+02
6.104462E+02
7.557980E+02
5.543185E+02
6.650649E+02
5.543185E+02
5.543185E+02
4.075828E+02
6.705795E+02
5.543185E+02
5.608581E+02
7.108299E+02
6.114652E+02
7.623110E+02
6.632914E+02
5.588212E+02
1.016562E+03
8.711548E+02
5.543185E+02
5.543185E+02
1.016723E+03
7.110755E+02
5.600108E+02
7.698134E+02
5.543185E+02
5.543185E+02
5.543185E+02
5.543185E+02
7.116868E+02
5.543185E+02
1.027436E+03
6.143656E+02
6.090343E+02
9.732517E+02
5.543185E+02
8.650512E+02
5.543185E+02
5.543185E+02
5.543185E+02
5.077634E+02
5.543185E+02
6.087920E+02
5.543185E+02
9.207322E+02
5.077634E+02
6.107518E+02
5.543185E+02
5.077634E+02
8.611114E+02
7.147357E+02
5.543185E+02
0.000000E+00
5.586245E+02
7.634760E+02
6.074131E+02
5.543185E+02
9.741617E+01
1.016204E+02
9.741617E+01
1.036681E+02
4.667491E+02
9.741617E+01
9.741617E+01
1.025695E+02
2.057912E+02
1.452125E+02
9.741617E+01
9.741617E+01
9.741617E+01
5.086108E+01
6.614105E+02
9.741617E+01
9.741617E+01
1.551533E+02
1.535439E+02
2.988957E+02
9.741617E+01
4.058198E+02
9.741617E+01
9.741617E+01
1.510416E+02
4.135316E+02
9.741617E+01
1.039558E+02
2.539276E+02
2.526779E+02
4.068023E+02
2.063891E+02
1.019189E+02
6.581201E+02
4.142525E+02
9.741617E+01
9.741617E+01
6.582816E+02
2.541732E+02
1.031085E+02
4.143047E+02
9.741617E+01
9.741617E+01
9.741617E+01
9.741617E+01
2.547845E+02
9.741617E+01
7.703883E+02
3.554546E+02
2.535256E+02
5.163494E+02
9.741617E+01
4.081489E+02
9.741617E+01
9.741617E+01
9.741617E+01
5.086108E+01
9.741617E+01
2.532833E+02
9.741617E+01
4.638299E+02
5.086108E+01
1.538495E+02
9.741617E+01
5.086108E+01
4.042091E+02
2.578334E+02
9.741617E+01
5.586245E+02
0.000000E+00
4.057701E+02
1.505108E+02
9.741617E+01
3.083539E+02
4.056683E+02
3.083539E+02
4.077160E+02
7.707970E+02
3.083539E+02
3.083539E+02
4.066174E+02
5.098392E+02
3.561503E+02
3.083539E+02
3.083539E+02
3.083539E+02
3.549090E+02
8.723482E+02
3.083539E+02
3.083539E+02
4.592012E+02
4.575918E+02
5.098334E+02
3.083539E+02
6.106714E+02
3.083539E+02
3.083539E+02
4.550895E+02
7.175796E+02
3.083539E+02
4.080037E+02
4.648653E+02
5.567258E+02
6.177400E+02
5.104370E+02
4.059668E+02
8.690578E+02
7.183004E+02
3.083539E+02
3.083539E+02
8.692194E+02
5.582211E+02
4.071564E+02
7.183526E+02
3.083539E+02
3.083539E+02
3.083539E+02
3.083539E+02
5.588324E+02
3.083539E+02
1.074436E+03
6.595025E+02
5.575735E+02
8.203973E+02
3.083539E+02
6.190866E+02
3.083539E+02
3.083539E+02
3.083539E+02
3.549090E+02
3.083539E+02
5.573312E+02
3.083539E+02
7.678778E+02
3.549090E+02
4.578974E+02
3.083539E+02
3.549090E+02
6.151468E+02
5.618813E+02
3.083539E+02
7.634760E+02
4.057701E+02
0.000000E+00
3.614486E+02
3.083539E+02
5.309467E+01
1.504091E+02
5.309467E+01
1.524568E+02
5.155377E+02
5.309467E+01
5.309467E+01
1.513581E+02
2.545799E+02
1.008910E+02
5.309467E+01
5.309467E+01
5.309467E+01
9.964976E+01
6.170890E+02
5.309467E+01
5.309467E+01
2.039420E+02
2.023326E+02
2.545742E+02
5.309467E+01
4.546085E+02
5.309467E+01
5.309467E+01
1.998303E+02
4.623203E+02
5.309467E+01
1.527444E+02
2.096061E+02
3.014666E+02
3.624808E+02
2.551778E+02
1.507076E+02
6.137986E+02
4.630412E+02
5.309467E+01
5.309467E+01
6.139601E+02
3.029618E+02
1.518971E+02
4.630934E+02
5.309467E+01
5.309467E+01
5.309467E+01
5.309467E+01
3.035731E+02
5.309467E+01
8.191770E+02
4.042433E+02
3.023142E+02
5.651381E+02
5.309467E+01
3.638274E+02
5.309467E+01
5.309467E+01
5.309467E+01
9.964976E+01
5.309467E+01
3.020719E+02
5.309467E+01
5.126186E+02
9.964976E+01
2.026382E+02
5.309467E+01
9.964976E+01
3.598876E+02
3.066221E+02
5.309467E+01
6.074131E+02
1.505108E+02
3.614486E+02
0.000000E+00
5.309467E+01
0.000000E+00
9.731439E+01
0.000000E+00
9.936208E+01
4.624431E+02
0.000000E+00
0.000000E+00
9.826347E+01
2.014853E+02
4.779636E+01
0.000000E+00
0.000000E+00
0.000000E+00
4.655509E+01
5.639943E+02
0.000000E+00
0.000000E+00
1.508473E+02
1.492379E+02
2.014795E+02
0.000000E+00
4.015138E+02
0.000000E+00
0.000000E+00
1.467356E+02
4.092257E+02
0.000000E+00
9.964976E+01
1.565114E+02
2.483719E+02
3.093861E+02
2.020831E+02
9.761288E+01
5.607039E+02
4.099465E+02
0.000000E+00
0.000000E+00
5.608655E+02
2.498672E+02
9.880247E+01
4.099987E+02
0.000000E+00
0.000000E+00
0.000000E+00
0.000000E+00
2.504785E+02
0.000000E+00
7.660823E+02
3.511486E+02
2.492196E+02
5.120434E+02
0.000000E+00
3.107327E+02
0.000000E+00
0.000000E+00
0.000000E+00
4.655509E+01
0.000000E+00
2.489773E+02
0.000000E+00
4.595239E+02
4.655509E+01
1.495435E+02
0.000000E+00
4.655509E+01
3.067929E+02
2.535274E+02
0.000000E+00
5.543185E+02
9.741617E+01
3.083539E+02
5.309467E+01
0.000000E+00
