1.192456E+03
9.294964E+02
4.666933E+02
1.237387E+03
7.286817E+02
6.708495E+02
9.827416E+02
7.849935E+02
1.076366E+03
8.239108E+02
5.172270E+02
5.206503E+02
1.483436E+03
7.228960E+02
7.162339E+02
5.159200E+02
1.039167E+03
7.195938E+02
1.025173E+03
5.663980E+02
1.128121E+03
5.193586E+02
5.710105E+02
8.199817E+02
6.231537E+02
0.000000E+00
1.188566E+03
7.257630E+02
1.411593E+03
9.877515E+02
9.299193E+02
1.241811E+03
1.044063E+03
1.335436E+03
8.946751E+02
7.762968E+02
8.791922E+02
1.451643E+03
9.819658E+02
7.869982E+02
7.749898E+02
1.298236E+03
9.786636E+02
1.095937E+03
7.325083E+02
9.898772E+02
7.784284E+02
8.300803E+02
7.859180E+02
8.822235E+02
1.188566E+03
0.000000E+00
4.628031E+02
1.336939E+03
7.247915E+02
5.656393E+02
9.788514E+02
7.811033E+02
1.072476E+03
7.187006E+02
5.133368E+02
6.162323E+02
1.284323E+03
7.190058E+02
7.123437E+02
4.135763E+02
1.035277E+03
7.157036E+02
1.021283E+03
5.625078E+02
1.027461E+03
5.154684E+02
5.671204E+02
8.160916E+02
6.192635E+02
7.257630E+02
4.628031E+02
0.000000E+00
8.741359E+02
2.619884E+02
2.041563E+02
5.160483E+02
3.183003E+02
6.096730E+02
3.572176E+02
5.053373E+01
1.534292E+02
1.016743E+03
2.562027E+02
2.495406E+02
4.922677E+01
5.724734E+02
2.529005E+02
5.584797E+02
9.970471E+01
6.614277E+02
5.266536E+01
1.043173E+02
3.532885E+02
1.564604E+02
1.411593E+03
1.336939E+03
8.741359E+02
0.000000E+00
1.136124E+03
9.775666E+02
1.390184E+03
1.192436E+03
1.483809E+03
1.043048E+03
9.246696E+02
1.027565E+03
1.702574E+03
1.130339E+03
9.353710E+02
9.233626E+02
1.446609E+03
1.127036E+03
1.244310E+03
8.808811E+02
1.347258E+03
9.268012E+02
9.784531E+02
1.039119E+03
1.030596E+03
9.877515E+02
7.247915E+02
2.619884E+02
1.136124E+03
0.000000E+00
4.661447E+02
7.780367E+02
5.802887E+02
8.716614E+02
6.192060E+02
3.125222E+02
4.154176E+02
1.278732E+03
5.181912E+02
5.115291E+02
3.112152E+02
8.344619E+02
5.148890E+02
8.204682E+02
3.616932E+02
9.234161E+02
3.146538E+02
3.663057E+02
6.152769E+02
4.184489E+02
9.299193E+02
5.656393E+02
2.041563E+02
9.775666E+02
4.661447E+02
0.000000E+00
6.148739E+02
5.224565E+02
8.138293E+02
4.600538E+02
2.546900E+02
3.575855E+02
1.220899E+03
4.603590E+02
4.536969E+02
2.533831E+02
7.766297E+02
4.570568E+02
7.626360E+02
3.038610E+02
8.655840E+02
2.568216E+02
3.084735E+02
5.574448E+02
3.606167E+02
1.241811E+03
9.788514E+02
5.160483E+02
1.390184E+03
7.780367E+02
6.148739E+02
0.000000E+00
8.343486E+02
1.027174E+03
8.732658E+02
5.665820E+02
6.694775E+02
1.532791E+03
7.722510E+02
7.655889E+02
5.652751E+02
1.088522E+03
6.704014E+02
9.759806E+02
6.157530E+02
1.177476E+03
5.687137E+02
6.203656E+02
8.693368E+02
6.725087E+02
1.044063E+03
7.811033E+02
3.183003E+02
1.192436E+03
5.802887E+02
5.224565E+02
8.343486E+02
0.000000E+00
9.279732E+02
6.755178E+02
3.688340E+02
4.717294E+02
1.335043E+03
5.745030E+02
5.678409E+02
3.675270E+02
8.907737E+02
5.712008E+02
8.767800E+02
4.180050E+02
9.797280E+02
3.709656E+02
4.226175E+02
6.715887E+02
4.747607E+02
1.335436E+03
1.072476E+03
6.096730E+02
1.483809E+03
8.716614E+02
8.138293E+02
1.027174E+03
9.279732E+02
0.000000E+00
9.668905E+02
5.591393E+02
7.631022E+02
1.626416E+03
8.658757E+02
8.592136E+02
6.588998E+02
1.182146E+03
6.629586E+02
9.726668E+02
7.093777E+02
1.174162E+03
6.623383E+02
7.139902E+02
9.629615E+02
6.650660E+02
8.946751E+02
7.187006E+02
3.572176E+02
1.043048E+03
6.192060E+02
4.600538E+02
8.732658E+02
6.755178E+02
9.668905E+02
0.000000E+00
4.077513E+02
5.106467E+02
1.185655E+03
6.134203E+02
4.184527E+02
4.064443E+02
9.296910E+02
6.101181E+02
7.273919E+02
3.639628E+02
8.303398E+02
4.098829E+02
4.615348E+02
5.222006E+02
5.136780E+02
7.762968E+02
5.133368E+02
5.053373E+01
9.246696E+02
3.125222E+02
2.546900E+02
5.665820E+02
3.688340E+02
5.591393E+02
4.077513E+02
0.000000E+00
2.039629E+02
1.067277E+03
3.067364E+02
3.000743E+02
9.976050E+01
6.230072E+02
2.023668E+02
6.090135E+02
1.502384E+02
7.119614E+02
1.031991E+02
1.548510E+02
4.038222E+02
1.059267E+02
8.791922E+02
6.162323E+02
1.534292E+02
1.027565E+03
4.154176E+02
3.575855E+02
6.694775E+02
4.717294E+02
7.631022E+02
5.106467E+02
2.039629E+02
0.000000E+00
1.170172E+03
3.092710E+02
4.029698E+02
2.026559E+02
7.259026E+02
4.063297E+02
7.119089E+02
2.531339E+02
8.148569E+02
2.060945E+02
2.577464E+02
5.067177E+02
3.098896E+02
1.451643E+03
1.284323E+03
1.016743E+03
1.702574E+03
1.278732E+03
1.220899E+03
1.532791E+03
1.335043E+03
1.626416E+03
1.185655E+03
1.067277E+03
1.170172E+03
0.000000E+00
1.272946E+03
9.779052E+02
9.675163E+02
1.589217E+03
1.269644E+03
1.386917E+03
1.023488E+03
1.290538E+03
1.069408E+03
1.121060E+03
1.082095E+03
1.173204E+03
9.819658E+02
7.190058E+02
2.562027E+02
1.130339E+03
5.181912E+02
4.603590E+02
7.722510E+02
5.745030E+02
8.658757E+02
6.134203E+02
3.067364E+02
3.092710E+02
1.272946E+03
0.000000E+00
5.057433E+02
3.054295E+02
8.286762E+02
5.091032E+02
8.146825E+02
3.559074E+02
9.176304E+02
3.088681E+02
3.605200E+02
6.094912E+02
4.126631E+02
7.869982E+02
7.123437E+02
2.495406E+02
9.353710E+02
5.115291E+02
4.536969E+02
7.655889E+02
5.678409E+02
8.592136E+02
4.184527E+02
3.000743E+02
4.029698E+02
9.779052E+02
5.057433E+02
0.000000E+00
2.987674E+02
8.220140E+02
5.024411E+02
6.197149E+02
2.562858E+02
7.226629E+02
3.022060E+02
3.538579E+02
4.145236E+02
4.060010E+02
7.749898E+02
4.135763E+02
4.922677E+01
9.233626E+02
3.112152E+02
2.533831E+02
5.652751E+02
3.675270E+02
6.588998E+02
4.064443E+02
9.976050E+01
2.026559E+02
9.675163E+02
3.054295E+02
2.987674E+02
0.000000E+00
6.217002E+02
3.021273E+02
6.077065E+02
1.489315E+02
7.106545E+02
1.018921E+02
1.535440E+02
4.025152E+02
2.056872E+02
1.298236E+03
1.035277E+03
5.724734E+02
1.446609E+03
8.344619E+02
7.766297E+02
1.088522E+03
8.907737E+02
1.182146E+03
9.296910E+02
6.230072E+02
7.259026E+02
1.589217E+03
8.286762E+02
8.220140E+02
6.217002E+02
0.000000E+00
8.253740E+02
1.130953E+03
6.721781E+02
1.233901E+03
6.251388E+02
6.767907E+02
9.257619E+02
7.289339E+02
9.786636E+02
7.157036E+02
2.529005E+02
1.127036E+03
5.148890E+02
4.570568E+02
6.704014E+02
5.712008E+02
6.629586E+02
6.101181E+02
2.023668E+02
4.063297E+02
1.269644E+03
5.091032E+02
5.024411E+02
3.021273E+02
8.253740E+02
0.000000E+00
7.128328E+02
3.526052E+02
9.143282E+02
3.055659E+02
3.572178E+02
6.061890E+02
3.082935E+02
1.095937E+03
1.021283E+03
5.584797E+02
1.244310E+03
8.204682E+02
7.626360E+02
9.759806E+02
8.767800E+02
9.726668E+02
7.273919E+02
6.090135E+02
7.119089E+02
1.386917E+03
8.146825E+02
6.197149E+02
6.077065E+02
1.130953E+03
7.128328E+02
0.000000E+00
5.652250E+02
9.346635E+02
6.111451E+02
6.627970E+02
7.234628E+02
7.149402E+02
7.325083E+02
5.625078E+02
9.970471E+01
8.808811E+02
3.616932E+02
3.038610E+02
6.157530E+02
4.180050E+02
7.093777E+02
3.639628E+02
1.502384E+02
2.531339E+02
1.023488E+03
3.559074E+02
2.562858E+02
1.489315E+02
6.721781E+02
3.526052E+02
5.652250E+02
0.000000E+00
6.681729E+02
1.523701E+02
2.040220E+02
3.600337E+02
2.561651E+02
9.898772E+02
1.027461E+03
6.614277E+02
1.347258E+03
9.234161E+02
8.655840E+02
1.177476E+03
9.797280E+02
1.174162E+03
8.303398E+02
7.119614E+02
8.148569E+02
1.290538E+03
9.176304E+02
7.226629E+02
7.106545E+02
1.233901E+03
9.143282E+02
9.346635E+02
6.681729E+02
0.000000E+00
7.140931E+02
7.657450E+02
8.264107E+02
8.178881E+02
7.784284E+02
5.154684E+02
5.266536E+01
9.268012E+02
3.146538E+02
2.568216E+02
5.687137E+02
3.709656E+02
6.623383E+02
4.098829E+02
1.031991E+02
2.060945E+02
1.069408E+03
3.088681E+02
3.022060E+02
1.018921E+02
6.251388E+02
3.055659E+02
6.111451E+02
1.523701E+02
7.140931E+02
0.000000E+00
1.569826E+02
4.059538E+02
2.091258E+02
8.300803E+02
5.671204E+02
1.043173E+02
9.784531E+02
3.663057E+02
3.084735E+02
6.203656E+02
4.226175E+02
7.139902E+02
4.615348E+02
1.548510E+02
2.577464E+02
1.121060E+03
3.605200E+02
3.538579E+02
1.535440E+02
6.767907E+02
3.572178E+02
6.627970E+02
2.040220E+02
7.657450E+02
1.569826E+02
0.000000E+00
4.576057E+02
2.607777E+02
7.859180E+02
8.160916E+02
3.532885E+02
1.039119E+03
6.152769E+02
5.574448E+02
8.693368E+02
6.715887E+02
9.629615E+02
5.222006E+02
4.038222E+02
5.067177E+02
1.082095E+03
6.094912E+02
4.145236E+02
4.025152E+02
9.257619E+02
6.061890E+02
7.234628E+02
3.600337E+02
8.264107E+02
4.059538E+02
4.576057E+02
0.000000E+00
5.097489E+02
8.822235E+02
6.192635E+02
1.564604E+02
1.030596E+03
4.184489E+02
3.606167E+02
6.725087E+02
4.747607E+02
6.650660E+02
5.136780E+02
1.059267E+02
3.098896E+02
1.173204E+03
4.126631E+02
4.060010E+02
2.056872E+02
7.289339E+02
3.082935E+02
7.149402E+02
2.561651E+02
8.178881E+02
2.091258E+02
2.607777E+02
5.097489E+02
0.000000E+00
