5.700810E+02
5.131730E+02
7.682513E+02
5.177492E+02
7.642063E+02
6.645879E+02
8.740101E+02
6.140710E+02
6.676377E+02
7.180248E+02
9.638082E+02
9.730933E+02
5.663980E+02
8.881997E+02
8.810231E+02
8.175580E+02
5.608460E+02
2.176068E+03
6.239504E+02
9.353007E+02
8.325621E+02
7.181437E+02
5.195128E+02
9.332159E+02
7.665093E+02
6.143586E+02
5.189066E+02
7.177522E+02
8.291508E+02
6.792833E+02
8.390156E+02
7.768190E+02
8.349707E+02
7.353522E+02
1.040120E+03
6.848353E+02
9.267075E+02
8.882613E+02
1.034573E+03
1.043858E+03
7.325083E+02
1.147269E+03
1.140093E+03
8.883223E+02
6.316103E+02
2.435137E+03
9.824923E+02
1.194370E+03
1.091632E+03
8.842540E+02
7.785825E+02
1.192286E+03
8.372736E+02
6.851230E+02
7.779764E+02
7.885166E+02
5.661908E+02
5.092828E+02
7.643611E+02
5.138590E+02
7.603162E+02
6.606977E+02
8.701199E+02
6.101808E+02
6.637475E+02
8.136068E+02
8.631486E+02
9.692032E+02
5.625078E+02
8.843095E+02
8.771330E+02
7.168984E+02
5.569558E+02
1.970344E+03
7.195323E+02
9.314105E+02
8.286719E+02
7.142535E+02
5.156226E+02
8.325563E+02
7.626191E+02
6.104685E+02
5.150165E+02
7.138621E+02
1.033877E+02
4.647974E+01
3.015580E+02
5.105592E+01
2.975131E+02
1.978946E+02
4.073168E+02
1.473777E+02
2.009444E+02
3.508037E+02
4.971150E+02
5.064001E+02
9.970471E+01
4.215064E+02
4.143299E+02
3.508647E+02
9.415272E+01
1.709374E+03
2.567292E+02
4.686074E+02
3.658688E+02
2.514504E+02
5.281951E+01
4.665226E+02
2.998160E+02
1.476654E+02
5.221337E+01
2.510590E+02
9.775236E+02
8.276561E+02
9.873884E+02
9.251918E+02
9.833435E+02
8.837250E+02
1.188493E+03
8.332081E+02
1.075080E+03
1.036634E+03
1.182945E+03
1.192231E+03
8.808811E+02
1.295642E+03
1.288466E+03
1.036695E+03
7.799831E+02
2.583510E+03
1.130865E+03
1.342743E+03
1.240005E+03
1.032627E+03
9.269554E+02
1.340658E+03
9.856464E+02
8.334958E+02
9.263492E+02
9.368894E+02
3.653762E+02
3.084682E+02
5.635464E+02
3.130444E+02
5.595015E+02
4.598831E+02
6.693052E+02
4.093661E+02
4.629329E+02
6.127922E+02
7.591034E+02
7.683885E+02
3.616932E+02
6.834949E+02
6.763183E+02
6.128532E+02
3.561412E+02
1.971363E+03
5.187177E+02
7.305959E+02
6.278573E+02
5.134389E+02
3.148080E+02
7.285111E+02
5.618044E+02
4.096538E+02
3.142018E+02
5.130474E+02
3.075440E+02
2.506360E+02
5.057143E+02
2.552122E+02
5.016694E+02
4.020509E+02
6.114731E+02
3.515340E+02
4.051007E+02
5.549600E+02
7.012713E+02
7.105564E+02
3.038610E+02
6.256627E+02
6.184862E+02
5.550210E+02
2.983090E+02
1.913531E+03
4.608855E+02
6.727637E+02
5.700251E+02
4.556067E+02
2.569758E+02
6.706789E+02
5.039723E+02
3.518217E+02
2.563697E+02
4.552152E+02
6.194360E+02
5.625280E+02
8.176063E+02
5.671042E+02
8.135614E+02
7.139429E+02
9.233651E+02
6.634260E+02
6.162384E+02
8.668520E+02
1.013163E+03
9.239009E+02
6.157530E+02
9.375547E+02
9.303782E+02
8.669130E+02
6.102010E+02
2.125430E+03
7.727775E+02
9.846557E+02
8.819171E+02
7.674987E+02
5.688678E+02
9.825709E+02
8.158643E+02
6.637137E+02
5.682617E+02
7.671073E+02
4.216880E+02
3.647800E+02
6.198583E+02
3.693562E+02
6.158133E+02
5.161949E+02
7.256170E+02
4.656779E+02
5.192447E+02
6.691040E+02
8.154152E+02
8.247003E+02
4.180050E+02
7.398067E+02
7.326301E+02
6.691650E+02
4.124530E+02
2.027675E+03
5.750295E+02
7.869077E+02
6.841691E+02
5.697507E+02
3.711198E+02
7.848229E+02
6.181163E+02
4.659656E+02
3.705136E+02
5.693592E+02
7.130607E+02
6.561527E+02
8.101635E+02
6.607289E+02
8.077442E+02
8.075676E+02
1.016990E+03
7.570507E+02
7.136790E+02
9.604767E+02
1.106788E+03
1.017526E+03
7.093777E+02
1.031179E+03
1.024003E+03
8.594703E+02
7.038257E+02
2.120007E+03
8.664022E+02
1.078280E+03
8.759437E+02
8.611234E+02
6.624925E+02
1.076196E+03
9.094890E+02
7.573384E+02
6.618864E+02
8.607319E+02
4.606053E+02
3.107378E+02
4.704701E+02
4.082735E+02
4.664252E+02
3.668067E+02
6.715749E+02
3.162898E+02
5.581620E+02
5.197158E+02
6.660271E+02
6.753122E+02
3.639628E+02
7.787240E+02
7.715474E+02
5.197768E+02
2.630648E+02
2.066592E+03
6.139468E+02
8.258250E+02
7.230864E+02
5.157085E+02
4.100371E+02
8.237402E+02
4.687281E+02
3.165775E+02
4.094309E+02
4.199711E+02
1.539215E+02
9.701346E+01
2.510243E+02
1.015896E+02
3.480468E+02
2.484283E+02
4.578505E+02
1.979114E+02
2.514782E+02
4.013374E+02
5.476487E+02
5.569338E+02
1.502384E+02
4.720401E+02
4.648636E+02
3.003310E+02
1.446864E+02
1.759908E+03
3.072630E+02
5.191412E+02
4.164026E+02
3.019841E+02
1.033532E+02
5.170564E+02
3.503497E+02
1.981991E+02
1.027471E+02
3.015927E+02
2.568169E+02
1.999089E+02
4.549872E+02
2.044851E+02
4.509422E+02
3.513238E+02
5.607460E+02
3.008069E+02
3.543736E+02
4.047608E+02
6.505441E+02
6.598293E+02
2.531339E+02
5.749356E+02
5.677591E+02
5.042939E+02
2.475819E+02
1.862804E+03
2.103254E+02
6.220366E+02
4.189371E+02
4.048796E+02
2.062487E+02
5.195909E+02
4.532452E+02
3.010945E+02
2.056425E+02
4.044881E+02
1.120131E+03
9.702634E+02
1.129996E+03
1.067799E+03
1.125951E+03
1.026332E+03
1.128429E+03
9.758154E+02
1.116443E+03
9.753033E+02
1.030042E+03
1.334838E+03
1.023488E+03
1.438250E+03
1.329828E+03
1.082533E+03
9.225904E+02
2.330534E+03
1.273472E+03
1.485351E+03
1.382612E+03
1.175234E+03
1.069563E+03
1.386496E+03
1.128254E+03
9.761031E+02
1.068956E+03
1.079497E+03
3.595904E+02
3.026825E+02
5.577607E+02
3.072586E+02
5.537158E+02
4.540973E+02
6.635195E+02
4.035804E+02
4.571472E+02
6.070064E+02
7.533177E+02
7.626028E+02
3.559074E+02
6.777091E+02
6.705326E+02
6.070674E+02
3.503554E+02
1.965577E+03
4.125711E+02
7.248102E+02
5.217106E+02
5.076531E+02
3.090222E+02
6.223645E+02
5.560187E+02
4.038681E+02
3.084161E+02
5.072617E+02
3.529283E+02
2.030609E+02
3.627932E+02
3.005965E+02
3.587482E+02
2.591298E+02
5.638979E+02
2.086129E+02
4.504850E+02
4.120389E+02
5.583501E+02
5.676353E+02
2.562858E+02
6.710470E+02
6.638705E+02
4.120999E+02
1.553879E+02
1.858842E+03
5.062698E+02
7.181480E+02
6.154094E+02
4.080315E+02
3.023601E+02
7.160632E+02
3.610512E+02
2.089005E+02
3.017540E+02
3.122941E+02
1.526145E+02
9.570651E+01
3.507848E+02
1.002827E+02
3.467398E+02
2.471214E+02
4.565436E+02
1.966045E+02
2.501712E+02
4.000305E+02
5.463417E+02
5.556269E+02
1.489315E+02
4.707332E+02
4.635567E+02
4.000915E+02
1.433795E+02
1.758601E+03
3.059560E+02
5.178342E+02
4.150956E+02
3.006772E+02
1.020463E+02
5.157494E+02
3.490428E+02
1.968921E+02
1.014401E+02
3.002857E+02
6.758612E+02
6.189532E+02
8.740314E+02
6.235294E+02
8.699865E+02
7.703680E+02
7.724665E+02
7.198511E+02
7.734179E+02
9.232772E+02
1.069588E+03
1.078874E+03
6.721781E+02
9.939798E+02
9.868033E+02
9.233382E+02
6.666262E+02
2.281848E+03
8.292027E+02
1.041081E+03
9.383423E+02
7.237449E+02
6.252929E+02
1.038996E+03
8.722894E+02
7.201388E+02
6.246868E+02
8.235324E+02
3.562882E+02
2.993803E+02
4.533911E+02
3.039564E+02
5.504136E+02
4.507951E+02
6.602173E+02
4.002782E+02
4.538450E+02
6.037042E+02
7.500155E+02
6.607531E+02
3.526052E+02
6.744069E+02
6.672304E+02
5.026978E+02
3.470532E+02
1.962275E+03
5.096298E+02
7.215080E+02
6.187693E+02
5.043509E+02
3.057200E+02
7.194232E+02
5.527165E+02
4.005659E+02
3.051139E+02
5.039595E+02
6.618675E+02
5.120000E+02
6.717323E+02
6.095357E+02
6.676874E+02
5.680689E+02
8.728371E+02
5.175520E+02
6.624857E+02
7.209780E+02
8.672893E+02
7.780269E+02
5.652250E+02
9.799861E+02
9.728096E+02
7.210390E+02
4.643270E+02
2.267854E+03
8.152090E+02
1.027087E+03
9.243486E+02
7.169707E+02
6.112992E+02
1.025002E+03
6.699903E+02
5.178397E+02
6.106931E+02
6.212333E+02
2.030924E+02
5.322497E+01
3.083032E+02
1.507606E+02
3.042583E+02
2.046398E+02
4.140620E+02
1.541229E+02
3.006492E+02
3.575490E+02
5.038602E+02
5.131453E+02
1.064499E+02
5.212111E+02
5.140346E+02
3.576100E+02
1.008980E+02
1.809079E+03
3.564339E+02
5.683122E+02
4.655735E+02
2.581956E+02
1.525242E+02
5.662273E+02
3.065612E+02
1.544106E+02
1.519181E+02
2.578042E+02
7.648154E+02
6.149480E+02
7.746803E+02
7.124836E+02
7.706353E+02
6.710169E+02
8.738377E+02
6.204999E+02
7.654337E+02
8.239260E+02
8.734678E+02
9.795223E+02
6.681729E+02
1.082934E+03
1.075758E+03
7.272175E+02
5.672750E+02
2.174137E+03
9.181569E+02
1.130035E+03
1.027297E+03
8.199186E+02
7.142472E+02
1.031181E+03
7.729383E+02
6.207876E+02
7.136411E+02
7.241812E+02
1.560531E+02
9.914509E+01
3.542234E+02
1.037213E+02
3.501784E+02
2.505600E+02
4.599821E+02
2.000430E+02
2.536098E+02
4.034691E+02
5.497803E+02
5.590654E+02
1.523701E+02
4.741718E+02
4.669952E+02
4.035301E+02
1.468181E+02
1.762040E+03
3.093946E+02
5.212728E+02
4.185342E+02
3.041158E+02
1.054849E+02
5.191880E+02
3.524814E+02
2.003307E+02
1.048787E+02
3.037243E+02
2.077050E+02
1.507970E+02
4.058753E+02
1.553732E+02
4.018303E+02
3.022119E+02
5.116341E+02
2.516949E+02
3.052617E+02
4.551210E+02
6.014322E+02
6.107173E+02
2.040220E+02
5.258237E+02
5.186471E+02
4.551820E+02
1.984700E+02
1.813692E+03
3.610465E+02
5.729247E+02
4.701861E+02
3.557677E+02
1.571368E+02
5.708399E+02
4.041333E+02
2.519826E+02
1.565306E+02
3.553762E+02
4.566762E+02
3.068087E+02
4.665410E+02
4.043444E+02
4.624961E+02
3.628777E+02
5.680148E+02
3.123607E+02
5.542329E+02
5.157868E+02
5.624671E+02
6.713831E+02
3.600337E+02
7.747949E+02
7.676184E+02
5.158478E+02
2.591358E+02
1.963032E+03
6.100177E+02
8.218959E+02
7.191573E+02
5.117794E+02
4.061080E+02
8.198111E+02
4.647990E+02
3.126484E+02
4.055018E+02
4.160420E+02
2.598481E+02
2.029402E+02
3.569510E+02
2.075163E+02
4.539735E+02
3.543550E+02
5.637772E+02
3.038381E+02
3.574049E+02
5.072641E+02
6.535754E+02
6.628605E+02
2.561651E+02
5.779668E+02
5.707903E+02
4.062577E+02
2.506131E+02
1.865835E+03
4.131897E+02
6.250679E+02
5.223293E+02
4.079108E+02
2.092799E+02
6.229831E+02
4.562764E+02
3.041258E+02
2.086738E+02
4.075194E+02
