3.551339E+02
3.039007E+02
9.252396E+02
5.634750E+02
7.591767E+02
4.513610E+02
9.738545E+02
7.188561E+02
3.526827E+02
4.043878E+02
8.121779E+02
6.569756E+02
3.473183E+02
2.993036E+02
2.993036E+02
6.078393E+02
4.088026E+02
2.993036E+02
2.524188E+02
2.993036E+02
3.533758E+02
4.000042E+02
2.993036E+02
7.134459E+02
2.993036E+02
4.596466E+02
2.993036E+02
2.993036E+02
2.993036E+02
6.750866E+02
1.026497E+03
2.993036E+02
3.473183E+02
7.154669E+02
4.590429E+02
8.687009E+02
4.061641E+02
2.062953E+02
1.550621E+02
8.738449E+02
4.146364E+02
6.103381E+02
3.025224E+02
8.250159E+02
5.700175E+02
2.038441E+02
2.555492E+02
6.633393E+02
5.081369E+02
1.984796E+02
1.504650E+02
1.504650E+02
4.590006E+02
2.599640E+02
1.504650E+02
1.035801E+02
1.504650E+02
2.045372E+02
2.511656E+02
1.504650E+02
6.620512E+02
1.504650E+02
3.108080E+02
1.504650E+02
1.504650E+02
1.504650E+02
5.262480E+02
8.776588E+02
1.504650E+02
1.984796E+02
5.666282E+02
5.094929E+02
8.173062E+02
2.573254E+02
2.551941E+02
2.039609E+02
9.227438E+02
4.635352E+02
6.592370E+02
3.514212E+02
8.739148E+02
6.189163E+02
2.527429E+02
3.044480E+02
7.122381E+02
5.570358E+02
2.473785E+02
1.993638E+02
1.993638E+02
5.078995E+02
3.088628E+02
1.993638E+02
1.524790E+02
1.993638E+02
2.534361E+02
3.000644E+02
1.993638E+02
7.109501E+02
1.993638E+02
3.597069E+02
1.993638E+02
1.993638E+02
1.993638E+02
5.751468E+02
9.265576E+02
1.993638E+02
2.473785E+02
6.155271E+02
4.565470E+02
8.662051E+02
3.062243E+02
1.496000E+02
9.836681E+01
8.171496E+02
3.579411E+02
4.598732E+02
1.520574E+02
6.745510E+02
4.195525E+02
5.337909E+01
1.050842E+02
5.128743E+02
3.576720E+02
4.801467E+01
0.000000E+00
0.000000E+00
3.085357E+02
2.032687E+02
0.000000E+00
4.688483E+01
0.000000E+00
1.478419E+02
1.007006E+02
0.000000E+00
5.115863E+02
0.000000E+00
2.541127E+02
0.000000E+00
0.000000E+00
0.000000E+00
4.695527E+02
7.271938E+02
0.000000E+00
4.801467E+01
4.161633E+02
4.527976E+02
6.668412E+02
2.006301E+02
4.588319E+02
4.075987E+02
1.028938E+03
6.671730E+02
7.635599E+02
5.550590E+02
1.077553E+03
8.225541E+02
4.563807E+02
5.080858E+02
9.158759E+02
7.606735E+02
4.510163E+02
4.030016E+02
4.030016E+02
7.115373E+02
5.125006E+02
4.030016E+02
3.561167E+02
4.030016E+02
3.577590E+02
5.037022E+02
4.030016E+02
7.178291E+02
4.030016E+02
5.633446E+02
4.030016E+02
4.030016E+02
4.030016E+02
7.787846E+02
1.029619E+03
4.030016E+02
4.510163E+02
8.191649E+02
5.652707E+02
9.723989E+02
4.105472E+02
3.626833E+02
3.114501E+02
9.308189E+02
5.710244E+02
7.667261E+02
4.589104E+02
9.814039E+02
7.264055E+02
3.602321E+02
4.119372E+02
8.197273E+02
6.645249E+02
3.548677E+02
3.068530E+02
3.068530E+02
6.153887E+02
4.163520E+02
3.068530E+02
2.599681E+02
3.068530E+02
3.609252E+02
4.075536E+02
3.068530E+02
8.184392E+02
3.068530E+02
4.671960E+02
3.068530E+02
3.068530E+02
3.068530E+02
5.775724E+02
1.034047E+03
3.068530E+02
3.548677E+02
7.230163E+02
6.658809E+02
9.736942E+02
4.137134E+02
4.109594E+02
3.597263E+02
9.810652E+02
6.193005E+02
8.150023E+02
5.071866E+02
9.234973E+02
7.746816E+02
4.085082E+02
4.602133E+02
8.680035E+02
7.128011E+02
4.031438E+02
3.551291E+02
3.551291E+02
6.636648E+02
4.646282E+02
3.551291E+02
3.082443E+02
3.551291E+02
4.092014E+02
4.558298E+02
3.551291E+02
7.692715E+02
3.551291E+02
5.154722E+02
3.551291E+02
3.551291E+02
3.551291E+02
7.309121E+02
1.082323E+03
3.551291E+02
4.031438E+02
7.712924E+02
6.167131E+02
9.245265E+02
4.619896E+02
3.115210E+02
2.602878E+02
9.790706E+02
5.198621E+02
7.155638E+02
4.077481E+02
9.302416E+02
6.752432E+02
3.090698E+02
3.607749E+02
7.685650E+02
6.133626E+02
3.037053E+02
2.556907E+02
2.556907E+02
5.642263E+02
3.651897E+02
2.556907E+02
2.088058E+02
2.556907E+02
3.097629E+02
3.563913E+02
2.556907E+02
7.672769E+02
2.556907E+02
4.160337E+02
2.556907E+02
2.556907E+02
2.556907E+02
6.314737E+02
9.828845E+02
2.556907E+02
3.037053E+02
6.718540E+02
6.147186E+02
9.225319E+02
3.625511E+02
5.078125E+02
4.565793E+02
1.175362E+03
7.161536E+02
7.220563E+02
4.142406E+02
9.367341E+02
6.817357E+02
4.115916E+02
4.632967E+02
7.750575E+02
6.198551E+02
3.101978E+02
3.582125E+02
3.582125E+02
5.707188E+02
5.614812E+02
3.582125E+02
4.050973E+02
3.582125E+02
5.060544E+02
3.628838E+02
3.582125E+02
7.737694E+02
3.582125E+02
6.123252E+02
3.582125E+02
3.582125E+02
3.582125E+02
8.277652E+02
9.893770E+02
3.582125E+02
3.101978E+02
6.783464E+02
8.110101E+02
9.290244E+02
5.588426E+02
2.611376E+02
2.099044E+02
9.286873E+02
4.694787E+02
6.651805E+02
3.573647E+02
8.798583E+02
6.248598E+02
2.586864E+02
3.103915E+02
7.181816E+02
5.629793E+02
2.533220E+02
2.053073E+02
2.053073E+02
5.138430E+02
3.148063E+02
2.053073E+02
1.584225E+02
2.053073E+02
2.593795E+02
3.060079E+02
2.053073E+02
7.168936E+02
2.053073E+02
3.656504E+02
2.053073E+02
2.053073E+02
2.053073E+02
5.810903E+02
9.325011E+02
2.053073E+02
2.533220E+02
6.214706E+02
5.643352E+02
8.721486E+02
3.121678E+02
3.020927E+02
2.508596E+02
9.696424E+02
5.104338E+02
5.163366E+02
2.085208E+02
7.310144E+02
4.760159E+02
2.058718E+02
2.575770E+02
5.693377E+02
4.141354E+02
1.044781E+02
1.524927E+02
1.524927E+02
3.649991E+02
3.557614E+02
1.524927E+02
1.993776E+02
1.524927E+02
3.003347E+02
1.571640E+02
1.524927E+02
5.680497E+02
1.524927E+02
4.066055E+02
1.524927E+02
1.524927E+02
1.524927E+02
6.220454E+02
7.836572E+02
1.524927E+02
1.044781E+02
4.726267E+02
6.052903E+02
7.233046E+02
3.531229E+02
3.005063E+02
2.492731E+02
9.680559E+02
5.088474E+02
5.147501E+02
2.069344E+02
7.294279E+02
4.744295E+02
2.042854E+02
2.559905E+02
5.677513E+02
4.125489E+02
1.028916E+02
1.509063E+02
1.509063E+02
3.634126E+02
3.541750E+02
1.509063E+02
1.977911E+02
1.509063E+02
2.987482E+02
1.555776E+02
1.509063E+02
5.664632E+02
1.509063E+02
4.050190E+02
1.509063E+02
1.509063E+02
1.509063E+02
6.204590E+02
7.820707E+02
1.509063E+02
1.028916E+02
4.710402E+02
6.037039E+02
7.217182E+02
3.515364E+02
6.181795E+02
5.669464E+02
1.089554E+03
8.265206E+02
9.234910E+02
7.144067E+02
1.138169E+03
9.819017E+02
6.157283E+02
6.674334E+02
1.075224E+03
9.200212E+02
6.103639E+02
5.623492E+02
5.623492E+02
8.708849E+02
6.718483E+02
5.623492E+02
5.154644E+02
5.623492E+02
6.164215E+02
6.630498E+02
5.623492E+02
9.764916E+02
5.623492E+02
7.226923E+02
5.623492E+02
5.623492E+02
5.623492E+02
9.381322E+02
1.190812E+03
5.623492E+02
6.103639E+02
8.797811E+02
8.239332E+02
1.033015E+03
6.692097E+02
3.570296E+02
3.057964E+02
9.258478E+02
5.653707E+02
6.623410E+02
4.532567E+02
8.770188E+02
7.207518E+02
3.545784E+02
4.062835E+02
8.140736E+02
6.588712E+02
3.492140E+02
3.011993E+02
3.011993E+02
6.097350E+02
4.106983E+02
3.011993E+02
2.543145E+02
3.011993E+02
3.552715E+02
4.018999E+02
3.011993E+02
8.127855E+02
3.011993E+02
4.615423E+02
3.011993E+02
3.011993E+02
3.011993E+02
6.769823E+02
9.296616E+02
3.011993E+02
3.492140E+02
6.186311E+02
6.602272E+02
8.693091E+02
4.080597E+02
3.111902E+02
2.599571E+02
9.787399E+02
5.195313E+02
7.152331E+02
4.074174E+02
9.299109E+02
6.749124E+02
3.087390E+02
3.604441E+02
7.682343E+02
6.130319E+02
3.033746E+02
2.553599E+02
2.553599E+02
5.638956E+02
3.648590E+02
2.553599E+02
2.084751E+02
2.553599E+02
3.094322E+02
3.560605E+02
2.553599E+02
7.669462E+02
2.553599E+02
4.157030E+02
2.553599E+02
2.553599E+02
2.553599E+02
6.311429E+02
9.825537E+02
2.553599E+02
3.033746E+02
6.715232E+02
6.143878E+02
9.222012E+02
3.622204E+02
3.549606E+02
3.037274E+02
1.022510E+03
5.633017E+02
6.652338E+02
3.574180E+02
8.799116E+02
6.249131E+02
2.587397E+02
3.104448E+02
7.182349E+02
5.630326E+02
2.533753E+02
2.053606E+02
2.053606E+02
5.138963E+02
4.086293E+02
2.053606E+02
2.522455E+02
2.053606E+02
3.532025E+02
3.060612E+02
2.053606E+02
7.169469E+02
2.053606E+02
4.594733E+02
2.053606E+02
2.053606E+02
2.053606E+02
6.749133E+02
9.325544E+02
2.053606E+02
2.533753E+02
6.215239E+02
6.581582E+02
8.722019E+02
4.059908E+02
6.224020E+02
5.711689E+02
1.289952E+03
7.285901E+02
1.026445E+03
7.186292E+02
1.241123E+03
9.861242E+02
6.199508E+02
6.716559E+02
1.079446E+03
9.242437E+02
6.145864E+02
5.665717E+02
5.665717E+02
8.751074E+02
6.760708E+02
5.665717E+02
5.196869E+02
5.665717E+02
6.206440E+02
6.672724E+02
5.665717E+02
1.078158E+03
5.665717E+02
7.269148E+02
5.665717E+02
5.665717E+02
5.665717E+02
9.423547E+02
1.293766E+03
5.665717E+02
6.145864E+02
9.827350E+02
9.255996E+02
1.233413E+03
6.734322E+02
1.815687E+03
1.764454E+03
1.675640E+03
2.024028E+03
2.120999E+03
1.911914E+03
2.231326E+03
2.179410E+03
1.813236E+03
1.864941E+03
2.272731E+03
2.117529E+03
1.807872E+03
1.759857E+03
1.759857E+03
2.068393E+03
1.869356E+03
1.759857E+03
1.712972E+03
1.759857E+03
1.813929E+03
1.860558E+03
1.759857E+03
2.173999E+03
1.759857E+03
1.920200E+03
1.759857E+03
1.759857E+03
1.759857E+03
2.135640E+03
2.080777E+03
1.759857E+03
1.807872E+03
2.077289E+03
1.919596E+03
2.230523E+03
1.866717E+03
2.515710E+02
3.012072E+02
1.019990E+03
5.607815E+02
5.666842E+02
2.588685E+02
7.813620E+02
5.263635E+02
2.562195E+02
3.079246E+02
5.176614E+02
4.644830E+02
1.548257E+02
2.028404E+02
2.028404E+02
4.153467E+02
4.061091E+02
2.028404E+02
2.497252E+02
2.028404E+02
3.506823E+02
2.075117E+02
2.028404E+02
5.175280E+02
2.028404E+02
3.560838E+02
2.028404E+02
2.028404E+02
2.028404E+02
6.723930E+02
8.340048E+02
2.028404E+02
1.548257E+02
5.229743E+02
6.556380E+02
7.736523E+02
4.034705E+02
5.224879E+02
4.712547E+02
1.190038E+03
7.308290E+02
9.265307E+02
6.187150E+02
1.141209E+03
7.808382E+02
5.200367E+02
5.717418E+02
8.775080E+02
8.243296E+02
5.146723E+02
4.666576E+02
4.666576E+02
7.751933E+02
5.761566E+02
4.666576E+02
4.197728E+02
4.666576E+02
5.207298E+02
5.673582E+02
4.666576E+02
9.782438E+02
4.666576E+02
6.270006E+02
4.666576E+02
4.666576E+02
4.666576E+02
8.424406E+02
1.193851E+03
4.666576E+02
5.146723E+02
8.828209E+02
7.221462E+02
1.133499E+03
5.735181E+02
2.075762E+02
5.337909E+01
8.751258E+02
4.159173E+02
6.116191E+02
3.038033E+02
8.262969E+02
5.712984E+02
2.051250E+02
2.568301E+02
6.646202E+02
5.094179E+02
1.997606E+02
1.517459E+02
1.517459E+02
4.602816E+02
2.612449E+02
1.517459E+02
1.048611E+02
1.517459E+02
2.058181E+02
2.524465E+02
1.517459E+02
6.633322E+02
1.517459E+02
3.120890E+02
1.517459E+02
1.517459E+02
1.517459E+02
5.275289E+02
8.789397E+02
1.517459E+02
1.997606E+02
5.679092E+02
5.107738E+02
8.185871E+02
2.586064E+02
2.086260E+02
1.573929E+02
8.761757E+02
4.169671E+02
6.126689E+02
3.048531E+02
8.273467E+02
5.723482E+02
2.061748E+02
2.578799E+02
6.656700E+02
5.104677E+02
2.008104E+02
1.527957E+02
1.527957E+02
4.613314E+02
2.622947E+02
1.527957E+02
1.059109E+02
1.527957E+02
2.068680E+02
2.534963E+02
1.527957E+02
6.643820E+02
1.527957E+02
3.131388E+02
1.527957E+02
1.527957E+02
1.527957E+02
5.285787E+02
8.799895E+02
1.527957E+02
2.008104E+02
5.689590E+02
5.118236E+02
8.196370E+02
2.596562E+02
3.615201E+02
3.102870E+02
9.296557E+02
5.698612E+02
7.655630E+02
4.577473E+02
9.802408E+02
7.252423E+02
3.590689E+02
4.107740E+02
8.185642E+02
6.633618E+02
3.537045E+02
3.056898E+02
3.056898E+02
6.142255E+02
4.151888E+02
3.056898E+02
2.588050E+02
3.056898E+02
3.597621E+02
4.063904E+02
3.056898E+02
8.172761E+02
3.056898E+02
4.660329E+02
3.056898E+02
3.056898E+02
3.056898E+02
6.814728E+02
1.032884E+03
3.056898E+02
3.537045E+02
7.218531E+02
6.647177E+02
9.725311E+02
4.125503E+02
3.582044E+02
3.069713E+02
1.025754E+03
5.665456E+02
6.629325E+02
4.544316E+02
9.769251E+02
7.219267E+02
3.557532E+02
4.074584E+02
8.152485E+02
6.600461E+02
3.503888E+02
3.023742E+02
3.023742E+02
6.109098E+02
4.118732E+02
3.023742E+02
2.554893E+02
3.023742E+02
2.571315E+02
4.030748E+02
3.023742E+02
7.146456E+02
3.023742E+02
3.626471E+02
3.023742E+02
3.023742E+02
3.023742E+02
6.781571E+02
1.029568E+03
3.023742E+02
3.503888E+02
7.185374E+02
5.620872E+02
9.692154E+02
3.099198E+02
1.496000E+02
9.836681E+01
8.171496E+02
3.579411E+02
4.598732E+02
1.520574E+02
6.745510E+02
4.195525E+02
5.337909E+01
1.050842E+02
5.128743E+02
3.576720E+02
4.801467E+01
0.000000E+00
0.000000E+00
3.085357E+02
2.032687E+02
0.000000E+00
4.688483E+01
0.000000E+00
1.478419E+02
1.007006E+02
0.000000E+00
5.115863E+02
0.000000E+00
2.541127E+02
0.000000E+00
0.000000E+00
0.000000E+00
4.695527E+02
7.271938E+02
0.000000E+00
4.801467E+01
4.161633E+02
4.527976E+02
6.668412E+02
2.006301E+02
5.127264E+02
5.623625E+02
1.281145E+03
8.219368E+02
8.278395E+02
5.200238E+02
1.042517E+03
7.875189E+02
5.173748E+02
5.690799E+02
7.788167E+02
7.256383E+02
4.159810E+02
4.639957E+02
4.639957E+02
6.765020E+02
6.672644E+02
4.639957E+02
5.108805E+02
4.639957E+02
6.118376E+02
4.686670E+02
4.639957E+02
6.773412E+02
4.639957E+02
6.172391E+02
4.639957E+02
4.639957E+02
4.639957E+02
9.335484E+02
1.095160E+03
4.639957E+02
4.159810E+02
7.841296E+02
9.167933E+02
1.034808E+03
6.646258E+02
6.669697E+02
6.157366E+02
1.036382E+03
8.753108E+02
9.722811E+02
7.631968E+02
1.186959E+03
1.030692E+03
6.645185E+02
7.162236E+02
1.124014E+03
9.688114E+02
6.591541E+02
6.111394E+02
6.111394E+02
9.196751E+02
7.206384E+02
6.111394E+02
5.642546E+02
6.111394E+02
6.652117E+02
7.118400E+02
6.111394E+02
1.025282E+03
6.111394E+02
7.714825E+02
6.111394E+02
6.111394E+02
6.111394E+02
9.869224E+02
1.239602E+03
6.111394E+02
6.591541E+02
9.285713E+02
7.708787E+02
9.801770E+02
7.179999E+02
4.660777E+02
4.148445E+02
1.133627E+03
6.744188E+02
8.701205E+02
5.623048E+02
1.084798E+03
8.297999E+02
4.636265E+02
5.153316E+02
9.231217E+02
7.679193E+02
4.582621E+02
4.102474E+02
4.102474E+02
7.187831E+02
5.197464E+02
4.102474E+02
3.633625E+02
4.102474E+02
4.643196E+02
5.109480E+02
4.102474E+02
9.218336E+02
4.102474E+02
5.705904E+02
4.102474E+02
4.102474E+02
4.102474E+02
7.860304E+02
1.137441E+03
4.102474E+02
4.582621E+02
8.264107E+02
6.674306E+02
1.077089E+03
5.171078E+02
1.496000E+02
9.836681E+01
8.171496E+02
3.579411E+02
4.598732E+02
1.520574E+02
6.745510E+02
4.195525E+02
5.337909E+01
1.050842E+02
5.128743E+02
3.576720E+02
4.801467E+01
0.000000E+00
0.000000E+00
3.085357E+02
2.032687E+02
0.000000E+00
4.688483E+01
0.000000E+00
1.478419E+02
1.007006E+02
0.000000E+00
5.115863E+02
0.000000E+00
2.541127E+02
0.000000E+00
0.000000E+00
0.000000E+00
4.695527E+02
7.271938E+02
0.000000E+00
4.801467E+01
4.161633E+02
4.527976E+02
6.668412E+02
2.006301E+02
3.061297E+02
2.548965E+02
8.749479E+02
5.144708E+02
6.114411E+02
4.023568E+02
8.261189E+02
6.698519E+02
3.036785E+02
3.553836E+02
7.631737E+02
6.079713E+02
2.983140E+02
2.502994E+02
2.502994E+02
5.588350E+02
3.597984E+02
2.502994E+02
2.034145E+02
2.502994E+02
3.043716E+02
3.510000E+02
2.502994E+02
7.618856E+02
2.502994E+02
3.105723E+02
2.502994E+02
2.502994E+02
2.502994E+02
6.260824E+02
8.787617E+02
2.502994E+02
2.983140E+02
5.677312E+02
6.093273E+02
8.184092E+02
3.571598E+02
9.247162E+02
8.734831E+02
1.097250E+03
1.133057E+03
1.131120E+03
1.020943E+03
1.344815E+03
1.288438E+03
9.222650E+02
9.739701E+02
1.381760E+03
1.127650E+03
9.169006E+02
8.688859E+02
8.688859E+02
1.177422E+03
8.735884E+02
8.688859E+02
8.220011E+02
8.688859E+02
9.229582E+02
9.695865E+02
8.688859E+02
1.283028E+03
8.688859E+02
1.029229E+03
8.688859E+02
8.688859E+02
8.688859E+02
1.244669E+03
1.497348E+03
8.688859E+02
9.169006E+02
1.186318E+03
1.130470E+03
1.239662E+03
9.757464E+02
4.148179E+02
3.635847E+02
1.082368E+03
6.231590E+02
8.188607E+02
5.110450E+02
1.033539E+03
7.785401E+02
4.123667E+02
4.640718E+02
7.698380E+02
7.166595E+02
4.070022E+02
3.589876E+02
3.589876E+02
6.675232E+02
4.684866E+02
3.589876E+02
3.121027E+02
3.589876E+02
4.130598E+02
4.596882E+02
3.589876E+02
8.705738E+02
3.589876E+02
5.193306E+02
3.589876E+02
3.589876E+02
3.589876E+02
7.347706E+02
1.086181E+03
3.589876E+02
4.070022E+02
7.751509E+02
6.161708E+02
1.025829E+03
4.658480E+02
7.776753E+02
7.264421E+02
1.445225E+03
9.860164E+02
9.919191E+02
6.841034E+02
1.206597E+03
9.515985E+02
6.814544E+02
7.331595E+02
1.044920E+03
8.897179E+02
5.800606E+02
6.280753E+02
6.280753E+02
8.405816E+02
8.313440E+02
6.280753E+02
6.749601E+02
6.280753E+02
7.759172E+02
6.327466E+02
6.280753E+02
1.043632E+03
6.280753E+02
8.821880E+02
6.280753E+02
6.280753E+02
6.280753E+02
1.097628E+03
1.259240E+03
6.280753E+02
5.800606E+02
9.482092E+02
1.080873E+03
1.198887E+03
8.287054E+02
2.625647E+02
2.113316E+02
9.301144E+02
4.709058E+02
6.666076E+02
3.587919E+02
8.812854E+02
6.262869E+02
2.601135E+02
3.118186E+02
7.196088E+02
5.644064E+02
2.547491E+02
2.067344E+02
2.067344E+02
5.152701E+02
3.162334E+02
2.067344E+02
1.598496E+02
2.067344E+02
2.608067E+02
3.074350E+02
2.067344E+02
7.183207E+02
2.067344E+02
3.670775E+02
2.067344E+02
2.067344E+02
2.067344E+02
5.825174E+02
9.339282E+02
2.067344E+02
2.547491E+02
6.228977E+02
5.657623E+02
8.735757E+02
3.135949E+02
4.558786E+02
4.046454E+02
1.024014E+03
6.642197E+02
6.701224E+02
3.623067E+02
8.848002E+02
6.298017E+02
3.596577E+02
4.113628E+02
7.231236E+02
5.679212E+02
2.582639E+02
3.062786E+02
3.062786E+02
5.187849E+02
5.095473E+02
3.062786E+02
3.531634E+02
3.062786E+02
4.541205E+02
3.109499E+02
3.062786E+02
7.218355E+02
3.062786E+02
5.603913E+02
3.062786E+02
3.062786E+02
3.062786E+02
7.758312E+02
9.374430E+02
3.062786E+02
2.582639E+02
6.264125E+02
7.590762E+02
8.770905E+02
5.069087E+02
1.355557E+03
1.304324E+03
1.517099E+03
1.563898E+03
1.660868E+03
1.451784E+03
1.669473E+03
1.719279E+03
1.353105E+03
1.404811E+03
1.812601E+03
1.657398E+03
1.347741E+03
1.299726E+03
1.299726E+03
1.608262E+03
1.409225E+03
1.299726E+03
1.252842E+03
1.299726E+03
1.353799E+03
1.400427E+03
1.299726E+03
1.811313E+03
1.299726E+03
1.460069E+03
1.299726E+03
1.299726E+03
1.299726E+03
1.675509E+03
1.928189E+03
1.299726E+03
1.347741E+03
1.617158E+03
1.658754E+03
1.767946E+03
1.406587E+03
7.684855E+02
7.172523E+02
1.336499E+03
9.768266E+02
1.073621E+03
8.647126E+02
1.387206E+03
1.132208E+03
7.660343E+02
8.177394E+02
1.225530E+03
9.714195E+02
7.606699E+02
7.126552E+02
7.126552E+02
9.184175E+02
8.221542E+02
7.126552E+02
6.657704E+02
7.126552E+02
7.667274E+02
8.133558E+02
7.126552E+02
1.224241E+03
7.126552E+02
7.729281E+02
7.126552E+02
7.126552E+02
7.126552E+02
1.088438E+03
1.439849E+03
7.126552E+02
7.606699E+02
1.128818E+03
1.071683E+03
1.379496E+03
8.195157E+02
2.511170E+02
1.998838E+02
9.186666E+02
4.594581E+02
5.613902E+02
2.535745E+02
7.760680E+02
5.210695E+02
1.548961E+02
2.066012E+02
6.143914E+02
3.572863E+02
1.495317E+02
1.015170E+02
1.015170E+02
4.100527E+02
3.047857E+02
1.015170E+02
1.484019E+02
1.015170E+02
2.493589E+02
2.022176E+02
1.015170E+02
6.131033E+02
1.015170E+02
3.556297E+02
1.015170E+02
1.015170E+02
1.015170E+02
5.710697E+02
8.287108E+02
1.015170E+02
1.495317E+02
5.176803E+02
5.543146E+02
7.683583E+02
3.021472E+02
1.496000E+02
9.836681E+01
8.171496E+02
3.579411E+02
4.598732E+02
1.520574E+02
6.745510E+02
4.195525E+02
5.337909E+01
1.050842E+02
5.128743E+02
3.576720E+02
4.801467E+01
0.000000E+00
0.000000E+00
3.085357E+02
2.032687E+02
0.000000E+00
4.688483E+01
0.000000E+00
1.478419E+02
1.007006E+02
0.000000E+00
5.115863E+02
0.000000E+00
2.541127E+02
0.000000E+00
0.000000E+00
0.000000E+00
4.695527E+02
7.271938E+02
0.000000E+00
4.801467E+01
4.161633E+02
4.527976E+02
6.668412E+02
2.006301E+02
2.602133E+02
2.089802E+02
9.277630E+02
4.685545E+02
6.642562E+02
3.564405E+02
8.789340E+02
6.239356E+02
2.577621E+02
3.094673E+02
7.172574E+02
5.620550E+02
2.523977E+02
2.043831E+02
2.043831E+02
5.129187E+02
3.138821E+02
2.043831E+02
1.574982E+02
2.043831E+02
2.584553E+02
3.050837E+02
2.043831E+02
7.159693E+02
2.043831E+02
3.647261E+02
2.043831E+02
2.043831E+02
2.043831E+02
5.801660E+02
9.315768E+02
2.043831E+02
2.523977E+02
6.205463E+02
5.634110E+02
8.712243E+02
3.112435E+02
1.496000E+02
9.836681E+01
8.171496E+02
3.579411E+02
4.598732E+02
1.520574E+02
6.745510E+02
4.195525E+02
5.337909E+01
1.050842E+02
5.128743E+02
3.576720E+02
4.801467E+01
0.000000E+00
0.000000E+00
3.085357E+02
2.032687E+02
0.000000E+00
4.688483E+01
0.000000E+00
1.478419E+02
1.007006E+02
0.000000E+00
5.115863E+02
0.000000E+00
2.541127E+02
0.000000E+00
0.000000E+00
0.000000E+00
4.695527E+02
7.271938E+02
0.000000E+00
4.801467E+01
4.161633E+02
4.527976E+02
6.668412E+02
2.006301E+02
7.712717E+02
7.200386E+02
1.142427E+03
9.796128E+02
1.175315E+03
8.674988E+02
1.389992E+03
1.134994E+03
7.688205E+02
8.205256E+02
1.228316E+03
1.073113E+03
7.634561E+02
7.154414E+02
7.154414E+02
1.023977E+03
8.249404E+02
7.154414E+02
6.685566E+02
7.154414E+02
7.695137E+02
8.161420E+02
7.154414E+02
1.129584E+03
7.154414E+02
8.757845E+02
7.154414E+02
7.154414E+02
7.154414E+02
1.091224E+03
1.442635E+03
7.154414E+02
7.634561E+02
1.131605E+03
9.770254E+02
1.284839E+03
8.223019E+02
3.137843E+02
2.625512E+02
9.813340E+02
5.221254E+02
7.178272E+02
4.100115E+02
9.325050E+02
6.775065E+02
3.113331E+02
3.630382E+02
7.708284E+02
6.156260E+02
3.059687E+02
2.579540E+02
2.579540E+02
5.664897E+02
3.674531E+02
2.579540E+02
2.110692E+02
2.579540E+02
3.120263E+02
3.586547E+02
2.579540E+02
7.695403E+02
2.579540E+02
4.182971E+02
2.579540E+02
2.579540E+02
2.579540E+02
6.337370E+02
9.851478E+02
2.579540E+02
3.059687E+02
6.741173E+02
6.169819E+02
9.247953E+02
3.648145E+02
3.527339E+02
3.015007E+02
1.020284E+03
5.610750E+02
5.669777E+02
2.591620E+02
7.816555E+02
5.266571E+02
2.565130E+02
3.082181E+02
6.199789E+02
4.647765E+02
1.551193E+02
2.031339E+02
2.031339E+02
4.156403E+02
4.064026E+02
2.031339E+02
2.500188E+02
2.031339E+02
3.509758E+02
2.078052E+02
2.031339E+02
6.186908E+02
2.031339E+02
4.572467E+02
2.031339E+02
2.031339E+02
2.031339E+02
6.726866E+02
8.342984E+02
2.031339E+02
1.551193E+02
5.232679E+02
6.559315E+02
7.739458E+02
4.037641E+02
4.548003E+02
4.035671E+02
1.024906E+03
6.631414E+02
6.690441E+02
3.612284E+02
8.837219E+02
6.287235E+02
3.585794E+02
4.102845E+02
6.200213E+02
5.668429E+02
2.571856E+02
3.052003E+02
3.052003E+02
5.177066E+02
5.084690E+02
3.052003E+02
3.520851E+02
3.052003E+02
4.530422E+02
3.098716E+02
3.052003E+02
6.233133E+02
3.052003E+02
5.593130E+02
3.052003E+02
3.052003E+02
3.052003E+02
7.747530E+02
9.363648E+02
3.052003E+02
2.571856E+02
6.253342E+02
6.605540E+02
7.785683E+02
5.058304E+02
1.496000E+02
9.836681E+01
8.171496E+02
3.579411E+02
4.598732E+02
1.520574E+02
6.745510E+02
4.195525E+02
5.337909E+01
1.050842E+02
5.128743E+02
3.576720E+02
4.801467E+01
0.000000E+00
0.000000E+00
3.085357E+02
2.032687E+02
0.000000E+00
4.688483E+01
0.000000E+00
1.478419E+02
1.007006E+02
0.000000E+00
5.115863E+02
0.000000E+00
2.541127E+02
0.000000E+00
0.000000E+00
0.000000E+00
4.695527E+02
7.271938E+02
0.000000E+00
4.801467E+01
4.161633E+02
4.527976E+02
6.668412E+02
2.006301E+02
