3.559989E+02
3.030530E+02
2.993036E+02
5.110916E+02
5.123869E+02
4.632191E+02
4.612246E+02
5.573247E+02
4.108412E+02
4.517963E+02
4.502099E+02
6.704392E+02
5.067332E+02
4.608939E+02
5.046642E+02
6.704254E+02
1.766102E+03
5.021440E+02
6.721915E+02
3.572798E+02
3.583296E+02
5.112238E+02
4.042308E+02
2.993036E+02
7.632993E+02
5.137074E+02
5.139366E+02
2.993036E+02
4.558333E+02
9.769759E+02
4.626768E+02
9.273789E+02
4.122684E+02
6.055822E+02
1.505260E+03
9.181891E+02
4.008206E+02
2.993036E+02
3.062397E+02
2.993036E+02
7.218512E+02
4.634880E+02
4.022462E+02
5.070600E+02
2.993036E+02
0.000000E+00
2.560591E+02
1.504650E+02
4.596969E+02
3.635483E+02
4.118244E+02
3.123860E+02
5.086775E+02
2.620026E+02
3.029577E+02
3.013713E+02
6.190445E+02
2.539090E+02
2.088806E+02
2.526509E+02
6.232670E+02
1.713378E+03
3.533054E+02
5.233529E+02
2.084412E+02
2.094910E+02
3.623851E+02
3.590694E+02
1.504650E+02
6.144607E+02
6.678347E+02
4.669427E+02
1.504650E+02
3.069947E+02
9.255812E+02
4.156829E+02
7.785403E+02
2.634297E+02
4.567436E+02
1.356422E+03
7.693505E+02
2.519820E+02
1.504650E+02
2.610783E+02
1.504650E+02
7.721367E+02
3.146493E+02
3.535989E+02
4.556653E+02
1.504650E+02
2.560591E+02
0.000000E+00
1.993638E+02
5.085957E+02
4.124471E+02
3.592903E+02
3.612848E+02
4.561433E+02
3.109015E+02
3.518566E+02
2.488371E+02
6.679434E+02
4.067934E+02
3.609541E+02
4.047244E+02
6.721659E+02
1.763606E+03
4.022042E+02
5.722517E+02
2.573400E+02
2.583899E+02
4.112840E+02
4.079683E+02
1.993638E+02
6.633595E+02
6.148888E+02
4.139968E+02
1.993638E+02
3.558935E+02
9.744801E+02
3.627370E+02
7.260061E+02
3.123286E+02
5.056424E+02
1.405321E+03
7.168163E+02
3.008808E+02
1.993638E+02
3.099772E+02
1.993638E+02
8.210356E+02
3.635482E+02
4.024977E+02
5.045641E+02
1.993638E+02
1.504650E+02
1.993638E+02
0.000000E+00
4.030016E+02
3.068530E+02
3.551291E+02
2.556907E+02
3.582125E+02
2.053073E+02
1.524927E+02
1.509063E+02
5.623492E+02
3.011993E+02
2.553599E+02
2.053606E+02
5.665717E+02
1.759857E+03
2.028404E+02
4.666576E+02
1.517459E+02
1.527957E+02
3.056898E+02
3.023742E+02
0.000000E+00
4.639957E+02
6.111394E+02
4.102474E+02
0.000000E+00
2.502994E+02
8.688859E+02
3.589876E+02
6.280753E+02
2.067344E+02
3.062786E+02
1.299726E+03
7.126552E+02
1.015170E+02
0.000000E+00
2.043831E+02
0.000000E+00
7.154414E+02
2.579540E+02
2.031339E+02
3.052003E+02
0.000000E+00
4.596969E+02
5.085957E+02
4.030016E+02
0.000000E+00
6.160849E+02
5.669171E+02
5.649226E+02
7.612141E+02
5.145392E+02
5.554943E+02
5.539079E+02
7.741372E+02
6.104312E+02
5.645918E+02
6.083622E+02
8.758036E+02
1.871069E+03
6.058420E+02
7.758895E+02
4.609778E+02
4.620276E+02
6.149217E+02
5.122912E+02
4.030016E+02
8.669973E+02
8.229274E+02
7.194793E+02
4.030016E+02
5.595313E+02
1.080674E+03
6.682195E+02
1.031077E+03
5.159663E+02
7.092802E+02
1.608958E+03
1.021887E+03
5.045186E+02
4.030016E+02
5.136150E+02
4.030016E+02
9.272294E+02
5.671859E+02
6.061355E+02
6.107580E+02
4.030016E+02
3.635483E+02
4.124471E+02
3.068530E+02
6.160849E+02
0.000000E+00
5.682124E+02
4.687740E+02
6.650655E+02
4.183906E+02
4.593457E+02
4.577593E+02
7.754325E+02
5.142826E+02
4.684432E+02
5.122136E+02
7.796550E+02
1.873526E+03
5.096934E+02
6.797409E+02
3.648292E+02
3.658790E+02
3.136226E+02
5.154575E+02
3.068530E+02
7.708487E+02
8.242227E+02
6.233307E+02
3.068530E+02
4.633827E+02
9.825552E+02
5.720709E+02
9.349283E+02
4.198177E+02
5.137175E+02
1.413396E+03
9.257385E+02
4.083700E+02
3.068530E+02
4.174664E+02
3.068530E+02
7.233742E+02
4.710373E+02
5.099869E+02
6.120533E+02
3.068530E+02
4.118244E+02
3.592903E+02
3.551291E+02
5.669171E+02
5.682124E+02
0.000000E+00
5.170501E+02
6.119086E+02
4.666668E+02
5.076219E+02
3.002522E+02
7.262648E+02
5.625588E+02
5.167194E+02
5.604898E+02
8.279312E+02
1.823452E+03
5.579695E+02
7.280171E+02
4.131054E+02
4.141552E+02
5.670493E+02
5.637336E+02
3.551291E+02
8.191248E+02
7.750550E+02
6.716068E+02
3.551291E+02
5.116588E+02
9.284512E+02
6.203470E+02
8.817714E+02
4.680939E+02
6.614077E+02
1.454903E+03
8.725817E+02
4.566462E+02
3.551291E+02
4.657425E+02
3.551291E+02
7.790365E+02
5.193135E+02
5.582631E+02
5.628855E+02
3.551291E+02
3.123860E+02
3.612848E+02
2.556907E+02
5.649226E+02
4.687740E+02
5.170501E+02
0.000000E+00
6.139032E+02
3.672283E+02
4.081834E+02
4.065970E+02
7.242702E+02
4.631203E+02
4.172809E+02
4.610513E+02
7.284927E+02
1.921778E+03
4.585311E+02
6.285786E+02
3.136669E+02
3.147167E+02
4.676108E+02
4.642952E+02
2.556907E+02
7.196864E+02
7.730604E+02
5.721684E+02
2.556907E+02
4.122204E+02
1.030807E+03
5.209086E+02
8.837660E+02
3.686554E+02
5.619693E+02
1.355911E+03
7.756421E+02
3.572077E+02
2.556907E+02
3.663041E+02
2.556907E+02
8.773624E+02
4.198750E+02
4.588246E+02
5.608910E+02
2.556907E+02
5.086775E+02
4.561433E+02
3.582125E+02
7.612141E+02
6.650655E+02
6.119086E+02
6.139032E+02
0.000000E+00
5.635198E+02
4.146759E+02
3.116565E+02
9.205617E+02
6.594118E+02
6.135724E+02
5.635731E+02
9.247842E+02
2.118070E+03
4.650235E+02
8.248701E+02
5.099584E+02
5.110082E+02
6.639023E+02
6.605867E+02
3.582125E+02
7.261789E+02
9.693519E+02
7.684599E+02
3.582125E+02
6.085119E+02
1.227098E+03
7.172001E+02
7.888255E+02
5.649469E+02
5.684617E+02
1.657939E+03
9.694347E+02
4.597295E+02
3.582125E+02
5.625956E+02
3.582125E+02
1.073654E+03
6.161665E+02
3.651257E+02
5.673835E+02
3.582125E+02
2.620026E+02
3.109015E+02
2.053073E+02
5.145392E+02
4.183906E+02
4.666668E+02
3.672283E+02
5.635198E+02
0.000000E+00
3.578001E+02
3.562136E+02
6.738869E+02
4.127369E+02
3.668976E+02
4.106679E+02
6.781094E+02
1.871395E+03
4.081477E+02
5.781952E+02
2.632835E+02
2.643334E+02
4.172275E+02
4.139118E+02
2.053073E+02
6.693030E+02
7.226771E+02
5.217850E+02
2.053073E+02
3.618370E+02
9.804236E+02
4.705252E+02
8.333826E+02
3.182721E+02
5.115859E+02
1.411264E+03
8.241928E+02
3.068243E+02
2.053073E+02
3.159207E+02
2.053073E+02
8.269791E+02
3.694917E+02
4.084412E+02
5.105076E+02
2.053073E+02
3.029577E+02
3.518566E+02
1.524927E+02
5.554943E+02
4.593457E+02
5.076219E+02
4.081834E+02
4.146759E+02
3.578001E+02
0.000000E+00
2.073697E+02
7.148420E+02
4.536920E+02
4.078527E+02
3.578534E+02
7.190645E+02
1.912350E+03
2.593038E+02
6.191503E+02
3.042386E+02
3.052885E+02
4.581826E+02
4.548669E+02
1.524927E+02
5.204591E+02
7.636322E+02
5.627401E+02
1.524927E+02
4.027921E+02
1.021379E+03
5.114803E+02
6.845387E+02
3.592272E+02
3.627420E+02
1.452219E+03
8.651479E+02
2.540098E+02
1.524927E+02
3.568758E+02
1.524927E+02
8.679342E+02
4.104468E+02
2.595973E+02
2.588904E+02
1.524927E+02
3.013713E+02
2.488371E+02
1.509063E+02
5.539079E+02
4.577593E+02
3.002522E+02
4.065970E+02
3.116565E+02
3.562136E+02
2.073697E+02
0.000000E+00
7.132555E+02
4.521056E+02
4.062662E+02
3.562669E+02
7.174780E+02
1.910763E+03
2.577173E+02
6.175639E+02
3.026522E+02
3.037020E+02
4.565961E+02
4.532804E+02
1.509063E+02
5.188726E+02
7.620457E+02
5.611537E+02
1.509063E+02
4.012057E+02
9.154420E+02
5.098939E+02
5.815192E+02
3.576407E+02
3.611555E+02
1.450633E+03
7.621285E+02
2.524233E+02
1.509063E+02
3.552893E+02
1.509063E+02
8.663477E+02
4.088603E+02
2.580109E+02
3.600773E+02
1.509063E+02
6.190445E+02
6.679434E+02
5.623492E+02
7.741372E+02
7.754325E+02
7.262648E+02
7.242702E+02
9.205617E+02
6.738869E+02
7.148420E+02
7.132555E+02
0.000000E+00
6.710474E+02
7.239395E+02
7.677098E+02
1.035151E+03
2.032261E+03
7.651896E+02
9.352372E+02
6.203255E+02
6.213753E+02
6.692058E+02
7.709537E+02
5.623492E+02
1.026345E+03
8.835436E+02
8.788269E+02
5.623492E+02
6.201475E+02
1.141290E+03
8.275671E+02
1.190425E+03
6.753140E+02
8.686278E+02
1.669574E+03
1.181235E+03
6.638663E+02
5.623492E+02
6.729626E+02
5.623492E+02
1.086577E+03
7.265336E+02
7.654832E+02
7.701056E+02
5.623492E+02
2.539090E+02
4.067934E+02
3.011993E+02
6.104312E+02
5.142826E+02
5.625588E+02
4.631203E+02
6.594118E+02
4.127369E+02
4.536920E+02
4.521056E+02
6.710474E+02
0.000000E+00
3.619550E+02
5.065599E+02
7.740014E+02
1.868555E+03
5.040397E+02
6.740872E+02
3.591755E+02
3.602253E+02
5.131194E+02
5.098038E+02
3.011993E+02
7.651950E+02
7.198376E+02
6.176770E+02
3.011993E+02
3.589976E+02
9.775841E+02
5.664172E+02
9.292746E+02
4.141640E+02
6.074779E+02
1.408425E+03
8.182964E+02
4.027163E+02
3.011993E+02
4.118127E+02
3.011993E+02
9.228710E+02
4.653837E+02
4.010442E+02
6.063996E+02
3.011993E+02
2.088806E+02
3.609541E+02
2.553599E+02
5.645918E+02
4.684432E+02
5.167194E+02
4.172809E+02
6.135724E+02
3.668976E+02
4.078527E+02
4.062662E+02
7.239395E+02
3.619550E+02
0.000000E+00
3.575459E+02
7.281620E+02
1.818273E+03
4.582003E+02
6.282479E+02
3.133362E+02
3.143860E+02
4.672801E+02
4.639644E+02
2.553599E+02
7.193556E+02
7.727297E+02
5.718376E+02
2.553599E+02
4.118896E+02
1.030476E+03
5.205778E+02
8.834352E+02
3.683247E+02
5.616385E+02
1.461317E+03
8.742455E+02
3.568770E+02
2.553599E+02
3.659733E+02
2.553599E+02
8.770317E+02
4.195443E+02
4.584939E+02
5.605602E+02
2.553599E+02
2.526509E+02
4.047244E+02
2.053606E+02
6.083622E+02
5.122136E+02
5.604898E+02
4.610513E+02
5.635731E+02
4.106679E+02
3.578534E+02
3.562669E+02
7.677098E+02
5.065599E+02
3.575459E+02
0.000000E+00
7.719324E+02
1.862043E+03
4.082010E+02
6.720182E+02
3.571065E+02
3.581563E+02
5.110504E+02
5.077348E+02
2.053606E+02
6.693563E+02
8.165000E+02
6.156080E+02
2.053606E+02
4.556600E+02
1.074247E+03
5.643482E+02
8.334359E+02
4.120950E+02
5.116392E+02
1.505087E+03
9.180158E+02
3.068776E+02
2.053606E+02
4.097437E+02
2.053606E+02
9.208020E+02
4.633147E+02
4.084946E+02
5.105609E+02
2.053606E+02
6.232670E+02
6.721659E+02
5.665717E+02
8.758036E+02
7.796550E+02
8.279312E+02
7.284927E+02
9.247842E+02
6.781094E+02
7.190645E+02
7.174780E+02
1.035151E+03
7.740014E+02
7.281620E+02
7.719324E+02
0.000000E+00
2.232659E+03
7.694121E+02
8.337231E+02
6.245480E+02
6.255978E+02
7.784919E+02
7.751762E+02
5.665717E+02
1.030567E+03
1.083941E+03
8.830494E+02
5.665717E+02
7.231014E+02
1.341688E+03
7.300013E+02
1.194647E+03
6.795365E+02
8.728503E+02
1.772528E+03
1.185457E+03
6.680888E+02
5.665717E+02
6.771851E+02
5.665717E+02
1.086563E+03
7.307561E+02
7.697057E+02
8.717720E+02
5.665717E+02
1.713378E+03
1.763606E+03
1.759857E+03
1.871069E+03
1.873526E+03
1.823452E+03
1.921778E+03
2.118070E+03
1.871395E+03
1.912350E+03
1.910763E+03
2.032261E+03
1.868555E+03
1.818273E+03
1.862043E+03
2.232659E+03
0.000000E+00
1.962697E+03
2.132745E+03
1.817833E+03
1.818883E+03
1.872363E+03
1.968461E+03
1.759857E+03
2.223853E+03
1.775511E+03
1.974490E+03
1.759857E+03
1.817655E+03
2.036437E+03
1.923230E+03
2.387932E+03
1.872822E+03
1.864988E+03
2.664494E+03
2.279206E+03
1.861374E+03
1.759857E+03
1.870470E+03
1.759857E+03
1.984814E+03
1.924041E+03
1.962991E+03
1.967613E+03
1.759857E+03
3.533054E+02
4.022042E+02
2.028404E+02
6.058420E+02
5.096934E+02
5.579695E+02
4.585311E+02
4.650235E+02
4.081477E+02
2.593038E+02
2.577173E+02
7.651896E+02
5.040397E+02
4.582003E+02
4.082010E+02
7.694121E+02
1.962697E+03
0.000000E+00
5.674740E+02
3.545863E+02
3.556361E+02
5.085302E+02
5.052145E+02
2.028404E+02
3.679135E+02
8.139798E+02
6.130878E+02
2.028404E+02
4.531398E+02
1.071726E+03
4.598040E+02
7.348863E+02
4.095748E+02
4.130896E+02
1.502567E+03
9.154956E+02
3.043574E+02
2.028404E+02
4.072234E+02
2.028404E+02
9.182818E+02
4.607944E+02
3.099450E+02
3.099874E+02
2.028404E+02
5.233529E+02
5.722517E+02
4.666576E+02
7.758895E+02
6.797409E+02
7.280171E+02
6.285786E+02
8.248701E+02
5.781952E+02
6.191503E+02
6.175639E+02
9.352372E+02
6.740872E+02
6.282479E+02
6.720182E+02
8.337231E+02
2.132745E+03
5.674740E+02
0.000000E+00
5.246338E+02
5.256836E+02
6.785777E+02
6.752621E+02
4.666576E+02
8.286294E+02
9.840273E+02
7.831353E+02
4.666576E+02
6.231873E+02
1.241774E+03
6.298516E+02
1.094733E+03
5.796224E+02
7.729362E+02
1.566431E+03
1.085543E+03
5.681746E+02
4.666576E+02
5.772710E+02
4.666576E+02
1.088329E+03
6.308420E+02
6.697915E+02
6.698340E+02
4.666576E+02
2.084412E+02
2.573400E+02
1.517459E+02
4.609778E+02
3.648292E+02
4.131054E+02
3.136669E+02
5.099584E+02
2.632835E+02
3.042386E+02
3.026522E+02
6.203255E+02
3.591755E+02
3.133362E+02
3.571065E+02
6.245480E+02
1.817833E+03
3.545863E+02
5.246338E+02
0.000000E+00
1.040138E+02
3.636661E+02
3.603504E+02
1.517459E+02
6.157416E+02
6.691156E+02
4.682236E+02
1.517459E+02
3.082756E+02
9.268621E+02
4.169638E+02
7.798212E+02
2.647107E+02
4.580245E+02
1.357703E+03
7.706314E+02
2.532629E+02
1.517459E+02
2.623593E+02
1.517459E+02
7.734176E+02
3.159303E+02
3.548798E+02
4.569462E+02
1.517459E+02
2.094910E+02
2.583899E+02
1.527957E+02
4.620276E+02
3.658790E+02
4.141552E+02
3.147167E+02
5.110082E+02
2.643334E+02
3.052885E+02
3.037020E+02
6.213753E+02
3.602253E+02
3.143860E+02
3.581563E+02
6.255978E+02
1.818883E+03
3.556361E+02
5.256836E+02
1.040138E+02
0.000000E+00
3.647159E+02
3.614002E+02
1.527957E+02
6.167914E+02
6.701655E+02
4.692734E+02
1.527957E+02
3.093254E+02
9.279120E+02
4.180136E+02
7.808710E+02
2.657605E+02
4.590743E+02
1.358752E+03
7.716812E+02
2.543127E+02
1.527957E+02
2.634091E+02
1.527957E+02
7.744675E+02
3.169801E+02
3.559297E+02
4.579960E+02
1.527957E+02
3.623851E+02
4.112840E+02
3.056898E+02
6.149217E+02
3.136226E+02
5.670493E+02
4.676108E+02
6.639023E+02
4.172275E+02
4.581826E+02
4.565961E+02
6.692058E+02
5.131194E+02
4.672801E+02
5.110504E+02
7.784919E+02
1.872363E+03
5.085302E+02
6.785777E+02
3.636661E+02
3.647159E+02
0.000000E+00
5.142943E+02
3.056898E+02
7.696855E+02
8.230596E+02
6.221675E+02
3.056898E+02
4.622195E+02
8.787927E+02
5.709077E+02
9.337651E+02
4.186546E+02
5.125544E+02
1.412232E+03
9.245754E+02
4.072068E+02
3.056898E+02
4.163032E+02
3.056898E+02
6.196117E+02
4.698742E+02
5.088238E+02
6.108901E+02
3.056898E+02
3.590694E+02
4.079683E+02
3.023742E+02
5.122912E+02
5.154575E+02
5.637336E+02
4.642952E+02
6.605867E+02
4.139118E+02
4.548669E+02
4.532804E+02
7.709537E+02
5.098038E+02
4.639644E+02
5.077348E+02
7.751762E+02
1.968461E+03
5.052145E+02
6.752621E+02
3.603504E+02
3.614002E+02
5.142943E+02
0.000000E+00
3.023742E+02
7.663698E+02
7.160666E+02
6.188519E+02
3.023742E+02
3.588337E+02
1.077490E+03
5.675921E+02
9.304495E+02
4.153389E+02
6.086527E+02
1.508331E+03
8.211896E+02
4.038912E+02
3.023742E+02
3.093102E+02
3.023742E+02
9.240459E+02
4.665585E+02
5.055081E+02
6.075745E+02
3.023742E+02
1.504650E+02
1.993638E+02
0.000000E+00
4.030016E+02
3.068530E+02
3.551291E+02
2.556907E+02
3.582125E+02
2.053073E+02
1.524927E+02
1.509063E+02
5.623492E+02
3.011993E+02
2.553599E+02
2.053606E+02
5.665717E+02
1.759857E+03
2.028404E+02
4.666576E+02
1.517459E+02
1.527957E+02
3.056898E+02
3.023742E+02
0.000000E+00
4.639957E+02
6.111394E+02
4.102474E+02
0.000000E+00
2.502994E+02
8.688859E+02
3.589876E+02
6.280753E+02
2.067344E+02
3.062786E+02
1.299726E+03
7.126552E+02
1.015170E+02
0.000000E+00
2.043831E+02
0.000000E+00
7.154414E+02
2.579540E+02
2.031339E+02
3.052003E+02
0.000000E+00
6.144607E+02
6.633595E+02
4.639957E+02
8.669973E+02
7.708487E+02
8.191248E+02
7.196864E+02
7.261789E+02
6.693030E+02
5.204591E+02
5.188726E+02
1.026345E+03
7.651950E+02
7.193556E+02
6.693563E+02
1.030567E+03
2.223853E+03
3.679135E+02
8.286294E+02
6.157416E+02
6.167914E+02
7.696855E+02
7.663698E+02
4.639957E+02
0.000000E+00
1.075135E+03
8.742431E+02
4.639957E+02
7.142951E+02
1.332882E+03
7.209593E+02
9.960416E+02
6.707301E+02
6.742449E+02
1.763722E+03
1.176651E+03
5.655127E+02
4.639957E+02
6.683787E+02
4.639957E+02
1.179437E+03
7.219497E+02
5.711003E+02
5.711427E+02
4.639957E+02
6.678347E+02
6.148888E+02
6.111394E+02
8.229274E+02
8.242227E+02
7.750550E+02
7.730604E+02
9.693519E+02
7.226771E+02
7.636322E+02
7.620457E+02
8.835436E+02
7.198376E+02
7.727297E+02
8.165000E+02
1.083941E+03
1.775511E+03
8.139798E+02
9.840273E+02
6.691156E+02
6.701655E+02
8.230596E+02
7.160666E+02
6.111394E+02
1.075135E+03
0.000000E+00
8.257724E+02
6.111394E+02
6.689377E+02
1.190080E+03
7.745126E+02
1.239215E+03
7.241042E+02
8.156844E+02
1.718365E+03
1.230025E+03
7.126564E+02
6.111394E+02
6.180755E+02
6.111394E+02
1.135367E+03
7.753238E+02
8.142734E+02
8.188958E+02
6.111394E+02
4.669427E+02
4.139968E+02
4.102474E+02
7.194793E+02
6.233307E+02
6.716068E+02
5.721684E+02
7.684599E+02
5.217850E+02
5.627401E+02
5.611537E+02
8.788269E+02
6.176770E+02
5.718376E+02
6.156080E+02
8.830494E+02
1.974490E+03
6.130878E+02
7.831353E+02
4.682236E+02
4.692734E+02
6.221675E+02
6.188519E+02
4.102474E+02
8.742431E+02
8.257724E+02
0.000000E+00
4.102474E+02
5.667771E+02
1.185364E+03
5.736206E+02
1.038323E+03
5.232121E+02
7.165260E+02
1.616204E+03
1.029133E+03
4.106330E+02
4.102474E+02
5.208608E+02
4.102474E+02
1.031919E+03
5.744317E+02
6.133813E+02
7.154477E+02
4.102474E+02
1.504650E+02
1.993638E+02
0.000000E+00
4.030016E+02
3.068530E+02
3.551291E+02
2.556907E+02
3.582125E+02
2.053073E+02
1.524927E+02
1.509063E+02
5.623492E+02
3.011993E+02
2.553599E+02
2.053606E+02
5.665717E+02
1.759857E+03
2.028404E+02
4.666576E+02
1.517459E+02
1.527957E+02
3.056898E+02
3.023742E+02
0.000000E+00
4.639957E+02
6.111394E+02
4.102474E+02
0.000000E+00
2.502994E+02
8.688859E+02
3.589876E+02
6.280753E+02
2.067344E+02
3.062786E+02
1.299726E+03
7.126552E+02
1.015170E+02
0.000000E+00
2.043831E+02
0.000000E+00
7.154414E+02
2.579540E+02
2.031339E+02
3.052003E+02
0.000000E+00
3.069947E+02
3.558935E+02
2.502994E+02
5.595313E+02
4.633827E+02
5.116588E+02
4.122204E+02
6.085119E+02
3.618370E+02
4.027921E+02
4.012057E+02
6.201475E+02
3.589976E+02
4.118896E+02
4.556600E+02
7.231014E+02
1.817655E+03
4.531398E+02
6.231873E+02
3.082756E+02
3.093254E+02
4.622195E+02
3.588337E+02
2.502994E+02
7.142951E+02
6.689377E+02
5.667771E+02
2.502994E+02
0.000000E+00
8.223339E+02
5.155173E+02
8.783747E+02
3.632641E+02
5.565780E+02
1.357525E+03
7.691148E+02
3.518164E+02
2.502994E+02
3.609128E+02
2.502994E+02
8.719711E+02
4.144837E+02
4.534333E+02
5.554997E+02
2.502994E+02
9.255812E+02
9.744801E+02
8.688859E+02
1.080674E+03
9.825552E+02
9.284512E+02
1.030807E+03
1.227098E+03
9.804236E+02
1.021379E+03
9.154420E+02
1.141290E+03
9.775841E+02
1.030476E+03
1.074247E+03
1.341688E+03
2.036437E+03
1.071726E+03
1.241774E+03
9.268621E+02
9.279120E+02
8.787927E+02
1.077490E+03
8.688859E+02
1.332882E+03
1.190080E+03
1.185364E+03
8.688859E+02
8.223339E+02
0.000000E+00
1.134104E+03
1.496961E+03
9.818507E+02
1.075750E+03
1.776807E+03
1.289327E+03
9.704029E+02
8.688859E+02
9.794993E+02
8.688859E+02
1.091564E+03
1.033070E+03
1.072020E+03
1.076642E+03
8.688859E+02
4.156829E+02
3.627370E+02
3.589876E+02
6.682195E+02
5.720709E+02
6.203470E+02
5.209086E+02
7.172001E+02
4.705252E+02
5.114803E+02
5.098939E+02
8.275671E+02
5.664172E+02
5.205778E+02
5.643482E+02
7.300013E+02
1.923230E+03
4.598040E+02
6.298516E+02
4.169638E+02
4.180136E+02
5.709077E+02
5.675921E+02
3.589876E+02
7.209593E+02
7.745126E+02
5.736206E+02
3.589876E+02
5.155173E+02
1.134104E+03
0.000000E+00
9.870629E+02
4.719523E+02
6.652662E+02
1.564944E+03
9.778731E+02
4.605046E+02
3.589876E+02
4.696010E+02
3.589876E+02
9.806593E+02
5.231719E+02
5.621215E+02
5.621639E+02
3.589876E+02
7.785403E+02
7.260061E+02
6.280753E+02
1.031077E+03
9.349283E+02
8.817714E+02
8.837660E+02
7.888255E+02
8.333826E+02
6.845387E+02
5.815192E+02
1.190425E+03
9.292746E+02
8.834352E+02
8.334359E+02
1.194647E+03
2.387932E+03
7.348863E+02
1.094733E+03
7.798212E+02
7.808710E+02
9.337651E+02
9.304495E+02
6.280753E+02
9.960416E+02
1.239215E+03
1.038323E+03
6.280753E+02
8.783747E+02
1.496961E+03
9.870629E+02
0.000000E+00
8.348097E+02
8.383245E+02
1.927802E+03
1.239297E+03
7.295923E+02
6.280753E+02
8.324584E+02
6.280753E+02
1.343517E+03
8.860293E+02
7.351799E+02
8.372463E+02
6.280753E+02
2.634297E+02
3.123286E+02
2.067344E+02
5.159663E+02
4.198177E+02
4.680939E+02
3.686554E+02
5.649469E+02
3.182721E+02
3.592272E+02
3.576407E+02
6.753140E+02
4.141640E+02
3.683247E+02
4.120950E+02
6.795365E+02
1.872822E+03
4.095748E+02
5.796224E+02
2.647107E+02
2.657605E+02
4.186546E+02
4.153389E+02
2.067344E+02
6.707301E+02
7.241042E+02
5.232121E+02
2.067344E+02
3.632641E+02
9.818507E+02
4.719523E+02
8.348097E+02
0.000000E+00
5.130130E+02
1.412691E+03
8.256200E+02
3.082515E+02
2.067344E+02
3.173478E+02
2.067344E+02
8.284062E+02
3.709188E+02
4.098684E+02
5.119347E+02
2.067344E+02
4.567436E+02
5.056424E+02
3.062786E+02
7.092802E+02
5.137175E+02
6.614077E+02
5.619693E+02
5.684617E+02
5.115859E+02
3.627420E+02
3.611555E+02
8.686278E+02
6.074779E+02
5.616385E+02
5.116392E+02
8.728503E+02
1.864988E+03
4.130896E+02
7.729362E+02
4.580245E+02
4.590743E+02
5.125544E+02
6.086527E+02
3.062786E+02
6.742449E+02
8.156844E+02
7.165260E+02
3.062786E+02
5.565780E+02
1.075750E+03
6.652662E+02
8.383245E+02
5.130130E+02
0.000000E+00
1.506591E+03
1.018934E+03
4.077956E+02
3.062786E+02
5.106616E+02
3.062786E+02
9.223060E+02
5.642326E+02
4.133832E+02
5.154495E+02
3.062786E+02
1.356422E+03
1.405321E+03
1.299726E+03
1.608958E+03
1.413396E+03
1.454903E+03
1.355911E+03
1.657939E+03
1.411264E+03
1.452219E+03
1.450633E+03
1.669574E+03
1.408425E+03
1.461317E+03
1.505087E+03
1.772528E+03
2.664494E+03
1.502567E+03
1.566431E+03
1.357703E+03
1.358752E+03
1.412232E+03
1.508331E+03
1.299726E+03
1.763722E+03
1.718365E+03
1.616204E+03
1.299726E+03
1.357525E+03
1.776807E+03
1.564944E+03
1.927802E+03
1.412691E+03
1.506591E+03
0.000000E+00
1.918612E+03
1.401243E+03
1.299726E+03
1.410340E+03
1.299726E+03
1.821984E+03
1.463911E+03
1.502860E+03
1.604927E+03
1.299726E+03
7.693505E+02
7.168163E+02
7.126552E+02
1.021887E+03
9.257385E+02
8.725817E+02
7.756421E+02
9.694347E+02
8.241928E+02
8.651479E+02
7.621285E+02
1.181235E+03
8.182964E+02
8.742455E+02
9.180158E+02
1.185457E+03
2.279206E+03
9.154956E+02
1.085543E+03
7.706314E+02
7.716812E+02
9.245754E+02
8.211896E+02
7.126552E+02
1.176651E+03
1.230025E+03
1.029133E+03
7.126552E+02
7.691148E+02
1.289327E+03
9.778731E+02
1.239297E+03
8.256200E+02
1.018934E+03
1.918612E+03
0.000000E+00
8.141722E+02
7.126552E+02
8.232686E+02
7.126552E+02
1.234791E+03
8.768396E+02
9.157891E+02
1.017855E+03
7.126552E+02
2.519820E+02
3.008808E+02
1.015170E+02
5.045186E+02
4.083700E+02
4.566462E+02
3.572077E+02
4.597295E+02
3.068243E+02
2.540098E+02
2.524233E+02
6.638663E+02
4.027163E+02
3.568770E+02
3.068776E+02
6.680888E+02
1.861374E+03
3.043574E+02
5.681746E+02
2.532629E+02
2.543127E+02
4.072068E+02
4.038912E+02
1.015170E+02
5.655127E+02
7.126564E+02
4.106330E+02
1.015170E+02
3.518164E+02
9.704029E+02
4.605046E+02
7.295923E+02
3.082515E+02
4.077956E+02
1.401243E+03
8.141722E+02
0.000000E+00
1.015170E+02
3.059001E+02
1.015170E+02
8.169584E+02
3.594711E+02
3.046510E+02
4.067173E+02
1.015170E+02
1.504650E+02
1.993638E+02
0.000000E+00
4.030016E+02
3.068530E+02
3.551291E+02
2.556907E+02
3.582125E+02
2.053073E+02
1.524927E+02
1.509063E+02
5.623492E+02
3.011993E+02
2.553599E+02
2.053606E+02
5.665717E+02
1.759857E+03
2.028404E+02
4.666576E+02
1.517459E+02
1.527957E+02
3.056898E+02
3.023742E+02
0.000000E+00
4.639957E+02
6.111394E+02
4.102474E+02
0.000000E+00
2.502994E+02
8.688859E+02
3.589876E+02
6.280753E+02
2.067344E+02
3.062786E+02
1.299726E+03
7.126552E+02
1.015170E+02
0.000000E+00
2.043831E+02
0.000000E+00
7.154414E+02
2.579540E+02
2.031339E+02
3.052003E+02
0.000000E+00
2.610783E+02
3.099772E+02
2.043831E+02
5.136150E+02
4.174664E+02
4.657425E+02
3.663041E+02
5.625956E+02
3.159207E+02
3.568758E+02
3.552893E+02
6.729626E+02
4.118127E+02
3.659733E+02
4.097437E+02
6.771851E+02
1.870470E+03
4.072234E+02
5.772710E+02
2.623593E+02
2.634091E+02
4.163032E+02
3.093102E+02
2.043831E+02
6.683787E+02
6.180755E+02
5.208608E+02
2.043831E+02
3.609128E+02
9.794993E+02
4.696010E+02
8.324584E+02
3.173478E+02
5.106616E+02
1.410340E+03
8.232686E+02
3.059001E+02
2.043831E+02
0.000000E+00
2.043831E+02
8.260548E+02
3.685674E+02
4.075170E+02
5.095834E+02
2.043831E+02
1.504650E+02
1.993638E+02
0.000000E+00
4.030016E+02
3.068530E+02
3.551291E+02
2.556907E+02
3.582125E+02
2.053073E+02
1.524927E+02
1.509063E+02
5.623492E+02
3.011993E+02
2.553599E+02
2.053606E+02
5.665717E+02
1.759857E+03
2.028404E+02
4.666576E+02
1.517459E+02
1.527957E+02
3.056898E+02
3.023742E+02
0.000000E+00
4.639957E+02
6.111394E+02
4.102474E+02
0.000000E+00
2.502994E+02
8.688859E+02
3.589876E+02
6.280753E+02
2.067344E+02
3.062786E+02
1.299726E+03
7.126552E+02
1.015170E+02
0.000000E+00
2.043831E+02
0.000000E+00
7.154414E+02
2.579540E+02
2.031339E+02
3.052003E+02
0.000000E+00
7.721367E+02
8.210356E+02
7.154414E+02
9.272294E+02
7.233742E+02
7.790365E+02
8.773624E+02
1.073654E+03
8.269791E+02
8.679342E+02
8.663477E+02
1.086577E+03
9.228710E+02
8.770317E+02
9.208020E+02
1.086563E+03
1.984814E+03
9.182818E+02
1.088329E+03
7.734176E+02
7.744675E+02
6.196117E+02
9.240459E+02
7.154414E+02
1.179437E+03
1.135367E+03
1.031919E+03
7.154414E+02
8.719711E+02
1.091564E+03
9.806593E+02
1.343517E+03
8.284062E+02
9.223060E+02
1.821984E+03
1.234791E+03
8.169584E+02
7.154414E+02
8.260548E+02
7.154414E+02
0.000000E+00
8.796258E+02
9.185754E+02
9.231978E+02
7.154414E+02
3.146493E+02
3.635482E+02
2.579540E+02
5.671859E+02
4.710373E+02
5.193135E+02
4.198750E+02
6.161665E+02
3.694917E+02
4.104468E+02
4.088603E+02
7.265336E+02
4.653837E+02
4.195443E+02
4.633147E+02
7.307561E+02
1.924041E+03
4.607944E+02
6.308420E+02
3.159303E+02
3.169801E+02
4.698742E+02
4.665585E+02
2.579540E+02
7.219497E+02
7.753238E+02
5.744317E+02
2.579540E+02
4.144837E+02
1.033070E+03
5.231719E+02
8.860293E+02
3.709188E+02
5.642326E+02
1.463911E+03
8.768396E+02
3.594711E+02
2.579540E+02
3.685674E+02
2.579540E+02
8.796258E+02
0.000000E+00
4.610880E+02
5.631543E+02
2.579540E+02
3.535989E+02
4.024977E+02
2.031339E+02
6.061355E+02
5.099869E+02
5.582631E+02
4.588246E+02
3.651257E+02
4.084412E+02
2.595973E+02
2.580109E+02
7.654832E+02
4.010442E+02
4.584939E+02
4.084946E+02
7.697057E+02
1.962991E+03
3.099450E+02
6.697915E+02
3.548798E+02
3.559297E+02
5.088238E+02
5.055081E+02
2.031339E+02
5.711003E+02
8.142734E+02
6.133813E+02
2.031339E+02
4.534333E+02
1.072020E+03
5.621215E+02
7.351799E+02
4.098684E+02
4.133832E+02
1.502860E+03
9.157891E+02
3.046510E+02
2.031339E+02
4.075170E+02
2.031339E+02
9.185754E+02
4.610880E+02
0.000000E+00
4.123049E+02
2.031339E+02
4.556653E+02
5.045641E+02
3.052003E+02
6.107580E+02
6.120533E+02
5.628855E+02
5.608910E+02
5.673835E+02
5.105076E+02
2.588904E+02
3.600773E+02
7.701056E+02
6.063996E+02
5.605602E+02
5.105609E+02
8.717720E+02
1.967613E+03
3.099874E+02
6.698340E+02
4.569462E+02
4.579960E+02
6.108901E+02
6.075745E+02
3.052003E+02
5.711427E+02
8.188958E+02
7.154477E+02
3.052003E+02
5.554997E+02
1.076642E+03
5.621639E+02
8.372463E+02
5.119347E+02
5.154495E+02
1.604927E+03
1.017855E+03
4.067173E+02
3.052003E+02
5.095834E+02
3.052003E+02
9.231978E+02
5.631543E+02
4.123049E+02
0.000000E+00
3.052003E+02
1.504650E+02
1.993638E+02
0.000000E+00
4.030016E+02
3.068530E+02
3.551291E+02
2.556907E+02
3.582125E+02
2.053073E+02
1.524927E+02
1.509063E+02
5.623492E+02
3.011993E+02
2.553599E+02
2.053606E+02
5.665717E+02
1.759857E+03
2.028404E+02
4.666576E+02
1.517459E+02
1.527957E+02
3.056898E+02
3.023742E+02
0.000000E+00
4.639957E+02
6.111394E+02
4.102474E+02
0.000000E+00
2.502994E+02
8.688859E+02
3.589876E+02
6.280753E+02
2.067344E+02
3.062786E+02
1.299726E+03
7.126552E+02
1.015170E+02
0.000000E+00
2.043831E+02
0.000000E+00
7.154414E+02
2.579540E+02
2.031339E+02
3.052003E+02
0.000000E+00
