3.025512E+02
4.001893E+02
2.021100E+02
3.014526E+02
2.014169E+02
3.522586E+02
4.500343E+02
3.011525E+02
3.516032E+02
4.498613E+02
5.513619E+02
2.953309E+02
2.026208E+02
3.037552E+02
2.521176E+02
2.522072E+02
1.009112E+02
1.517660E+02
1.517660E+02
1.474485E+02
2.522717E+02
2.955132E+02
3.030212E+02
4.006291E+02
3.030620E+02
1.009112E+02
2.967172E+02
4.523602E+02
4.977331E+02
1.009112E+02
1.474485E+02
2.023332E+02
1.510729E+02
1.507852E+02
3.014320E+02
4.549334E+02
4.049948E+02
4.009287E+02
1.506674E+02
2.021100E+02
4.993307E+02
1.009112E+02
2.993669E+02
4.019991E+02
2.993525E+02
1.009112E+02
3.516143E+02
3.540992E+02
1.965688E+02
1.997367E+02
1.009112E+02
3.015579E+02
1.950075E+02
6.471987E+02
1.474485E+02
3.002978E+02
2.015992E+02
3.515291E+02
1.517660E+02
4.002311E+02
1.976936E+02
2.976459E+02
2.450151E+02
2.516476E+02
0.000000E+00
5.009181E+02
3.028389E+02
4.021814E+02
3.021457E+02
4.529875E+02
5.507631E+02
4.018813E+02
4.523321E+02
5.505902E+02
6.520907E+02
3.960598E+02
2.016400E+02
4.044840E+02
3.528464E+02
3.529360E+02
2.016400E+02
2.524949E+02
2.524949E+02
2.481774E+02
3.530006E+02
3.962421E+02
4.037500E+02
5.013580E+02
4.037909E+02
2.016400E+02
3.974460E+02
5.530891E+02
5.984619E+02
2.016400E+02
2.481774E+02
3.030620E+02
2.518017E+02
2.515140E+02
4.021608E+02
5.556622E+02
5.052774E+02
5.016575E+02
2.513962E+02
3.028389E+02
6.000595E+02
2.016400E+02
4.000958E+02
5.027279E+02
4.000814E+02
2.016400E+02
4.523431E+02
4.548280E+02
2.972976E+02
3.004655E+02
2.016400E+02
4.022868E+02
2.957364E+02
7.479275E+02
2.481774E+02
5.017147E+02
3.023280E+02
4.522580E+02
2.524949E+02
5.009599E+02
2.984224E+02
3.983748E+02
3.457439E+02
3.523764E+02
5.009181E+02
0.000000E+00
4.004770E+02
4.998195E+02
3.997838E+02
4.489159E+02
5.543488E+02
4.995194E+02
5.499702E+02
6.482282E+02
7.497288E+02
4.936978E+02
4.009878E+02
5.021221E+02
4.504845E+02
4.505741E+02
2.992781E+02
3.501329E+02
3.501329E+02
3.458155E+02
4.506386E+02
4.938802E+02
5.013881E+02
5.007556E+02
5.014289E+02
2.992781E+02
4.950841E+02
6.507272E+02
6.961000E+02
2.992781E+02
3.458155E+02
4.007001E+02
3.494398E+02
3.491521E+02
4.997989E+02
6.533003E+02
6.029155E+02
5.992956E+02
3.490343E+02
4.004770E+02
5.994571E+02
2.992781E+02
4.977338E+02
6.003660E+02
4.977195E+02
2.992781E+02
5.499812E+02
5.524661E+02
2.966952E+02
3.981036E+02
2.992781E+02
4.999249E+02
3.933745E+02
7.473251E+02
3.458155E+02
5.011123E+02
3.999661E+02
5.498960E+02
3.501329E+02
5.985980E+02
3.020081E+02
4.960128E+02
4.433820E+02
4.500145E+02
3.028389E+02
4.004770E+02
0.000000E+00
3.017403E+02
2.017046E+02
3.525463E+02
4.503220E+02
3.014402E+02
3.518909E+02
4.501490E+02
5.516495E+02
2.956186E+02
2.029085E+02
3.040428E+02
2.524052E+02
2.524949E+02
1.011989E+02
1.520537E+02
1.520537E+02
1.477362E+02
2.525594E+02
2.958009E+02
2.026208E+02
4.009168E+02
3.033497E+02
1.011989E+02
2.970049E+02
4.526479E+02
4.980207E+02
1.011989E+02
1.477362E+02
2.026208E+02
1.513605E+02
1.510729E+02
3.017196E+02
4.552211E+02
5.059705E+02
4.012163E+02
1.509551E+02
1.017097E+02
4.996183E+02
1.011989E+02
2.996546E+02
4.022868E+02
2.996402E+02
1.011989E+02
3.519019E+02
2.536988E+02
1.968564E+02
2.000243E+02
1.011989E+02
3.018456E+02
1.952952E+02
6.474864E+02
1.477362E+02
4.012735E+02
2.018869E+02
3.518168E+02
1.520537E+02
4.005187E+02
1.979813E+02
2.979336E+02
2.453027E+02
2.519352E+02
4.021814E+02
4.998195E+02
3.017403E+02
0.000000E+00
3.010471E+02
3.529518E+02
5.496645E+02
4.007827E+02
4.512335E+02
5.494915E+02
6.509921E+02
3.949611E+02
3.022511E+02
4.033854E+02
3.517478E+02
3.518374E+02
2.005414E+02
2.513962E+02
2.513962E+02
2.470788E+02
3.519019E+02
2.958417E+02
4.026514E+02
5.002594E+02
4.026922E+02
2.005414E+02
3.963474E+02
5.519905E+02
5.973633E+02
2.005414E+02
2.470788E+02
3.019634E+02
2.507031E+02
2.504154E+02
4.010622E+02
5.545636E+02
6.053131E+02
5.005589E+02
2.502976E+02
3.017403E+02
5.989609E+02
2.005414E+02
3.989971E+02
5.016293E+02
3.989827E+02
2.005414E+02
4.512445E+02
4.537294E+02
2.961990E+02
2.993669E+02
2.005414E+02
4.011882E+02
2.946378E+02
7.468289E+02
2.470788E+02
5.006161E+02
3.012294E+02
4.511593E+02
2.513962E+02
4.998613E+02
2.973238E+02
3.972761E+02
3.446453E+02
3.512778E+02
3.021457E+02
3.997838E+02
2.017046E+02
3.010471E+02
0.000000E+00
3.518532E+02
4.496288E+02
3.007470E+02
3.511978E+02
4.494558E+02
5.509564E+02
2.949254E+02
2.022154E+02
3.033497E+02
2.517121E+02
2.518017E+02
1.005057E+02
1.513605E+02
1.513605E+02
1.470431E+02
2.518662E+02
2.951078E+02
3.026157E+02
2.995357E+02
3.026565E+02
1.005057E+02
2.963117E+02
4.519548E+02
4.973276E+02
1.005057E+02
1.470431E+02
2.019277E+02
1.506674E+02
1.503797E+02
3.010265E+02
4.545279E+02
5.052774E+02
4.005232E+02
1.502619E+02
2.017046E+02
4.989252E+02
1.005057E+02
2.989614E+02
4.015936E+02
2.989470E+02
1.005057E+02
3.512088E+02
3.536937E+02
1.961633E+02
1.993312E+02
1.005057E+02
3.011525E+02
1.946021E+02
6.467932E+02
1.470431E+02
4.005804E+02
2.011937E+02
3.511236E+02
1.513605E+02
3.998256E+02
1.972881E+02
2.972404E+02
2.446096E+02
2.512421E+02
4.529875E+02
4.489159E+02
3.525463E+02
3.529518E+02
3.518532E+02
0.000000E+00
4.987609E+02
4.515888E+02
5.020395E+02
6.002976E+02
6.031694E+02
4.457672E+02
3.530571E+02
4.541914E+02
4.025538E+02
4.026435E+02
2.513475E+02
2.004926E+02
3.022023E+02
2.978848E+02
4.027080E+02
4.459495E+02
4.534575E+02
5.510654E+02
4.534983E+02
2.513475E+02
4.471535E+02
6.027965E+02
6.481693E+02
2.513475E+02
2.978848E+02
3.527694E+02
3.015091E+02
3.012215E+02
3.532395E+02
6.053697E+02
6.561191E+02
5.513649E+02
3.011037E+02
3.525463E+02
6.497669E+02
2.513475E+02
4.498032E+02
5.524354E+02
3.511600E+02
2.513475E+02
5.020505E+02
5.045355E+02
3.470050E+02
3.501730E+02
2.513475E+02
4.519942E+02
3.454438E+02
7.976350E+02
2.978848E+02
5.514221E+02
3.520355E+02
4.033366E+02
3.022023E+02
5.506673E+02
3.481299E+02
4.480822E+02
3.954513E+02
4.020838E+02
5.507631E+02
5.543488E+02
4.503220E+02
5.496645E+02
4.496288E+02
4.987609E+02
0.000000E+00
5.493644E+02
5.998152E+02
6.980733E+02
6.984395E+02
5.435429E+02
4.508328E+02
4.502574E+02
5.003295E+02
5.004191E+02
3.491231E+02
3.999780E+02
3.999780E+02
3.956605E+02
5.004837E+02
5.437252E+02
5.512331E+02
6.488411E+02
5.512740E+02
3.491231E+02
5.449292E+02
7.005722E+02
7.459450E+02
3.491231E+02
3.956605E+02
4.505451E+02
3.992848E+02
3.989971E+02
5.496439E+02
6.028220E+02
7.538948E+02
6.491406E+02
3.988794E+02
4.503220E+02
7.475426E+02
3.491231E+02
5.475789E+02
6.502111E+02
5.475645E+02
3.491231E+02
5.998262E+02
6.023111E+02
4.447807E+02
4.479486E+02
3.491231E+02
5.497699E+02
4.432195E+02
8.954106E+02
3.956605E+02
6.491978E+02
4.498112E+02
5.997411E+02
3.999780E+02
6.484430E+02
3.518532E+02
5.458579E+02
4.932270E+02
4.012307E+02
4.018813E+02
4.995194E+02
3.014402E+02
4.007827E+02
3.007470E+02
4.515888E+02
5.493644E+02
0.000000E+00
4.509333E+02
5.491914E+02
5.531412E+02
3.946610E+02
3.019510E+02
4.030853E+02
3.514477E+02
3.515373E+02
2.002413E+02
2.510961E+02
2.510961E+02
2.467787E+02
3.516018E+02
3.948434E+02
4.023513E+02
4.024085E+02
4.023921E+02
2.002413E+02
3.960473E+02
5.516904E+02
5.970632E+02
2.002413E+02
2.467787E+02
3.016633E+02
2.504030E+02
2.501153E+02
4.007621E+02
5.542635E+02
6.050130E+02
4.027080E+02
2.499975E+02
3.014402E+02
3.974387E+02
2.002413E+02
3.986970E+02
5.013292E+02
3.011319E+02
2.002413E+02
4.509444E+02
4.534293E+02
2.958989E+02
2.990668E+02
2.002413E+02
3.033373E+02
2.943377E+02
6.489780E+02
2.467787E+02
5.003159E+02
3.009293E+02
4.508592E+02
2.510961E+02
4.995612E+02
2.970237E+02
2.994252E+02
3.443452E+02
3.509777E+02
4.523321E+02
5.499702E+02
3.518909E+02
4.512335E+02
3.511978E+02
5.020395E+02
5.998152E+02
4.509333E+02
0.000000E+00
5.996422E+02
6.023657E+02
4.451118E+02
3.524017E+02
4.535360E+02
4.018984E+02
4.019881E+02
2.506920E+02
3.015469E+02
3.015469E+02
2.972294E+02
4.020526E+02
4.452941E+02
4.528021E+02
5.504100E+02
4.528429E+02
2.506920E+02
4.464981E+02
5.033641E+02
6.475139E+02
2.506920E+02
2.972294E+02
3.521140E+02
3.008537E+02
3.005661E+02
4.512128E+02
6.047143E+02
6.554637E+02
5.507095E+02
3.004483E+02
3.518909E+02
6.491115E+02
2.506920E+02
4.491478E+02
5.517800E+02
4.491334E+02
2.506920E+02
5.013951E+02
5.038800E+02
3.463496E+02
3.495175E+02
2.506920E+02
4.513388E+02
3.447884E+02
6.982025E+02
2.972294E+02
4.510187E+02
3.513801E+02
4.015620E+02
3.015469E+02
5.500119E+02
3.474745E+02
4.474268E+02
3.947959E+02
4.014284E+02
5.505902E+02
6.482282E+02
4.501490E+02
5.494915E+02
4.494558E+02
6.002976E+02
6.980733E+02
5.491914E+02
5.996422E+02
0.000000E+00
7.994008E+02
4.502952E+02
4.506598E+02
5.517941E+02
5.001565E+02
5.002461E+02
3.489501E+02
3.998050E+02
3.998050E+02
3.024128E+02
3.996227E+02
4.504775E+02
5.510602E+02
6.486681E+02
5.511010E+02
3.489501E+02
4.516815E+02
6.003841E+02
5.526822E+02
3.489501E+02
3.024128E+02
4.503721E+02
3.991118E+02
3.988241E+02
5.494709E+02
7.029723E+02
7.537218E+02
6.489676E+02
3.987064E+02
4.501490E+02
6.542949E+02
3.489501E+02
5.474059E+02
6.500381E+02
5.473915E+02
3.489501E+02
5.996532E+02
6.021381E+02
3.515330E+02
3.477606E+02
3.489501E+02
5.495969E+02
3.499718E+02
8.952376E+02
3.024128E+02
6.490248E+02
4.496382E+02
5.995681E+02
3.998050E+02
4.545073E+02
4.457326E+02
4.526102E+02
3.999793E+02
4.996865E+02
6.520907E+02
7.497288E+02
5.516495E+02
6.509921E+02
5.509564E+02
6.031694E+02
6.984395E+02
5.531412E+02
6.023657E+02
7.994008E+02
0.000000E+00
6.448704E+02
5.521604E+02
6.532947E+02
5.009691E+02
6.017467E+02
4.504507E+02
5.013055E+02
5.013055E+02
4.969880E+02
6.018112E+02
6.450527E+02
6.525607E+02
6.526179E+02
6.526015E+02
4.504507E+02
6.462567E+02
7.031228E+02
8.472726E+02
4.504507E+02
4.969880E+02
5.518727E+02
5.006124E+02
5.003247E+02
4.516547E+02
8.044729E+02
8.552224E+02
6.529174E+02
5.002069E+02
4.499399E+02
8.488702E+02
4.504507E+02
6.489064E+02
7.515386E+02
4.527125E+02
4.504507E+02
7.011538E+02
7.036387E+02
5.461083E+02
5.492762E+02
4.504507E+02
5.535467E+02
5.445470E+02
8.004104E+02
4.969880E+02
7.505253E+02
5.511387E+02
5.024248E+02
5.013055E+02
7.497706E+02
5.472331E+02
5.496346E+02
5.945546E+02
6.011871E+02
3.960598E+02
4.936978E+02
2.956186E+02
3.949611E+02
2.949254E+02
4.457672E+02
5.435429E+02
3.946610E+02
4.451118E+02
4.502952E+02
6.448704E+02
0.000000E+00
2.961294E+02
3.972637E+02
3.456261E+02
3.457157E+02
1.944197E+02
2.452746E+02
2.452746E+02
1.478824E+02
3.457803E+02
2.008291E+02
3.965298E+02
4.941377E+02
3.965706E+02
1.944197E+02
2.020331E+02
5.458688E+02
3.013392E+02
1.944197E+02
1.478824E+02
2.958417E+02
2.445814E+02
2.442937E+02
3.949405E+02
5.484419E+02
5.991914E+02
4.944372E+02
2.441760E+02
2.956186E+02
4.997645E+02
1.944197E+02
3.928755E+02
4.955077E+02
3.928611E+02
1.944197E+02
4.451228E+02
4.476077E+02
1.970026E+02
2.932452E+02
1.944197E+02
3.950665E+02
1.003234E+02
7.407072E+02
1.478824E+02
4.944944E+02
2.951078E+02
4.450377E+02
2.452746E+02
4.006649E+02
2.912022E+02
2.980798E+02
1.503309E+02
3.451561E+02
2.016400E+02
4.009878E+02
2.029085E+02
3.022511E+02
2.022154E+02
3.530571E+02
4.508328E+02
3.019510E+02
3.524017E+02
4.506598E+02
5.521604E+02
2.961294E+02
0.000000E+00
3.045537E+02
2.529161E+02
2.530057E+02
1.017097E+02
1.525645E+02
1.525645E+02
1.482470E+02
2.530702E+02
2.963117E+02
3.038197E+02
4.014277E+02
3.038605E+02
1.017097E+02
2.975157E+02
4.531587E+02
4.985316E+02
1.017097E+02
1.482470E+02
2.031317E+02
1.518714E+02
1.515837E+02
3.022305E+02
4.557319E+02
5.064814E+02
4.017272E+02
1.514659E+02
2.029085E+02
5.001292E+02
1.017097E+02
3.001654E+02
4.027976E+02
3.001510E+02
1.017097E+02
3.524128E+02
3.548977E+02
1.973673E+02
2.005352E+02
1.017097E+02
3.023564E+02
1.958060E+02
6.479972E+02
1.482470E+02
4.017843E+02
2.023977E+02
3.523276E+02
1.525645E+02
4.010296E+02
1.984921E+02
2.984444E+02
2.458136E+02
2.524461E+02
4.044840E+02
5.021221E+02
3.040428E+02
4.033854E+02
3.033497E+02
4.541914E+02
4.502574E+02
4.030853E+02
4.535360E+02
5.517941E+02
6.532947E+02
3.972637E+02
3.045537E+02
0.000000E+00
3.540504E+02
3.541400E+02
2.028440E+02
2.536988E+02
2.536988E+02
2.493813E+02
3.542045E+02
3.974460E+02
4.049540E+02
5.025620E+02
4.049948E+02
2.028440E+02
3.986500E+02
5.542931E+02
5.996659E+02
2.028440E+02
2.493813E+02
3.042660E+02
2.530057E+02
2.527180E+02
4.033648E+02
5.568662E+02
6.076157E+02
5.028615E+02
2.526002E+02
3.040428E+02
6.012635E+02
2.028440E+02
4.012997E+02
5.039319E+02
4.012853E+02
2.028440E+02
4.535471E+02
4.560320E+02
2.985016E+02
3.016695E+02
2.028440E+02
4.034908E+02
2.969403E+02
7.491315E+02
2.493813E+02
5.029186E+02
3.035320E+02
4.534619E+02
2.536988E+02
5.021639E+02
2.996264E+02
3.995787E+02
3.469479E+02
3.535804E+02
3.528464E+02
4.504845E+02
2.524052E+02
3.517478E+02
2.517121E+02
4.025538E+02
5.003295E+02
3.514477E+02
4.018984E+02
5.001565E+02
5.009691E+02
3.456261E+02
2.529161E+02
3.540504E+02
0.000000E+00
3.025024E+02
1.512064E+02
2.020612E+02
2.020612E+02
1.977437E+02
3.025669E+02
3.458084E+02
3.533164E+02
4.509244E+02
3.533572E+02
1.512064E+02
3.470124E+02
5.026555E+02
5.480283E+02
1.512064E+02
1.977437E+02
2.526284E+02
2.013681E+02
2.010804E+02
2.510392E+02
5.052286E+02
5.559781E+02
4.512239E+02
2.009626E+02
2.524052E+02
5.496259E+02
1.512064E+02
3.496621E+02
4.522943E+02
3.496477E+02
1.512064E+02
4.019095E+02
4.043944E+02
2.468640E+02
2.500319E+02
1.512064E+02
3.518532E+02
2.453027E+02
6.974939E+02
1.977437E+02
4.512810E+02
2.518944E+02
4.018243E+02
2.020612E+02
4.505263E+02
2.479888E+02
3.479411E+02
2.953103E+02
3.019428E+02
3.529360E+02
4.505741E+02
2.524949E+02
3.518374E+02
2.518017E+02
4.026435E+02
5.004191E+02
3.515373E+02
4.019881E+02
5.002461E+02
6.017467E+02
3.457157E+02
2.530057E+02
3.541400E+02
3.025024E+02
0.000000E+00
1.512960E+02
2.021508E+02
2.021508E+02
1.978334E+02
3.026565E+02
3.458981E+02
3.534060E+02
4.510140E+02
3.534468E+02
1.512960E+02
3.471020E+02
5.027451E+02
5.481179E+02
1.512960E+02
1.978334E+02
2.527180E+02
2.014577E+02
2.011700E+02
3.518168E+02
5.053182E+02
5.560677E+02
4.513135E+02
2.010522E+02
2.524949E+02
5.497155E+02
1.512960E+02
3.497517E+02
3.520606E+02
3.497373E+02
1.512960E+02
4.019991E+02
4.044840E+02
2.469536E+02
2.501215E+02
1.512960E+02
3.519428E+02
2.453924E+02
6.975835E+02
1.978334E+02
4.513707E+02
2.519840E+02
4.019139E+02
2.021508E+02
4.506159E+02
2.480784E+02
2.468964E+02
2.953999E+02
3.020324E+02
2.016400E+02
2.992781E+02
1.011989E+02
2.005414E+02
1.005057E+02
2.513475E+02
3.491231E+02
2.002413E+02
2.506920E+02
3.489501E+02
4.504507E+02
1.944197E+02
1.017097E+02
2.028440E+02
1.512064E+02
1.512960E+02
0.000000E+00
5.085484E+01
5.085484E+01
4.653735E+01
1.513605E+02
1.946021E+02
2.021100E+02
2.997180E+02
2.021508E+02
0.000000E+00
1.958060E+02
3.514491E+02
3.968219E+02
0.000000E+00
4.653735E+01
1.014220E+02
5.016169E+01
4.987401E+01
2.005208E+02
3.540222E+02
4.047717E+02
3.000175E+02
4.975623E+01
1.011989E+02
3.984195E+02
0.000000E+00
1.984557E+02
3.010879E+02
1.984413E+02
0.000000E+00
2.507031E+02
2.531880E+02
9.565759E+01
9.882550E+01
0.000000E+00
2.006468E+02
9.409635E+01
5.462875E+02
4.653735E+01
3.000746E+02
1.006880E+02
2.506179E+02
5.085484E+01
2.993199E+02
9.678242E+01
1.967347E+02
1.441039E+02
1.507364E+02
2.524949E+02
3.501329E+02
1.520537E+02
2.513962E+02
1.513605E+02
2.004926E+02
3.999780E+02
2.510961E+02
3.015469E+02
3.998050E+02
5.013055E+02
2.452746E+02
1.525645E+02
2.536988E+02
2.020612E+02
2.021508E+02
5.085484E+01
0.000000E+00
1.017097E+02
9.739219E+01
2.022154E+02
2.454569E+02
2.529649E+02
3.505728E+02
2.530057E+02
5.085484E+01
2.466609E+02
4.023039E+02
4.476767E+02
5.085484E+01
9.739219E+01
1.522768E+02
1.010165E+02
1.007288E+02
2.513756E+02
4.048771E+02
4.556265E+02
3.508723E+02
1.006111E+02
1.520537E+02
4.492743E+02
5.085484E+01
2.493106E+02
3.519428E+02
2.492962E+02
5.085484E+01
3.015579E+02
3.040428E+02
1.465124E+02
1.496803E+02
5.085484E+01
2.515016E+02
1.449512E+02
5.971423E+02
9.739219E+01
3.509295E+02
1.515429E+02
3.014728E+02
1.017097E+02
3.501747E+02
1.476373E+02
2.475896E+02
1.949587E+02
2.015912E+02
2.524949E+02
3.501329E+02
1.520537E+02
2.513962E+02
1.513605E+02
3.022023E+02
3.999780E+02
2.510961E+02
3.015469E+02
3.998050E+02
5.013055E+02
2.452746E+02
1.525645E+02
2.536988E+02
2.020612E+02
2.021508E+02
5.085484E+01
1.017097E+02
0.000000E+00
9.739219E+01
2.022154E+02
2.454569E+02
2.529649E+02
3.505728E+02
2.530057E+02
5.085484E+01
2.466609E+02
4.023039E+02
4.476767E+02
5.085484E+01
9.739219E+01
1.522768E+02
1.010165E+02
1.007288E+02
2.513756E+02
4.048771E+02
4.556265E+02
3.508723E+02
1.006111E+02
1.520537E+02
4.492743E+02
5.085484E+01
2.493106E+02
3.519428E+02
2.492962E+02
5.085484E+01
3.015579E+02
3.040428E+02
1.465124E+02
1.496803E+02
5.085484E+01
2.515016E+02
1.449512E+02
5.971423E+02
9.739219E+01
3.509295E+02
1.515429E+02
3.014728E+02
1.017097E+02
3.501747E+02
1.476373E+02
2.475896E+02
1.949587E+02
2.015912E+02
2.481774E+02
3.458155E+02
1.477362E+02
2.470788E+02
1.470431E+02
2.978848E+02
3.956605E+02
2.467787E+02
2.972294E+02
3.024128E+02
4.969880E+02
1.478824E+02
1.482470E+02
2.493813E+02
1.977437E+02
1.978334E+02
4.653735E+01
9.739219E+01
9.739219E+01
0.000000E+00
1.978979E+02
1.480647E+02
2.486474E+02
3.462553E+02
2.486882E+02
4.653735E+01
1.492687E+02
3.979864E+02
3.502845E+02
4.653735E+01
0.000000E+00
1.479593E+02
9.669904E+01
9.641136E+01
2.470581E+02
4.005596E+02
4.513090E+02
3.465548E+02
9.629358E+01
1.477362E+02
3.518821E+02
4.653735E+01
2.449931E+02
3.476253E+02
2.449787E+02
4.653735E+01
2.972404E+02
2.997254E+02
4.912024E+01
1.453628E+02
4.653735E+01
2.471841E+02
4.755900E+01
5.928249E+02
0.000000E+00
3.466120E+02
1.472254E+02
2.971553E+02
9.739219E+01
2.527825E+02
1.433198E+02
1.501974E+02
9.756654E+01
1.972737E+02
3.530006E+02
4.506386E+02
2.525594E+02
3.519019E+02
2.518662E+02
4.027080E+02
5.004837E+02
3.516018E+02
4.020526E+02
3.996227E+02
6.018112E+02
3.457803E+02
2.530702E+02
3.542045E+02
3.025669E+02
3.026565E+02
1.513605E+02
2.022154E+02
2.022154E+02
1.978979E+02
0.000000E+00
3.459626E+02
3.534706E+02
4.510785E+02
3.535114E+02
1.513605E+02
3.471666E+02
5.028096E+02
5.481824E+02
1.513605E+02
1.978979E+02
2.527825E+02
1.011989E+02
2.012346E+02
3.518813E+02
5.053828E+02
5.561322E+02
3.510547E+02
2.011168E+02
2.525594E+02
5.497800E+02
1.513605E+02
3.498163E+02
4.524485E+02
3.498019E+02
1.513605E+02
4.020636E+02
4.045485E+02
2.470181E+02
2.501860E+02
1.513605E+02
3.520073E+02
2.454569E+02
6.976480E+02
1.978979E+02
4.514352E+02
2.520486E+02
4.019785E+02
2.022154E+02
3.499924E+02
2.481430E+02
3.480953E+02
2.954644E+02
3.020969E+02
3.962421E+02
4.938802E+02
2.958009E+02
2.958417E+02
2.951078E+02
4.459495E+02
5.437252E+02
3.948434E+02
4.452941E+02
4.504775E+02
6.450527E+02
2.008291E+02
2.963117E+02
3.974460E+02
3.458084E+02
3.458981E+02
1.946021E+02
2.454569E+02
2.454569E+02
1.480647E+02
3.459626E+02
0.000000E+00
3.967121E+02
4.943200E+02
3.967529E+02
1.946021E+02
2.022154E+02
5.460511E+02
4.032312E+02
1.946021E+02
1.480647E+02
2.960241E+02
2.447637E+02
2.444761E+02
3.951228E+02
5.486243E+02
5.993737E+02
4.946195E+02
2.443583E+02
2.958009E+02
4.999469E+02
1.946021E+02
3.930578E+02
4.956900E+02
3.930434E+02
1.946021E+02
4.453052E+02
4.477901E+02
1.971849E+02
2.934276E+02
1.946021E+02
3.952488E+02
1.005057E+02
7.408896E+02
1.480647E+02
4.946767E+02
2.952901E+02
4.452200E+02
2.454569E+02
4.008472E+02
2.913845E+02
2.982621E+02
1.505132E+02
3.453384E+02
4.037500E+02
5.013881E+02
2.026208E+02
4.026514E+02
3.026157E+02
4.534575E+02
5.512331E+02
4.023513E+02
4.528021E+02
5.510602E+02
6.525607E+02
3.965298E+02
3.038197E+02
4.049540E+02
3.533164E+02
3.534060E+02
2.021100E+02
2.529649E+02
2.529649E+02
2.486474E+02
3.534706E+02
3.967121E+02
0.000000E+00
4.011400E+02
4.042609E+02
2.021100E+02
3.979161E+02
5.535591E+02
5.989319E+02
2.021100E+02
2.486474E+02
3.035320E+02
2.522717E+02
2.519840E+02
4.026308E+02
5.561322E+02
6.068817E+02
5.021275E+02
2.518662E+02
2.026208E+02
6.005295E+02
2.021100E+02
4.005658E+02
5.031980E+02
4.005514E+02
2.021100E+02
4.528131E+02
3.546100E+02
2.977676E+02
3.009355E+02
2.021100E+02
4.027568E+02
2.962064E+02
7.483975E+02
2.486474E+02
5.021847E+02
3.027980E+02
4.527280E+02
2.529649E+02
5.014299E+02
2.988924E+02
3.988448E+02
3.462139E+02
3.528464E+02
5.013580E+02
5.007556E+02
4.009168E+02
5.002594E+02
2.995357E+02
5.510654E+02
6.488411E+02
4.024085E+02
5.504100E+02
6.486681E+02
6.526179E+02
4.941377E+02
4.014277E+02
5.025620E+02
4.509244E+02
4.510140E+02
2.997180E+02
3.505728E+02
3.505728E+02
3.462553E+02
4.510785E+02
4.943200E+02
4.011400E+02
0.000000E+00
5.018688E+02
2.997180E+02
4.955240E+02
6.511670E+02
6.965399E+02
2.997180E+02
3.462553E+02
4.011400E+02
3.498797E+02
3.495920E+02
5.002388E+02
5.526059E+02
7.044897E+02
5.021847E+02
3.494742E+02
4.009168E+02
5.998970E+02
2.997180E+02
4.981737E+02
6.008059E+02
4.006085E+02
2.997180E+02
4.492868E+02
5.529060E+02
2.971351E+02
3.985435E+02
2.997180E+02
4.028139E+02
3.938143E+02
6.502142E+02
3.462553E+02
5.015521E+02
4.004060E+02
5.503359E+02
3.505728E+02
5.990379E+02
3.965004E+02
3.989019E+02
4.438219E+02
4.504544E+02
4.037909E+02
5.014289E+02
3.033497E+02
4.026922E+02
3.026565E+02
4.534983E+02
5.512740E+02
4.023921E+02
4.528429E+02
5.511010E+02
6.526015E+02
3.965706E+02
3.038605E+02
4.049948E+02
3.533572E+02
3.534468E+02
2.021508E+02
2.530057E+02
2.530057E+02
2.486882E+02
3.535114E+02
3.967529E+02
4.042609E+02
5.018688E+02
0.000000E+00
2.021508E+02
3.979569E+02
5.535999E+02
3.980904E+02
2.021508E+02
2.486882E+02
3.035728E+02
2.523125E+02
2.520249E+02
4.026716E+02
4.564250E+02
6.069225E+02
4.010340E+02
2.519071E+02
3.033497E+02
2.974030E+02
2.021508E+02
4.006066E+02
5.032388E+02
4.005922E+02
2.021508E+02
4.528539E+02
4.553388E+02
2.978084E+02
3.009763E+02
2.021508E+02
4.027976E+02
2.962472E+02
7.484383E+02
2.486882E+02
5.022255E+02
3.028389E+02
4.527688E+02
2.530057E+02
5.014707E+02
2.989333E+02
3.988856E+02
3.462547E+02
3.528872E+02
2.016400E+02
2.992781E+02
1.011989E+02
2.005414E+02
1.005057E+02
2.513475E+02
3.491231E+02
2.002413E+02
2.506920E+02
3.489501E+02
4.504507E+02
1.944197E+02
1.017097E+02
2.028440E+02
1.512064E+02
1.512960E+02
0.000000E+00
5.085484E+01
5.085484E+01
4.653735E+01
1.513605E+02
1.946021E+02
2.021100E+02
2.997180E+02
2.021508E+02
0.000000E+00
1.958060E+02
3.514491E+02
3.968219E+02
0.000000E+00
4.653735E+01
1.014220E+02
5.016169E+01
4.987401E+01
2.005208E+02
3.540222E+02
4.047717E+02
3.000175E+02
4.975623E+01
1.011989E+02
3.984195E+02
0.000000E+00
1.984557E+02
3.010879E+02
1.984413E+02
0.000000E+00
2.507031E+02
2.531880E+02
9.565759E+01
9.882550E+01
0.000000E+00
2.006468E+02
9.409635E+01
5.462875E+02
4.653735E+01
3.000746E+02
1.006880E+02
2.506179E+02
5.085484E+01
2.993199E+02
9.678242E+01
1.967347E+02
1.441039E+02
1.507364E+02
3.974460E+02
4.950841E+02
2.970049E+02
3.963474E+02
2.963117E+02
4.471535E+02
5.449292E+02
3.960473E+02
4.464981E+02
4.516815E+02
6.462567E+02
2.020331E+02
2.975157E+02
3.986500E+02
3.470124E+02
3.471020E+02
1.958060E+02
2.466609E+02
2.466609E+02
1.492687E+02
3.471666E+02
2.022154E+02
3.979161E+02
4.955240E+02
3.979569E+02
1.958060E+02
0.000000E+00
5.472551E+02
4.044352E+02
1.958060E+02
1.492687E+02
2.972280E+02
2.459677E+02
2.456800E+02
3.963268E+02
5.498282E+02
6.005777E+02
4.958235E+02
2.455623E+02
2.970049E+02
5.011508E+02
1.958060E+02
3.942618E+02
4.968940E+02
3.942474E+02
1.958060E+02
4.465091E+02
4.489940E+02
1.983889E+02
2.946315E+02
1.958060E+02
3.964528E+02
1.017097E+02
7.420935E+02
1.492687E+02
4.958807E+02
2.964941E+02
4.464240E+02
2.466609E+02
4.020512E+02
2.925885E+02
2.994661E+02
1.517172E+02
3.465424E+02
5.530891E+02
6.507272E+02
4.526479E+02
5.519905E+02
4.519548E+02
6.027965E+02
7.005722E+02
5.516904E+02
5.033641E+02
6.003841E+02
7.031228E+02
5.458688E+02
4.531587E+02
5.542931E+02
5.026555E+02
5.027451E+02
3.514491E+02
4.023039E+02
4.023039E+02
3.979864E+02
5.028096E+02
5.460511E+02
5.535591E+02
6.511670E+02
5.535999E+02
3.514491E+02
5.472551E+02
0.000000E+00
5.471216E+02
3.514491E+02
3.979864E+02
4.528711E+02
4.016108E+02
4.013231E+02
4.519548E+02
7.054713E+02
7.562208E+02
5.514515E+02
4.012053E+02
4.526479E+02
7.498686E+02
3.514491E+02
5.499048E+02
5.514027E+02
5.498904E+02
3.514491E+02
6.021522E+02
5.035028E+02
4.471067E+02
4.502746E+02
3.514491E+02
5.520958E+02
4.455454E+02
7.989596E+02
3.979864E+02
6.515237E+02
4.521371E+02
6.020670E+02
4.023039E+02
5.496346E+02
4.482315E+02
5.481838E+02
3.955379E+02
5.021855E+02
5.984619E+02
6.961000E+02
4.980207E+02
5.973633E+02
4.973276E+02
6.481693E+02
7.459450E+02
5.970632E+02
6.475139E+02
5.526822E+02
8.472726E+02
3.013392E+02
4.985316E+02
5.996659E+02
5.480283E+02
5.481179E+02
3.968219E+02
4.476767E+02
4.476767E+02
3.502845E+02
5.481824E+02
4.032312E+02
5.989319E+02
6.965399E+02
3.980904E+02
3.968219E+02
4.044352E+02
5.471216E+02
0.000000E+00
3.968219E+02
3.502845E+02
4.982439E+02
4.469836E+02
4.466959E+02
5.973427E+02
6.510961E+02
8.015936E+02
5.957051E+02
4.465781E+02
4.980207E+02
6.024187E+02
3.968219E+02
5.952776E+02
5.962001E+02
5.952632E+02
3.968219E+02
6.475250E+02
6.500099E+02
3.994048E+02
4.956474E+02
3.968219E+02
5.974687E+02
3.027255E+02
9.431094E+02
3.502845E+02
6.968965E+02
4.975099E+02
6.474398E+02
4.476767E+02
5.019328E+02
4.936043E+02
5.004819E+02
3.527331E+02
5.475583E+02
2.016400E+02
2.992781E+02
1.011989E+02
2.005414E+02
1.005057E+02
2.513475E+02
3.491231E+02
2.002413E+02
2.506920E+02
3.489501E+02
4.504507E+02
1.944197E+02
1.017097E+02
2.028440E+02
1.512064E+02
1.512960E+02
0.000000E+00
5.085484E+01
5.085484E+01
4.653735E+01
1.513605E+02
1.946021E+02
2.021100E+02
2.997180E+02
2.021508E+02
0.000000E+00
1.958060E+02
3.514491E+02
3.968219E+02
0.000000E+00
4.653735E+01
1.014220E+02
5.016169E+01
4.987401E+01
2.005208E+02
3.540222E+02
4.047717E+02
3.000175E+02
4.975623E+01
1.011989E+02
3.984195E+02
0.000000E+00
1.984557E+02
3.010879E+02
1.984413E+02
0.000000E+00
2.507031E+02
2.531880E+02
9.565759E+01
9.882550E+01
0.000000E+00
2.006468E+02
9.409635E+01
5.462875E+02
4.653735E+01
3.000746E+02
1.006880E+02
2.506179E+02
5.085484E+01
2.993199E+02
9.678242E+01
1.967347E+02
1.441039E+02
1.507364E+02
2.481774E+02
3.458155E+02
1.477362E+02
2.470788E+02
1.470431E+02
2.978848E+02
3.956605E+02
2.467787E+02
2.972294E+02
3.024128E+02
4.969880E+02
1.478824E+02
1.482470E+02
2.493813E+02
1.977437E+02
1.978334E+02
4.653735E+01
9.739219E+01
9.739219E+01
0.000000E+00
1.978979E+02
1.480647E+02
2.486474E+02
3.462553E+02
2.486882E+02
4.653735E+01
1.492687E+02
3.979864E+02
3.502845E+02
4.653735E+01
0.000000E+00
1.479593E+02
9.669904E+01
9.641136E+01
2.470581E+02
4.005596E+02
4.513090E+02
3.465548E+02
9.629358E+01
1.477362E+02
3.518821E+02
4.653735E+01
2.449931E+02
3.476253E+02
2.449787E+02
4.653735E+01
2.972404E+02
2.997254E+02
4.912024E+01
1.453628E+02
4.653735E+01
2.471841E+02
4.755900E+01
5.928249E+02
0.000000E+00
3.466120E+02
1.472254E+02
2.971553E+02
9.739219E+01
2.527825E+02
1.433198E+02
1.501974E+02
9.756654E+01
1.972737E+02
3.030620E+02
4.007001E+02
2.026208E+02
3.019634E+02
2.019277E+02
3.527694E+02
4.505451E+02
3.016633E+02
3.521140E+02
4.503721E+02
5.518727E+02
2.958417E+02
2.031317E+02
3.042660E+02
2.526284E+02
2.527180E+02
1.014220E+02
1.522768E+02
1.522768E+02
1.479593E+02
2.527825E+02
2.960241E+02
3.035320E+02
4.011400E+02
3.035728E+02
1.014220E+02
2.972280E+02
4.528711E+02
4.982439E+02
1.014220E+02
1.479593E+02
0.000000E+00
1.515837E+02
1.512960E+02
3.019428E+02
4.554442E+02
5.061937E+02
4.014395E+02
1.511782E+02
2.026208E+02
3.987072E+02
1.014220E+02
2.998777E+02
4.025099E+02
2.998633E+02
1.014220E+02
3.521251E+02
3.546100E+02
1.970796E+02
2.002475E+02
1.014220E+02
3.020688E+02
1.955183E+02
6.477095E+02
1.479593E+02
4.014966E+02
2.021100E+02
3.520399E+02
1.522768E+02
4.007419E+02
1.982044E+02
2.981567E+02
2.455259E+02
2.521584E+02
2.518017E+02
3.494398E+02
1.513605E+02
2.507031E+02
1.506674E+02
3.015091E+02
3.992848E+02
2.504030E+02
3.008537E+02
3.991118E+02
5.006124E+02
2.445814E+02
1.518714E+02
2.530057E+02
2.013681E+02
2.014577E+02
5.016169E+01
1.010165E+02
1.010165E+02
9.669904E+01
1.011989E+02
2.447637E+02
2.522717E+02
3.498797E+02
2.523125E+02
5.016169E+01
2.459677E+02
4.016108E+02
4.469836E+02
5.016169E+01
9.669904E+01
1.515837E+02
0.000000E+00
1.000357E+02
2.506825E+02
4.041839E+02
4.549334E+02
2.498558E+02
9.991792E+01
1.513605E+02
4.485812E+02
5.016169E+01
2.486174E+02
3.512496E+02
2.486030E+02
5.016169E+01
3.008648E+02
3.033497E+02
1.458193E+02
1.489872E+02
5.016169E+01
2.508085E+02
1.442580E+02
5.964492E+02
9.669904E+01
3.502363E+02
1.508497E+02
3.007796E+02
1.010165E+02
3.494816E+02
1.469441E+02
2.468964E+02
1.942656E+02
2.008981E+02
2.515140E+02
3.491521E+02
1.510729E+02
2.504154E+02
1.503797E+02
3.012215E+02
3.989971E+02
2.501153E+02
3.005661E+02
3.988241E+02
5.003247E+02
2.442937E+02
1.515837E+02
2.527180E+02
2.010804E+02
2.011700E+02
4.987401E+01
1.007288E+02
1.007288E+02
9.641136E+01
2.012346E+02
2.444761E+02
2.519840E+02
3.495920E+02
2.520249E+02
4.987401E+01
2.456800E+02
4.013231E+02
4.466959E+02
4.987401E+01
9.641136E+01
1.512960E+02
1.000357E+02
0.000000E+00
2.503948E+02
4.038962E+02
3.548977E+02
3.498915E+02
9.963024E+01
1.510729E+02
4.482935E+02
4.987401E+01
2.483297E+02
3.509619E+02
2.483154E+02
4.987401E+01
3.005771E+02
3.030620E+02
1.455316E+02
1.486995E+02
4.987401E+01
2.505208E+02
1.439704E+02
5.961615E+02
9.641136E+01
3.499487E+02
1.505620E+02
3.004919E+02
1.007288E+02
3.491939E+02
1.466564E+02
2.466088E+02
1.939779E+02
2.006104E+02
4.021608E+02
4.997989E+02
3.017196E+02
4.010622E+02
3.010265E+02
3.532395E+02
5.496439E+02
4.007621E+02
4.512128E+02
5.494709E+02
4.516547E+02
3.949405E+02
3.022305E+02
4.033648E+02
2.510392E+02
3.518168E+02
2.005208E+02
2.513756E+02
2.513756E+02
2.470581E+02
3.518813E+02
3.951228E+02
4.026308E+02
5.002388E+02
4.026716E+02
2.005208E+02
3.963268E+02
4.519548E+02
5.973427E+02
2.005208E+02
2.470581E+02
3.019428E+02
2.506825E+02
2.503948E+02
0.000000E+00
5.545430E+02
6.052925E+02
4.005232E+02
2.502770E+02
3.017196E+02
5.989403E+02
2.005208E+02
3.989765E+02
5.016087E+02
3.003333E+02
2.005208E+02
4.512239E+02
4.537088E+02
2.961784E+02
2.993463E+02
2.005208E+02
4.011676E+02
2.946171E+02
7.468083E+02
2.470581E+02
5.005954E+02
3.012088E+02
3.525099E+02
2.513756E+02
4.998407E+02
2.973032E+02
3.972555E+02
2.446096E+02
3.512572E+02
5.556622E+02
6.533003E+02
4.552211E+02
5.545636E+02
4.545279E+02
6.053697E+02
6.028220E+02
5.542635E+02
6.047143E+02
7.029723E+02
8.044729E+02
5.484419E+02
4.557319E+02
5.568662E+02
5.052286E+02
5.053182E+02
3.540222E+02
4.048771E+02
4.048771E+02
4.005596E+02
5.053828E+02
5.486243E+02
5.561322E+02
5.526059E+02
4.564250E+02
3.540222E+02
5.498282E+02
7.054713E+02
6.510961E+02
3.540222E+02
4.005596E+02
4.554442E+02
4.041839E+02
4.038962E+02
5.545430E+02
0.000000E+00
7.587939E+02
6.540397E+02
4.037784E+02
4.552211E+02
6.526937E+02
3.540222E+02
5.524779E+02
6.551101E+02
5.524636E+02
3.540222E+02
5.035910E+02
6.072102E+02
4.496798E+02
4.528477E+02
3.540222E+02
5.546690E+02
4.481186E+02
9.003097E+02
4.005596E+02
6.540969E+02
4.547102E+02
5.029305E+02
4.048771E+02
6.533421E+02
4.508046E+02
5.507570E+02
4.981261E+02
5.047586E+02
5.052774E+02
6.029155E+02
5.059705E+02
6.053131E+02
5.052774E+02
6.561191E+02
7.538948E+02
6.050130E+02
6.554637E+02
7.537218E+02
8.552224E+02
5.991914E+02
5.064814E+02
6.076157E+02
5.559781E+02
5.560677E+02
4.047717E+02
4.556265E+02
4.556265E+02
4.513090E+02
5.561322E+02
5.993737E+02
6.068817E+02
7.044897E+02
6.069225E+02
4.047717E+02
6.005777E+02
7.562208E+02
8.015936E+02
4.047717E+02
4.513090E+02
5.061937E+02
4.549334E+02
3.548977E+02
6.052925E+02
7.587939E+02
0.000000E+00
7.047892E+02
4.545279E+02
5.059705E+02
8.031912E+02
4.047717E+02
6.032274E+02
7.058596E+02
6.032130E+02
4.047717E+02
6.554748E+02
5.562500E+02
5.004293E+02
5.035972E+02
4.047717E+02
5.037088E+02
4.988680E+02
9.510592E+02
4.513090E+02
6.041583E+02
5.054597E+02
6.553896E+02
4.556265E+02
7.040916E+02
5.015541E+02
6.015064E+02
5.488756E+02
5.555081E+02
5.016575E+02
5.992956E+02
4.012163E+02
5.005589E+02
4.005232E+02
5.513649E+02
6.491406E+02
4.027080E+02
5.507095E+02
6.489676E+02
6.529174E+02
4.944372E+02
4.017272E+02
5.028615E+02
4.512239E+02
4.513135E+02
3.000175E+02
3.508723E+02
3.508723E+02
3.465548E+02
3.510547E+02
4.946195E+02
5.021275E+02
5.021847E+02
4.010340E+02
3.000175E+02
4.958235E+02
5.514515E+02
5.957051E+02
3.000175E+02
3.465548E+02
4.014395E+02
2.498558E+02
3.498915E+02
4.005232E+02
6.540397E+02
7.047892E+02
0.000000E+00
3.497737E+02
4.012163E+02
6.984370E+02
3.000175E+02
4.984732E+02
6.011054E+02
4.009080E+02
3.000175E+02
5.507206E+02
5.532055E+02
3.956751E+02
3.988430E+02
3.000175E+02
4.031135E+02
3.941138E+02
6.484308E+02
3.465548E+02
6.000921E+02
4.007055E+02
5.506354E+02
3.508723E+02
5.993374E+02
3.967999E+02
3.992014E+02
3.441063E+02
4.507539E+02
2.513962E+02
3.490343E+02
1.509551E+02
2.502976E+02
1.502619E+02
3.011037E+02
3.988794E+02
2.499975E+02
3.004483E+02
3.987064E+02
5.002069E+02
2.441760E+02
1.514659E+02
2.526002E+02
2.009626E+02
2.010522E+02
4.975623E+01
1.006111E+02
1.006111E+02
9.629358E+01
2.011168E+02
2.443583E+02
2.518662E+02
3.494742E+02
2.519071E+02
4.975623E+01
2.455623E+02
4.012053E+02
4.465781E+02
4.975623E+01
9.629358E+01
1.511782E+02
9.991792E+01
9.963024E+01
2.502770E+02
4.037784E+02
4.545279E+02
3.497737E+02
0.000000E+00
1.509551E+02
4.481757E+02
4.975623E+01
2.482120E+02
3.508442E+02
2.481976E+02
4.975623E+01
3.004593E+02
3.029442E+02
1.454138E+02
1.485817E+02
4.975623E+01
2.504030E+02
1.438526E+02
5.960437E+02
9.629358E+01
3.498309E+02
1.504443E+02
3.003742E+02
1.006111E+02
3.490761E+02
4.702620E+01
2.464910E+02
1.938601E+02
2.004926E+02
3.028389E+02
4.004770E+02
1.017097E+02
3.017403E+02
2.017046E+02
3.525463E+02
4.503220E+02
3.014402E+02
3.518909E+02
4.501490E+02
4.499399E+02
2.956186E+02
2.029085E+02
3.040428E+02
2.524052E+02
2.524949E+02
1.011989E+02
1.520537E+02
1.520537E+02
1.477362E+02
2.525594E+02
2.958009E+02
2.026208E+02
4.009168E+02
3.033497E+02
1.011989E+02
2.970049E+02
4.526479E+02
4.980207E+02
1.011989E+02
1.477362E+02
2.026208E+02
1.513605E+02
1.510729E+02
3.017196E+02
4.552211E+02
5.059705E+02
4.012163E+02
1.509551E+02
0.000000E+00
4.996183E+02
1.011989E+02
2.996546E+02
4.022868E+02
2.996402E+02
1.011989E+02
3.519019E+02
2.536988E+02
1.968564E+02
2.000243E+02
1.011989E+02
3.018456E+02
1.952952E+02
6.474864E+02
1.477362E+02
4.012735E+02
2.018869E+02
3.518168E+02
1.520537E+02
4.005187E+02
1.979813E+02
2.979336E+02
2.453027E+02
2.519352E+02
6.000595E+02
5.994571E+02
4.996183E+02
5.989609E+02
4.989252E+02
6.497669E+02
7.475426E+02
3.974387E+02
6.491115E+02
6.542949E+02
8.488702E+02
4.997645E+02
5.001292E+02
6.012635E+02
5.496259E+02
5.497155E+02
3.984195E+02
4.492743E+02
4.492743E+02
3.518821E+02
5.497800E+02
4.999469E+02
6.005295E+02
5.998970E+02
2.974030E+02
3.984195E+02
5.011508E+02
7.498686E+02
6.024187E+02
3.984195E+02
3.518821E+02
3.987072E+02
4.485812E+02
4.482935E+02
5.989403E+02
6.526937E+02
8.031912E+02
6.984370E+02
4.481757E+02
4.996183E+02
0.000000E+00
3.984195E+02
5.968752E+02
6.995074E+02
5.968608E+02
3.984195E+02
6.491226E+02
6.516075E+02
3.027619E+02
4.972450E+02
3.984195E+02
5.990663E+02
3.994411E+02
8.464665E+02
3.518821E+02
6.002537E+02
4.991075E+02
6.490374E+02
4.492743E+02
6.046647E+02
4.952019E+02
5.020795E+02
4.494487E+02
5.491559E+02
2.016400E+02
2.992781E+02
1.011989E+02
2.005414E+02
1.005057E+02
2.513475E+02
3.491231E+02
2.002413E+02
2.506920E+02
3.489501E+02
4.504507E+02
1.944197E+02
1.017097E+02
2.028440E+02
1.512064E+02
1.512960E+02
0.000000E+00
5.085484E+01
5.085484E+01
4.653735E+01
1.513605E+02
1.946021E+02
2.021100E+02
2.997180E+02
2.021508E+02
0.000000E+00
1.958060E+02
3.514491E+02
3.968219E+02
0.000000E+00
4.653735E+01
1.014220E+02
5.016169E+01
4.987401E+01
2.005208E+02
3.540222E+02
4.047717E+02
3.000175E+02
4.975623E+01
1.011989E+02
3.984195E+02
0.000000E+00
1.984557E+02
3.010879E+02
1.984413E+02
0.000000E+00
2.507031E+02
2.531880E+02
9.565759E+01
9.882550E+01
0.000000E+00
2.006468E+02
9.409635E+01
5.462875E+02
4.653735E+01
3.000746E+02
1.006880E+02
2.506179E+02
5.085484E+01
2.993199E+02
9.678242E+01
1.967347E+02
1.441039E+02
1.507364E+02
4.000958E+02
4.977338E+02
2.996546E+02
3.989971E+02
2.989614E+02
4.498032E+02
5.475789E+02
3.986970E+02
4.491478E+02
5.474059E+02
6.489064E+02
3.928755E+02
3.001654E+02
4.012997E+02
3.496621E+02
3.497517E+02
1.984557E+02
2.493106E+02
2.493106E+02
2.449931E+02
3.498163E+02
3.930578E+02
4.005658E+02
4.981737E+02
4.006066E+02
1.984557E+02
3.942618E+02
5.499048E+02
5.952776E+02
1.984557E+02
2.449931E+02
2.998777E+02
2.486174E+02
2.483297E+02
3.989765E+02
5.524779E+02
6.032274E+02
4.984732E+02
2.482120E+02
2.996546E+02
5.968752E+02
1.984557E+02
0.000000E+00
4.995437E+02
3.968971E+02
1.984557E+02
4.491588E+02
4.516437E+02
2.941133E+02
1.996453E+02
1.984557E+02
3.991025E+02
2.925521E+02
7.447432E+02
2.449931E+02
4.985304E+02
2.991438E+02
4.490737E+02
2.493106E+02
4.977756E+02
2.952382E+02
3.951905E+02
3.425596E+02
3.491921E+02
5.027279E+02
6.003660E+02
4.022868E+02
5.016293E+02
4.015936E+02
5.524354E+02
6.502111E+02
5.013292E+02
5.517800E+02
6.500381E+02
7.515386E+02
4.955077E+02
4.027976E+02
5.039319E+02
4.522943E+02
3.520606E+02
3.010879E+02
3.519428E+02
3.519428E+02
3.476253E+02
4.524485E+02
4.956900E+02
5.031980E+02
6.008059E+02
5.032388E+02
3.010879E+02
4.968940E+02
5.514027E+02
5.962001E+02
3.010879E+02
3.476253E+02
4.025099E+02
3.512496E+02
3.509619E+02
5.016087E+02
6.551101E+02
7.058596E+02
6.011054E+02
3.508442E+02
4.022868E+02
6.995074E+02
3.010879E+02
4.995437E+02
0.000000E+00
4.995293E+02
3.010879E+02
5.517910E+02
4.531416E+02
3.967455E+02
3.999134E+02
3.010879E+02
5.017347E+02
3.951843E+02
6.473040E+02
3.476253E+02
6.011626E+02
4.017760E+02
5.517059E+02
3.519428E+02
6.004078E+02
3.978704E+02
4.978227E+02
4.451918E+02
4.518243E+02
4.000814E+02
4.977195E+02
2.996402E+02
3.989827E+02
2.989470E+02
3.511600E+02
5.475645E+02
3.011319E+02
4.491334E+02
5.473915E+02
4.527125E+02
3.928611E+02
3.001510E+02
4.012853E+02
3.496477E+02
3.497373E+02
1.984413E+02
2.492962E+02
2.492962E+02
2.449787E+02
3.498019E+02
3.930434E+02
4.005514E+02
4.006085E+02
4.005922E+02
1.984413E+02
3.942474E+02
5.498904E+02
5.952632E+02
1.984413E+02
2.449787E+02
2.998633E+02
2.486030E+02
2.483154E+02
3.003333E+02
5.524636E+02
6.032130E+02
4.009080E+02
2.481976E+02
2.996402E+02
5.968608E+02
1.984413E+02
3.968971E+02
4.995293E+02
0.000000E+00
1.984413E+02
4.491444E+02
4.516293E+02
2.940989E+02
2.972668E+02
1.984413E+02
3.015373E+02
2.925377E+02
6.471781E+02
2.449787E+02
3.985009E+02
2.991294E+02
3.504305E+02
2.492962E+02
4.977612E+02
2.952238E+02
2.976253E+02
3.425452E+02
3.491777E+02
2.016400E+02
2.992781E+02
1.011989E+02
2.005414E+02
1.005057E+02
2.513475E+02
3.491231E+02
2.002413E+02
2.506920E+02
3.489501E+02
4.504507E+02
1.944197E+02
1.017097E+02
2.028440E+02
1.512064E+02
1.512960E+02
0.000000E+00
5.085484E+01
5.085484E+01
4.653735E+01
1.513605E+02
1.946021E+02
2.021100E+02
2.997180E+02
2.021508E+02
0.000000E+00
1.958060E+02
3.514491E+02
3.968219E+02
0.000000E+00
4.653735E+01
1.014220E+02
5.016169E+01
4.987401E+01
2.005208E+02
3.540222E+02
4.047717E+02
3.000175E+02
4.975623E+01
1.011989E+02
3.984195E+02
0.000000E+00
1.984557E+02
3.010879E+02
1.984413E+02
0.000000E+00
2.507031E+02
2.531880E+02
9.565759E+01
9.882550E+01
0.000000E+00
2.006468E+02
9.409635E+01
5.462875E+02
4.653735E+01
3.000746E+02
1.006880E+02
2.506179E+02
5.085484E+01
2.993199E+02
9.678242E+01
1.967347E+02
1.441039E+02
1.507364E+02
4.523431E+02
5.499812E+02
3.519019E+02
4.512445E+02
3.512088E+02
5.020505E+02
5.998262E+02
4.509444E+02
5.013951E+02
5.996532E+02
7.011538E+02
4.451228E+02
3.524128E+02
4.535471E+02
4.019095E+02
4.019991E+02
2.507031E+02
3.015579E+02
3.015579E+02
2.972404E+02
4.020636E+02
4.453052E+02
4.528131E+02
4.492868E+02
4.528539E+02
2.507031E+02
4.465091E+02
6.021522E+02
6.475250E+02
2.507031E+02
2.972404E+02
3.521251E+02
3.008648E+02
3.005771E+02
4.512239E+02
5.035910E+02
6.554748E+02
5.507206E+02
3.004593E+02
3.519019E+02
6.491226E+02
2.507031E+02
4.491588E+02
5.517910E+02
4.491444E+02
2.507031E+02
0.000000E+00
5.038911E+02
3.463607E+02
3.495286E+02
2.507031E+02
4.513499E+02
3.447994E+02
6.994398E+02
2.972404E+02
5.507777E+02
3.513911E+02
5.013210E+02
3.015579E+02
5.500230E+02
3.474855E+02
4.474378E+02
3.948070E+02
4.014395E+02
4.548280E+02
5.524661E+02
2.536988E+02
4.537294E+02
3.536937E+02
5.045355E+02
6.023111E+02
4.534293E+02
5.038800E+02
6.021381E+02
7.036387E+02
4.476077E+02
3.548977E+02
4.560320E+02
4.043944E+02
4.044840E+02
2.531880E+02
3.040428E+02
3.040428E+02
2.997254E+02
4.045485E+02
4.477901E+02
3.546100E+02
5.529060E+02
4.553388E+02
2.531880E+02
4.489940E+02
5.035028E+02
6.500099E+02
2.531880E+02
2.997254E+02
3.546100E+02
3.033497E+02
3.030620E+02
4.537088E+02
6.072102E+02
5.562500E+02
5.532055E+02
3.029442E+02
2.536988E+02
6.516075E+02
2.531880E+02
4.516437E+02
4.531416E+02
4.516293E+02
2.531880E+02
5.038911E+02
0.000000E+00
3.488456E+02
3.520135E+02
2.531880E+02
4.538348E+02
3.472844E+02
7.994755E+02
2.997254E+02
5.532627E+02
3.538760E+02
5.038059E+02
3.040428E+02
5.525079E+02
3.499704E+02
4.499227E+02
3.972919E+02
4.039244E+02
2.972976E+02
2.966952E+02
1.968564E+02
2.961990E+02
1.961633E+02
3.470050E+02
4.447807E+02
2.958989E+02
3.463496E+02
3.515330E+02
5.461083E+02
1.970026E+02
1.973673E+02
2.985016E+02
2.468640E+02
2.469536E+02
9.565759E+01
1.465124E+02
1.465124E+02
4.912024E+01
2.470181E+02
1.971849E+02
2.977676E+02
2.971351E+02
2.978084E+02
9.565759E+01
1.983889E+02
4.471067E+02
3.994048E+02
9.565759E+01
4.912024E+01
1.970796E+02
1.458193E+02
1.455316E+02
2.961784E+02
4.496798E+02
5.004293E+02
3.956751E+02
1.454138E+02
1.968564E+02
3.027619E+02
9.565759E+01
2.941133E+02
3.967455E+02
2.940989E+02
9.565759E+01
3.463607E+02
3.488456E+02
0.000000E+00
1.944831E+02
9.565759E+01
2.963044E+02
9.667924E+01
5.437046E+02
4.912024E+01
2.974918E+02
1.963456E+02
3.462755E+02
1.465124E+02
3.019028E+02
1.924400E+02
1.993176E+02
1.466868E+02
2.463940E+02
3.004655E+02
3.981036E+02
2.000243E+02
2.993669E+02
1.993312E+02
3.501730E+02
4.479486E+02
2.990668E+02
3.495175E+02
3.477606E+02
5.492762E+02
2.932452E+02
2.005352E+02
3.016695E+02
2.500319E+02
2.501215E+02
9.882550E+01
1.496803E+02
1.496803E+02
1.453628E+02
2.501860E+02
2.934276E+02
3.009355E+02
3.985435E+02
3.009763E+02
9.882550E+01
2.946315E+02
4.502746E+02
4.956474E+02
9.882550E+01
1.453628E+02
2.002475E+02
1.489872E+02
1.486995E+02
2.993463E+02
4.528477E+02
5.035972E+02
3.988430E+02
1.485817E+02
2.000243E+02
4.972450E+02
9.882550E+01
1.996453E+02
3.999134E+02
2.972668E+02
9.882550E+01
3.495286E+02
3.520135E+02
1.944831E+02
0.000000E+00
9.882550E+01
2.994723E+02
1.929218E+02
6.451130E+02
1.453628E+02
3.989001E+02
1.995135E+02
3.494434E+02
1.496803E+02
3.981454E+02
1.956079E+02
2.955602E+02
2.429294E+02
2.495619E+02
2.016400E+02
2.992781E+02
1.011989E+02
2.005414E+02
1.005057E+02
2.513475E+02
3.491231E+02
2.002413E+02
2.506920E+02
3.489501E+02
4.504507E+02
1.944197E+02
1.017097E+02
2.028440E+02
1.512064E+02
1.512960E+02
0.000000E+00
5.085484E+01
5.085484E+01
4.653735E+01
1.513605E+02
1.946021E+02
2.021100E+02
2.997180E+02
2.021508E+02
0.000000E+00
1.958060E+02
3.514491E+02
3.968219E+02
0.000000E+00
4.653735E+01
1.014220E+02
5.016169E+01
4.987401E+01
2.005208E+02
3.540222E+02
4.047717E+02
3.000175E+02
4.975623E+01
1.011989E+02
3.984195E+02
0.000000E+00
1.984557E+02
3.010879E+02
1.984413E+02
0.000000E+00
2.507031E+02
2.531880E+02
9.565759E+01
9.882550E+01
0.000000E+00
2.006468E+02
9.409635E+01
5.462875E+02
4.653735E+01
3.000746E+02
1.006880E+02
2.506179E+02
5.085484E+01
2.993199E+02
9.678242E+01
1.967347E+02
1.441039E+02
1.507364E+02
4.022868E+02
4.999249E+02
3.018456E+02
4.011882E+02
3.011525E+02
4.519942E+02
5.497699E+02
3.033373E+02
4.513388E+02
5.495969E+02
5.535467E+02
3.950665E+02
3.023564E+02
4.034908E+02
3.518532E+02
3.519428E+02
2.006468E+02
2.515016E+02
2.515016E+02
2.471841E+02
3.520073E+02
3.952488E+02
4.027568E+02
4.028139E+02
4.027976E+02
2.006468E+02
3.964528E+02
5.520958E+02
5.974687E+02
2.006468E+02
2.471841E+02
3.020688E+02
2.508085E+02
2.505208E+02
4.011676E+02
5.546690E+02
5.037088E+02
4.031135E+02
2.504030E+02
3.018456E+02
5.990663E+02
2.006468E+02
3.991025E+02
5.017347E+02
3.015373E+02
2.006468E+02
4.513499E+02
4.538348E+02
2.963044E+02
2.994723E+02
2.006468E+02
0.000000E+00
2.947431E+02
6.493835E+02
2.471841E+02
5.007214E+02
3.013348E+02
4.512647E+02
2.515016E+02
4.999667E+02
2.974292E+02
2.998307E+02
3.447507E+02
3.513832E+02
2.957364E+02
3.933745E+02
1.952952E+02
2.946378E+02
1.946021E+02
3.454438E+02
4.432195E+02
2.943377E+02
3.447884E+02
3.499718E+02
5.445470E+02
1.003234E+02
1.958060E+02
2.969403E+02
2.453027E+02
2.453924E+02
9.409635E+01
1.449512E+02
1.449512E+02
4.755900E+01
2.454569E+02
1.005057E+02
2.962064E+02
3.938143E+02
2.962472E+02
9.409635E+01
1.017097E+02
4.455454E+02
3.027255E+02
9.409635E+01
4.755900E+01
1.955183E+02
1.442580E+02
1.439704E+02
2.946171E+02
4.481186E+02
4.988680E+02
3.941138E+02
1.438526E+02
1.952952E+02
3.994411E+02
9.409635E+01
2.925521E+02
3.951843E+02
2.925377E+02
9.409635E+01
3.447994E+02
3.472844E+02
9.667924E+01
1.929218E+02
9.409635E+01
2.947431E+02
0.000000E+00
6.403839E+02
4.755900E+01
3.941710E+02
1.947844E+02
3.447143E+02
1.449512E+02
3.003415E+02
1.908788E+02
1.977564E+02
5.000754E+01
2.448327E+02
7.479275E+02
7.473251E+02
6.474864E+02
7.468289E+02
6.467932E+02
7.976350E+02
8.954106E+02
6.489780E+02
6.982025E+02
8.952376E+02
8.004104E+02
7.407072E+02
6.479972E+02
7.491315E+02
6.974939E+02
6.975835E+02
5.462875E+02
5.971423E+02
5.971423E+02
5.928249E+02
6.976480E+02
7.408896E+02
7.483975E+02
6.502142E+02
7.484383E+02
5.462875E+02
7.420935E+02
7.989596E+02
9.431094E+02
5.462875E+02
5.928249E+02
6.477095E+02
5.964492E+02
5.961615E+02
7.468083E+02
9.003097E+02
9.510592E+02
6.484308E+02
5.960437E+02
6.474864E+02
8.464665E+02
5.462875E+02
7.447432E+02
6.473040E+02
6.471781E+02
5.462875E+02
6.994398E+02
7.994755E+02
5.437046E+02
6.451130E+02
5.462875E+02
6.493835E+02
6.403839E+02
0.000000E+00
5.928249E+02
7.481217E+02
5.462875E+02
7.969054E+02
5.971423E+02
8.456074E+02
6.430699E+02
6.454715E+02
6.903914E+02
5.958896E+02
2.481774E+02
3.458155E+02
1.477362E+02
2.470788E+02
1.470431E+02
2.978848E+02
3.956605E+02
2.467787E+02
2.972294E+02
3.024128E+02
4.969880E+02
1.478824E+02
1.482470E+02
2.493813E+02
1.977437E+02
1.978334E+02
4.653735E+01
9.739219E+01
9.739219E+01
0.000000E+00
1.978979E+02
1.480647E+02
2.486474E+02
3.462553E+02
2.486882E+02
4.653735E+01
1.492687E+02
3.979864E+02
3.502845E+02
4.653735E+01
0.000000E+00
1.479593E+02
9.669904E+01
9.641136E+01
2.470581E+02
4.005596E+02
4.513090E+02
3.465548E+02
9.629358E+01
1.477362E+02
3.518821E+02
4.653735E+01
2.449931E+02
3.476253E+02
2.449787E+02
4.653735E+01
2.972404E+02
2.997254E+02
4.912024E+01
1.453628E+02
4.653735E+01
2.471841E+02
4.755900E+01
5.928249E+02
0.000000E+00
3.466120E+02
1.472254E+02
2.971553E+02
9.739219E+01
2.527825E+02
1.433198E+02
1.501974E+02
9.756654E+01
1.972737E+02
5.017147E+02
5.011123E+02
4.012735E+02
5.006161E+02
4.005804E+02
5.514221E+02
6.491978E+02
5.003159E+02
4.510187E+02
6.490248E+02
7.505253E+02
4.944944E+02
4.017843E+02
5.029186E+02
4.512810E+02
4.513707E+02
3.000746E+02
3.509295E+02
3.509295E+02
3.466120E+02
4.514352E+02
4.946767E+02
5.021847E+02
5.015521E+02
5.022255E+02
3.000746E+02
4.958807E+02
6.515237E+02
6.968965E+02
3.000746E+02
3.466120E+02
4.014966E+02
3.502363E+02
3.499487E+02
5.005954E+02
6.540969E+02
6.041583E+02
6.000921E+02
3.498309E+02
4.012735E+02
6.002537E+02
3.000746E+02
4.985304E+02
6.011626E+02
3.985009E+02
3.000746E+02
5.507777E+02
5.532627E+02
2.974918E+02
3.989001E+02
3.000746E+02
5.007214E+02
3.941710E+02
7.481217E+02
3.466120E+02
0.000000E+00
4.007627E+02
4.509446E+02
3.509295E+02
5.993945E+02
3.968571E+02
4.968094E+02
4.441785E+02
4.508110E+02
3.023280E+02
3.999661E+02
2.018869E+02
3.012294E+02
2.011937E+02
3.520355E+02
4.498112E+02
3.009293E+02
3.513801E+02
4.496382E+02
5.511387E+02
2.951078E+02
2.023977E+02
3.035320E+02
2.518944E+02
2.519840E+02
1.006880E+02
1.515429E+02
1.515429E+02
1.472254E+02
2.520486E+02
2.952901E+02
3.027980E+02
4.004060E+02
3.028389E+02
1.006880E+02
2.964941E+02
4.521371E+02
4.975099E+02
1.006880E+02
1.472254E+02
2.021100E+02
1.508497E+02
1.505620E+02
3.012088E+02
4.547102E+02
5.054597E+02
4.007055E+02
1.504443E+02
2.018869E+02
4.991075E+02
1.006880E+02
2.991438E+02
4.017760E+02
2.991294E+02
1.006880E+02
3.513911E+02
3.538760E+02
1.963456E+02
1.995135E+02
1.006880E+02
3.013348E+02
1.947844E+02
5.462875E+02
1.472254E+02
4.007627E+02
0.000000E+00
3.513060E+02
1.515429E+02
4.000079E+02
1.974704E+02
2.974228E+02
2.447919E+02
2.514244E+02
4.522580E+02
5.498960E+02
3.518168E+02
4.511593E+02
3.511236E+02
4.033366E+02
5.997411E+02
4.508592E+02
4.015620E+02
5.995681E+02
5.024248E+02
4.450377E+02
3.523276E+02
4.534619E+02
4.018243E+02
4.019139E+02
2.506179E+02
3.014728E+02
3.014728E+02
2.971553E+02
4.019785E+02
4.452200E+02
4.527280E+02
5.503359E+02
4.527688E+02
2.506179E+02
4.464240E+02
6.020670E+02
6.474398E+02
2.506179E+02
2.971553E+02
3.520399E+02
3.007796E+02
3.004919E+02
3.525099E+02
5.029305E+02
6.553896E+02
5.506354E+02
3.003742E+02
3.518168E+02
6.490374E+02
2.506179E+02
4.490737E+02
5.517059E+02
3.504305E+02
2.506179E+02
5.013210E+02
5.038059E+02
3.462755E+02
3.494434E+02
2.506179E+02
4.512647E+02
3.447143E+02
7.969054E+02
2.971553E+02
4.509446E+02
3.513060E+02
0.000000E+00
3.014728E+02
5.499378E+02
3.474004E+02
4.473527E+02
3.947218E+02
4.013543E+02
2.524949E+02
3.501329E+02
1.520537E+02
2.513962E+02
1.513605E+02
3.022023E+02
3.999780E+02
2.510961E+02
3.015469E+02
3.998050E+02
5.013055E+02
2.452746E+02
1.525645E+02
2.536988E+02
2.020612E+02
2.021508E+02
5.085484E+01
1.017097E+02
1.017097E+02
9.739219E+01
2.022154E+02
2.454569E+02
2.529649E+02
3.505728E+02
2.530057E+02
5.085484E+01
2.466609E+02
4.023039E+02
4.476767E+02
5.085484E+01
9.739219E+01
1.522768E+02
1.010165E+02
1.007288E+02
2.513756E+02
4.048771E+02
4.556265E+02
3.508723E+02
1.006111E+02
1.520537E+02
4.492743E+02
5.085484E+01
2.493106E+02
3.519428E+02
2.492962E+02
5.085484E+01
3.015579E+02
3.040428E+02
1.465124E+02
1.496803E+02
5.085484E+01
2.515016E+02
1.449512E+02
5.971423E+02
9.739219E+01
3.509295E+02
1.515429E+02
3.014728E+02
0.000000E+00
3.501747E+02
1.476373E+02
2.475896E+02
1.949587E+02
2.015912E+02
5.009599E+02
5.985980E+02
4.005187E+02
4.998613E+02
3.998256E+02
5.506673E+02
6.484430E+02
4.995612E+02
5.500119E+02
4.545073E+02
7.497706E+02
4.006649E+02
4.010296E+02
5.021639E+02
4.505263E+02
4.506159E+02
2.993199E+02
3.501747E+02
3.501747E+02
2.527825E+02
3.499924E+02
4.008472E+02
5.014299E+02
5.990379E+02
5.014707E+02
2.993199E+02
4.020512E+02
5.496346E+02
5.019328E+02
2.993199E+02
2.527825E+02
4.007419E+02
3.494816E+02
3.491939E+02
4.998407E+02
6.533421E+02
7.040916E+02
5.993374E+02
3.490761E+02
4.005187E+02
6.046647E+02
2.993199E+02
4.977756E+02
6.004078E+02
4.977612E+02
2.993199E+02
5.500230E+02
5.525079E+02
3.019028E+02
3.981454E+02
2.993199E+02
4.999667E+02
3.003415E+02
8.456074E+02
2.527825E+02
5.993945E+02
4.000079E+02
5.499378E+02
3.501747E+02
0.000000E+00
3.961023E+02
4.029799E+02
3.503491E+02
4.500563E+02
2.984224E+02
3.020081E+02
1.979813E+02
2.973238E+02
1.972881E+02
3.481299E+02
3.518532E+02
2.970237E+02
3.474745E+02
4.457326E+02
5.472331E+02
2.912022E+02
1.984921E+02
2.996264E+02
2.479888E+02
2.480784E+02
9.678242E+01
1.476373E+02
1.476373E+02
1.433198E+02
2.481430E+02
2.913845E+02
2.988924E+02
3.965004E+02
2.989333E+02
9.678242E+01
2.925885E+02
4.482315E+02
4.936043E+02
9.678242E+01
1.433198E+02
1.982044E+02
1.469441E+02
1.466564E+02
2.973032E+02
4.508046E+02
5.015541E+02
3.967999E+02
4.702620E+01
1.979813E+02
4.952019E+02
9.678242E+01
2.952382E+02
3.978704E+02
2.952238E+02
9.678242E+01
3.474855E+02
3.499704E+02
1.924400E+02
1.956079E+02
9.678242E+01
2.974292E+02
1.908788E+02
6.430699E+02
1.433198E+02
3.968571E+02
1.974704E+02
3.474004E+02
1.476373E+02
3.961023E+02
0.000000E+00
2.935172E+02
2.408863E+02
2.475188E+02
3.983748E+02
4.960128E+02
2.979336E+02
3.972761E+02
2.972404E+02
4.480822E+02
5.458579E+02
2.994252E+02
4.474268E+02
4.526102E+02
5.496346E+02
2.980798E+02
2.984444E+02
3.995787E+02
3.479411E+02
2.468964E+02
1.967347E+02
2.475896E+02
2.475896E+02
1.501974E+02
3.480953E+02
2.982621E+02
3.988448E+02
3.989019E+02
3.988856E+02
1.967347E+02
2.994661E+02
5.481838E+02
5.004819E+02
1.967347E+02
1.501974E+02
2.981567E+02
2.468964E+02
2.466088E+02
3.972555E+02
5.507570E+02
6.015064E+02
3.992014E+02
2.464910E+02
2.979336E+02
5.020795E+02
1.967347E+02
3.951905E+02
4.978227E+02
2.976253E+02
1.967347E+02
4.474378E+02
4.499227E+02
1.993176E+02
2.955602E+02
1.967347E+02
2.998307E+02
1.977564E+02
6.454715E+02
1.501974E+02
4.968094E+02
2.974228E+02
4.473527E+02
2.475896E+02
4.029799E+02
2.935172E+02
0.000000E+00
2.477639E+02
3.474711E+02
3.457439E+02
4.433820E+02
2.453027E+02
3.446453E+02
2.446096E+02
3.954513E+02
4.932270E+02
3.443452E+02
3.947959E+02
3.999793E+02
5.945546E+02
1.503309E+02
2.458136E+02
3.469479E+02
2.953103E+02
2.953999E+02
1.441039E+02
1.949587E+02
1.949587E+02
9.756654E+01
2.954644E+02
1.505132E+02
3.462139E+02
4.438219E+02
3.462547E+02
1.441039E+02
1.517172E+02
3.955379E+02
3.527331E+02
1.441039E+02
9.756654E+01
2.455259E+02
1.942656E+02
1.939779E+02
2.446096E+02
4.981261E+02
5.488756E+02
3.441063E+02
1.938601E+02
2.453027E+02
4.494487E+02
1.441039E+02
3.425596E+02
4.451918E+02
3.425452E+02
1.441039E+02
3.948070E+02
3.972919E+02
1.466868E+02
2.429294E+02
1.441039E+02
3.447507E+02
5.000754E+01
6.903914E+02
9.756654E+01
4.441785E+02
2.447919E+02
3.947218E+02
1.949587E+02
3.503491E+02
2.408863E+02
2.477639E+02
0.000000E+00
2.948403E+02
3.523764E+02
4.500145E+02
2.519352E+02
3.512778E+02
2.512421E+02
4.020838E+02
4.012307E+02
3.509777E+02
4.014284E+02
4.996865E+02
6.011871E+02
3.451561E+02
2.524461E+02
3.535804E+02
3.019428E+02
3.020324E+02
1.507364E+02
2.015912E+02
2.015912E+02
1.972737E+02
3.020969E+02
3.453384E+02
3.528464E+02
4.504544E+02
3.528872E+02
1.507364E+02
3.465424E+02
5.021855E+02
5.475583E+02
1.507364E+02
1.972737E+02
2.521584E+02
2.008981E+02
2.006104E+02
3.512572E+02
5.047586E+02
5.555081E+02
4.507539E+02
2.004926E+02
2.519352E+02
5.491559E+02
1.507364E+02
3.491921E+02
4.518243E+02
3.491777E+02
1.507364E+02
4.014395E+02
4.039244E+02
2.463940E+02
2.495619E+02
1.507364E+02
3.513832E+02
2.448327E+02
5.958896E+02
1.972737E+02
4.508110E+02
2.514244E+02
4.013543E+02
2.015912E+02
4.500563E+02
2.475188E+02
3.474711E+02
2.948403E+02
0.000000E+00
