2.510237E+02
5.033413E+01
1.541805E+02
0.000000E+00
0.000000E+00
2.001483E+02
5.120960E+01
2.998490E+02
0.000000E+00
2.988968E+02
5.143275E+01
2.538147E+02
2.579090E+02
1.972861E+02
4.842459E+01
0.000000E+00
0.000000E+00
1.540263E+02
5.143275E+01
5.172043E+01
2.536887E+02
2.032412E+02
9.721828E+01
2.026175E+02
4.554771E+02
2.547465E+02
3.053525E+02
1.027477E+02
0.000000E+00
2.509933E+02
0.000000E+00
2.006896E+02
4.052042E+02
2.510237E+02
2.510237E+02
4.511720E+02
3.022333E+02
5.508728E+02
2.510237E+02
3.531891E+02
3.024565E+02
5.048384E+02
5.089327E+02
4.483098E+02
2.994483E+02
2.510237E+02
2.510237E+02
4.050500E+02
3.024565E+02
3.027441E+02
5.047124E+02
4.542649E+02
3.482420E+02
4.536412E+02
7.065008E+02
5.057702E+02
5.563762E+02
3.537714E+02
2.510237E+02
5.020170E+02
2.006896E+02
0.000000E+00
2.045146E+02
5.033413E+01
5.033413E+01
2.504824E+02
1.015437E+02
3.501832E+02
5.033413E+01
2.485627E+02
1.017669E+02
3.041488E+02
3.082431E+02
2.476202E+02
9.875873E+01
5.033413E+01
5.033413E+01
2.043604E+02
1.017669E+02
1.020546E+02
3.040228E+02
2.535753E+02
1.475524E+02
2.529516E+02
5.058112E+02
3.050806E+02
3.556867E+02
1.530818E+02
5.033413E+01
3.013274E+02
4.052042E+02
2.045146E+02
0.000000E+00
1.541805E+02
1.541805E+02
3.543288E+02
2.053901E+02
4.540295E+02
1.541805E+02
4.530773E+02
2.056132E+02
4.079951E+02
4.120895E+02
3.514666E+02
2.026051E+02
1.541805E+02
1.541805E+02
3.082068E+02
2.056132E+02
2.059009E+02
4.078691E+02
3.574217E+02
2.513987E+02
3.567979E+02
6.096576E+02
4.089270E+02
4.595330E+02
2.569282E+02
1.541805E+02
4.051737E+02
2.510237E+02
5.033413E+01
1.541805E+02
0.000000E+00
0.000000E+00
2.001483E+02
5.120960E+01
2.998490E+02
0.000000E+00
2.988968E+02
5.143275E+01
2.538147E+02
2.579090E+02
1.972861E+02
4.842459E+01
0.000000E+00
0.000000E+00
1.540263E+02
5.143275E+01
5.172043E+01
2.536887E+02
2.032412E+02
9.721828E+01
2.026175E+02
4.554771E+02
2.547465E+02
3.053525E+02
1.027477E+02
0.000000E+00
2.509933E+02
2.510237E+02
5.033413E+01
1.541805E+02
0.000000E+00
0.000000E+00
2.001483E+02
5.120960E+01
2.998490E+02
0.000000E+00
2.988968E+02
5.143275E+01
2.538147E+02
2.579090E+02
1.972861E+02
4.842459E+01
0.000000E+00
0.000000E+00
1.540263E+02
5.143275E+01
5.172043E+01
2.536887E+02
2.032412E+02
9.721828E+01
2.026175E+02
4.554771E+02
2.547465E+02
3.053525E+02
1.027477E+02
0.000000E+00
2.509933E+02
4.511720E+02
2.504824E+02
3.543288E+02
2.001483E+02
2.001483E+02
0.000000E+00
2.513579E+02
3.055608E+02
2.001483E+02
4.990451E+02
2.515811E+02
4.539630E+02
4.580573E+02
3.005852E+02
1.517237E+02
2.001483E+02
2.001483E+02
3.541746E+02
2.515811E+02
2.518687E+02
4.538370E+02
4.033895E+02
1.029300E+02
4.027658E+02
4.611888E+02
4.548948E+02
5.055008E+02
3.028960E+02
2.001483E+02
2.567050E+02
3.022333E+02
1.015437E+02
2.053901E+02
5.120960E+01
5.120960E+01
2.513579E+02
0.000000E+00
3.510586E+02
5.120960E+01
3.501064E+02
1.026424E+02
3.050243E+02
3.091186E+02
2.484957E+02
9.963420E+01
5.120960E+01
5.120960E+01
2.052359E+02
1.026424E+02
1.029300E+02
3.048983E+02
2.544508E+02
1.484279E+02
2.538271E+02
5.066867E+02
3.059561E+02
3.565621E+02
1.539573E+02
5.120960E+01
3.022029E+02
5.508728E+02
3.501832E+02
4.540295E+02
2.998490E+02
2.998490E+02
3.055608E+02
3.510586E+02
0.000000E+00
2.998490E+02
4.998423E+02
3.512818E+02
5.536637E+02
5.577580E+02
4.002860E+02
2.514244E+02
2.998490E+02
2.998490E+02
4.538753E+02
3.512818E+02
3.515695E+02
5.535377E+02
5.030902E+02
2.026308E+02
5.024665E+02
5.608896E+02
5.545955E+02
6.052016E+02
4.025967E+02
2.998490E+02
3.564057E+02
2.510237E+02
5.033413E+01
1.541805E+02
0.000000E+00
0.000000E+00
2.001483E+02
5.120960E+01
2.998490E+02
0.000000E+00
2.988968E+02
5.143275E+01
2.538147E+02
2.579090E+02
1.972861E+02
4.842459E+01
0.000000E+00
0.000000E+00
1.540263E+02
5.143275E+01
5.172043E+01
2.536887E+02
2.032412E+02
9.721828E+01
2.026175E+02
4.554771E+02
2.547465E+02
3.053525E+02
1.027477E+02
0.000000E+00
2.509933E+02
3.531891E+02
2.485627E+02
4.530773E+02
2.988968E+02
2.988968E+02
4.990451E+02
3.501064E+02
4.998423E+02
2.988968E+02
0.000000E+00
3.503295E+02
5.527114E+02
5.568058E+02
4.961829E+02
3.473214E+02
2.988968E+02
2.988968E+02
4.529231E+02
3.503295E+02
3.506172E+02
4.533851E+02
5.021380E+02
3.961151E+02
5.015143E+02
7.543739E+02
5.536433E+02
5.050490E+02
4.016445E+02
2.988968E+02
5.498901E+02
3.024565E+02
1.017669E+02
2.056132E+02
5.143275E+01
5.143275E+01
2.515811E+02
1.026424E+02
3.512818E+02
5.143275E+01
3.503295E+02
0.000000E+00
3.052474E+02
3.093417E+02
2.487189E+02
9.985734E+01
5.143275E+01
5.143275E+01
2.054591E+02
1.028655E+02
1.031532E+02
3.051214E+02
2.546740E+02
1.486510E+02
2.540502E+02
5.069098E+02
3.061792E+02
3.567853E+02
1.541805E+02
5.143275E+01
3.024260E+02
5.048384E+02
3.041488E+02
4.079951E+02
2.538147E+02
2.538147E+02
4.539630E+02
3.050243E+02
5.536637E+02
2.538147E+02
5.527114E+02
3.052474E+02
0.000000E+00
5.117237E+02
3.536514E+02
3.022392E+02
2.538147E+02
2.538147E+02
4.078410E+02
3.052474E+02
3.055351E+02
5.075033E+02
4.570559E+02
3.510329E+02
3.589827E+02
7.092917E+02
5.085612E+02
4.571126E+02
3.565624E+02
2.538147E+02
5.048079E+02
5.089327E+02
3.082431E+02
4.120895E+02
2.579090E+02
2.579090E+02
4.580573E+02
3.091186E+02
5.577580E+02
2.579090E+02
5.568058E+02
3.093417E+02
5.117237E+02
0.000000E+00
4.551951E+02
3.063336E+02
2.579090E+02
2.579090E+02
4.119353E+02
3.093417E+02
3.096294E+02
5.115977E+02
4.611502E+02
3.551273E+02
4.605265E+02
7.133861E+02
5.126555E+02
5.632615E+02
2.572159E+02
2.579090E+02
5.089023E+02
4.483098E+02
2.476202E+02
3.514666E+02
1.972861E+02
1.972861E+02
3.005852E+02
2.484957E+02
4.002860E+02
1.972861E+02
4.961829E+02
2.487189E+02
3.536514E+02
4.551951E+02
0.000000E+00
1.488615E+02
1.972861E+02
1.972861E+02
3.513124E+02
2.487189E+02
2.490065E+02
3.531203E+02
3.026729E+02
1.976552E+02
3.024542E+02
5.559140E+02
4.520326E+02
5.026386E+02
3.000338E+02
1.972861E+02
3.514302E+02
2.994483E+02
9.875873E+01
2.026051E+02
4.842459E+01
4.842459E+01
1.517237E+02
9.963420E+01
2.514244E+02
4.842459E+01
3.473214E+02
9.985734E+01
3.022392E+02
3.063336E+02
1.488615E+02
0.000000E+00
4.842459E+01
4.842459E+01
2.024509E+02
9.985734E+01
1.001450E+02
3.021133E+02
2.516658E+02
4.879369E+01
2.510421E+02
4.070525E+02
3.031711E+02
3.537771E+02
1.511723E+02
4.842459E+01
2.025687E+02
2.510237E+02
5.033413E+01
1.541805E+02
0.000000E+00
0.000000E+00
2.001483E+02
5.120960E+01
2.998490E+02
0.000000E+00
2.988968E+02
5.143275E+01
2.538147E+02
2.579090E+02
1.972861E+02
4.842459E+01
0.000000E+00
0.000000E+00
1.540263E+02
5.143275E+01
5.172043E+01
2.536887E+02
2.032412E+02
9.721828E+01
2.026175E+02
4.554771E+02
2.547465E+02
3.053525E+02
1.027477E+02
0.000000E+00
2.509933E+02
2.510237E+02
5.033413E+01
1.541805E+02
0.000000E+00
0.000000E+00
2.001483E+02
5.120960E+01
2.998490E+02
0.000000E+00
2.988968E+02
5.143275E+01
2.538147E+02
2.579090E+02
1.972861E+02
4.842459E+01
0.000000E+00
0.000000E+00
1.540263E+02
5.143275E+01
5.172043E+01
2.536887E+02
2.032412E+02
9.721828E+01
2.026175E+02
4.554771E+02
2.547465E+02
3.053525E+02
1.027477E+02
0.000000E+00
2.509933E+02
4.050500E+02
2.043604E+02
3.082068E+02
1.540263E+02
1.540263E+02
3.541746E+02
2.052359E+02
4.538753E+02
1.540263E+02
4.529231E+02
2.054591E+02
4.078410E+02
4.119353E+02
3.513124E+02
2.024509E+02
1.540263E+02
1.540263E+02
0.000000E+00
2.054591E+02
2.057467E+02
4.077150E+02
2.555213E+02
2.512446E+02
3.566438E+02
6.095034E+02
4.087728E+02
4.593788E+02
2.567740E+02
1.540263E+02
4.050196E+02
3.024565E+02
1.017669E+02
2.056132E+02
5.143275E+01
5.143275E+01
2.515811E+02
1.026424E+02
3.512818E+02
5.143275E+01
3.503295E+02
1.028655E+02
3.052474E+02
3.093417E+02
2.487189E+02
9.985734E+01
5.143275E+01
5.143275E+01
2.054591E+02
0.000000E+00
1.031532E+02
3.051214E+02
2.546740E+02
1.486510E+02
2.540502E+02
5.069098E+02
3.061792E+02
3.567853E+02
1.541805E+02
5.143275E+01
3.024260E+02
3.027441E+02
1.020546E+02
2.059009E+02
5.172043E+01
5.172043E+01
2.518687E+02
1.029300E+02
3.515695E+02
5.172043E+01
3.506172E+02
1.031532E+02
3.055351E+02
3.096294E+02
2.490065E+02
1.001450E+02
5.172043E+01
5.172043E+01
2.057467E+02
1.031532E+02
0.000000E+00
3.054091E+02
2.549616E+02
1.489387E+02
2.543379E+02
5.071975E+02
3.064669E+02
3.570730E+02
1.544681E+02
5.172043E+01
3.027137E+02
5.047124E+02
3.040228E+02
4.078691E+02
2.536887E+02
2.536887E+02
4.538370E+02
3.048983E+02
5.535377E+02
2.536887E+02
4.533851E+02
3.051214E+02
5.075033E+02
5.115977E+02
3.531203E+02
3.021133E+02
2.536887E+02
2.536887E+02
4.077150E+02
3.051214E+02
3.054091E+02
0.000000E+00
3.590754E+02
3.509070E+02
4.563061E+02
7.091658E+02
5.084352E+02
4.598409E+02
3.564364E+02
2.536887E+02
5.046819E+02
4.542649E+02
2.535753E+02
3.574217E+02
2.032412E+02
2.032412E+02
4.033895E+02
2.544508E+02
5.030902E+02
2.032412E+02
5.021380E+02
2.546740E+02
4.570559E+02
4.611502E+02
3.026729E+02
2.516658E+02
2.032412E+02
2.032412E+02
2.555213E+02
2.546740E+02
2.549616E+02
3.590754E+02
0.000000E+00
3.004595E+02
4.058587E+02
6.587183E+02
4.579877E+02
5.085937E+02
3.059889E+02
2.032412E+02
4.542345E+02
3.482420E+02
1.475524E+02
2.513987E+02
9.721828E+01
9.721828E+01
1.029300E+02
1.484279E+02
2.026308E+02
9.721828E+01
3.961151E+02
1.486510E+02
3.510329E+02
3.551273E+02
1.976552E+02
4.879369E+01
9.721828E+01
9.721828E+01
2.512446E+02
1.486510E+02
1.489387E+02
3.509070E+02
3.004595E+02
0.000000E+00
2.998358E+02
3.582588E+02
3.519648E+02
4.025708E+02
1.999660E+02
9.721828E+01
1.537750E+02
4.536412E+02
2.529516E+02
3.567979E+02
2.026175E+02
2.026175E+02
4.027658E+02
2.538271E+02
5.024665E+02
2.026175E+02
5.015143E+02
2.540502E+02
3.589827E+02
4.605265E+02
3.024542E+02
2.510421E+02
2.026175E+02
2.026175E+02
3.566438E+02
2.540502E+02
2.543379E+02
4.563061E+02
4.058587E+02
2.998358E+02
0.000000E+00
6.580946E+02
4.573640E+02
5.079700E+02
3.053652E+02
2.026175E+02
4.536107E+02
7.065008E+02
5.058112E+02
6.096576E+02
4.554771E+02
4.554771E+02
4.611888E+02
5.066867E+02
5.608896E+02
4.554771E+02
7.543739E+02
5.069098E+02
7.092917E+02
7.133861E+02
5.559140E+02
4.070525E+02
4.554771E+02
4.554771E+02
6.095034E+02
5.069098E+02
5.071975E+02
7.091658E+02
6.587183E+02
3.582588E+02
6.580946E+02
0.000000E+00
7.102236E+02
7.608296E+02
5.582248E+02
4.554771E+02
5.120338E+02
5.057702E+02
3.050806E+02
4.089270E+02
2.547465E+02
2.547465E+02
4.548948E+02
3.059561E+02
5.545955E+02
2.547465E+02
5.536433E+02
3.061792E+02
5.085612E+02
5.126555E+02
4.520326E+02
3.031711E+02
2.547465E+02
2.547465E+02
4.087728E+02
3.061792E+02
3.064669E+02
5.084352E+02
4.579877E+02
3.519648E+02
4.573640E+02
7.102236E+02
0.000000E+00
5.600990E+02
3.574942E+02
2.547465E+02
5.057398E+02
5.563762E+02
3.556867E+02
4.595330E+02
3.053525E+02
3.053525E+02
5.055008E+02
3.565621E+02
6.052016E+02
3.053525E+02
5.050490E+02
3.567853E+02
4.571126E+02
5.632615E+02
5.026386E+02
3.537771E+02
3.053525E+02
3.053525E+02
4.593788E+02
3.567853E+02
3.570730E+02
4.598409E+02
5.085937E+02
4.025708E+02
5.079700E+02
7.608296E+02
5.600990E+02
0.000000E+00
4.081002E+02
3.053525E+02
5.563458E+02
3.537714E+02
1.530818E+02
2.569282E+02
1.027477E+02
1.027477E+02
3.028960E+02
1.539573E+02
4.025967E+02
1.027477E+02
4.016445E+02
1.541805E+02
3.565624E+02
2.572159E+02
3.000338E+02
1.511723E+02
1.027477E+02
1.027477E+02
2.567740E+02
1.541805E+02
1.544681E+02
3.564364E+02
3.059889E+02
1.999660E+02
3.053652E+02
5.582248E+02
3.574942E+02
4.081002E+02
0.000000E+00
1.027477E+02
3.537410E+02
2.510237E+02
5.033413E+01
1.541805E+02
0.000000E+00
0.000000E+00
2.001483E+02
5.120960E+01
2.998490E+02
0.000000E+00
2.988968E+02
5.143275E+01
2.538147E+02
2.579090E+02
1.972861E+02
4.842459E+01
0.000000E+00
0.000000E+00
1.540263E+02
5.143275E+01
5.172043E+01
2.536887E+02
2.032412E+02
9.721828E+01
2.026175E+02
4.554771E+02
2.547465E+02
3.053525E+02
1.027477E+02
0.000000E+00
2.509933E+02
5.020170E+02
3.013274E+02
4.051737E+02
2.509933E+02
2.509933E+02
2.567050E+02
3.022029E+02
3.564057E+02
2.509933E+02
5.498901E+02
3.024260E+02
5.048079E+02
5.089023E+02
3.514302E+02
2.025687E+02
2.509933E+02
2.509933E+02
4.050196E+02
3.024260E+02
3.027137E+02
5.046819E+02
4.542345E+02
1.537750E+02
4.536107E+02
5.120338E+02
5.057398E+02
5.563458E+02
3.537410E+02
2.509933E+02
0.000000E+00
