3.479332E+02
1.962836E+02
4.025804E+02
2.973525E+02
2.458844E+02
9.481991E+01
1.452411E+02
4.010213E+02
3.493401E+02
1.920382E+02
1.968745E+02
1.944177E+02
1.465403E+02
1.972799E+02
2.460429E+02
4.004420E+02
2.488826E+02
4.534842E+02
2.961156E+02
9.481991E+01
2.972344E+02
4.803155E+01
2.458487E+02
4.803155E+01
3.478054E+02
4.803155E+01
4.803155E+01
2.501258E+02
1.974623E+02
4.017331E+02
1.460295E+02
4.482632E+02
2.494704E+02
9.481991E+01
3.479978E+02
6.038147E+02
9.481991E+01
5.021382E+02
4.803155E+01
3.958878E+02
4.803155E+01
4.803155E+01
5.172043E+01
1.462527E+02
2.472881E+02
1.465403E+02
9.481991E+01
2.468156E+02
3.994313E+02
3.518126E+02
4.512769E+02
3.459974E+02
1.982608E+02
4.803155E+01
2.424593E+02
4.536134E+02
2.468801E+02
4.000002E+02
3.010085E+02
3.476174E+02
3.441141E+02
2.963181E+02
2.481531E+02
1.977499E+02
3.508831E+02
6.027483E+02
4.803155E+01
2.488826E+02
4.803155E+01
6.013892E+02
4.803155E+01
1.465403E+02
9.481991E+01
3.995767E+02
2.910764E+02
3.992421E+02
9.481991E+01
1.968745E+02
2.481065E+02
4.803155E+01
5.028996E+02
4.007886E+02
4.803155E+01
2.995168E+02
4.803155E+01
2.943156E+02
2.972344E+02
4.803155E+01
1.963149E+02
3.029040E+02
3.959730E+02
5.028938E+02
3.512442E+02
5.575410E+02
4.523132E+02
4.008450E+02
2.497805E+02
3.002017E+02
5.559820E+02
5.043007E+02
3.469988E+02
3.518351E+02
3.493784E+02
3.015010E+02
3.522406E+02
4.010035E+02
5.554026E+02
4.038432E+02
6.084448E+02
4.510762E+02
2.497805E+02
4.521951E+02
2.029922E+02
4.008093E+02
2.029922E+02
5.027660E+02
2.029922E+02
2.029922E+02
2.033852E+02
3.524229E+02
5.566937E+02
3.009901E+02
6.032238E+02
4.044310E+02
2.497805E+02
5.029584E+02
7.587753E+02
2.497805E+02
6.570988E+02
2.029922E+02
5.508484E+02
2.029922E+02
2.029922E+02
3.027441E+02
3.012133E+02
4.022487E+02
3.015010E+02
2.497805E+02
4.017762E+02
5.543919E+02
5.067732E+02
6.062375E+02
5.009580E+02
3.532214E+02
2.029922E+02
2.965777E+02
6.085740E+02
3.008078E+02
5.549608E+02
4.559691E+02
5.025780E+02
4.990747E+02
4.512788E+02
4.031137E+02
3.527106E+02
5.058437E+02
7.577089E+02
2.029922E+02
4.038432E+02
2.029922E+02
7.563498E+02
2.029922E+02
3.015010E+02
2.497805E+02
5.545373E+02
4.460370E+02
5.542027E+02
2.497805E+02
3.518351E+02
4.030672E+02
2.029922E+02
6.578602E+02
5.557492E+02
2.029922E+02
4.544774E+02
2.029922E+02
4.492762E+02
4.521951E+02
2.029922E+02
3.512755E+02
4.578646E+02
5.509336E+02
3.982674E+02
2.466177E+02
4.529145E+02
3.476867E+02
2.962185E+02
1.451540E+02
1.955752E+02
4.513555E+02
3.996743E+02
2.423723E+02
2.472086E+02
2.447519E+02
1.968745E+02
2.476141E+02
2.963770E+02
4.507761E+02
2.992167E+02
5.038183E+02
3.464498E+02
1.451540E+02
3.475686E+02
9.836568E+01
2.961828E+02
9.836568E+01
3.981395E+02
9.836568E+01
9.836568E+01
1.997916E+02
2.477964E+02
4.520672E+02
1.963636E+02
4.985974E+02
2.998045E+02
1.451540E+02
3.983319E+02
6.541488E+02
1.451540E+02
5.524723E+02
9.836568E+01
4.462219E+02
9.836568E+01
9.836568E+01
1.020546E+02
1.965868E+02
2.976222E+02
1.968745E+02
1.451540E+02
2.971497E+02
4.497655E+02
4.021467E+02
5.016110E+02
3.963315E+02
2.485949E+02
9.836568E+01
2.927935E+02
5.039475E+02
2.972142E+02
4.503343E+02
3.513426E+02
3.979515E+02
3.944483E+02
3.466523E+02
2.984872E+02
2.480841E+02
4.012172E+02
6.530825E+02
9.836568E+01
2.992167E+02
9.836568E+01
6.517233E+02
9.836568E+01
1.968745E+02
1.451540E+02
4.499108E+02
3.414105E+02
4.495762E+02
1.451540E+02
2.472086E+02
2.984407E+02
9.836568E+01
5.532337E+02
4.511228E+02
9.836568E+01
3.498510E+02
9.836568E+01
3.446497E+02
3.475686E+02
9.836568E+01
2.466490E+02
3.532381E+02
4.463071E+02
5.021137E+02
3.504641E+02
5.567608E+02
4.515330E+02
4.000648E+02
2.490004E+02
2.994215E+02
5.552018E+02
5.035206E+02
3.462186E+02
2.490004E+02
3.485982E+02
3.007208E+02
3.514604E+02
4.002233E+02
5.546225E+02
4.030630E+02
6.076646E+02
4.502961E+02
2.490004E+02
4.514149E+02
2.022120E+02
4.000292E+02
2.022120E+02
5.019859E+02
2.022120E+02
2.022120E+02
4.043062E+02
3.516427E+02
5.559135E+02
3.002100E+02
6.024437E+02
4.036508E+02
2.490004E+02
5.021782E+02
7.579952E+02
2.490004E+02
6.563187E+02
2.022120E+02
5.500683E+02
2.022120E+02
2.022120E+02
2.059009E+02
3.004331E+02
4.014685E+02
3.007208E+02
2.490004E+02
4.009960E+02
5.536118E+02
5.059931E+02
6.054574E+02
5.001778E+02
3.524412E+02
2.022120E+02
3.966398E+02
6.077939E+02
4.010606E+02
5.541806E+02
4.551889E+02
5.017978E+02
4.982946E+02
4.504986E+02
4.023335E+02
3.519304E+02
5.050635E+02
7.569288E+02
2.022120E+02
4.030630E+02
2.022120E+02
7.555696E+02
2.022120E+02
3.007208E+02
2.490004E+02
5.537571E+02
4.452569E+02
5.534225E+02
2.490004E+02
3.510549E+02
4.022870E+02
2.022120E+02
6.570800E+02
5.549691E+02
2.022120E+02
4.536973E+02
2.022120E+02
4.484960E+02
4.514149E+02
2.022120E+02
3.504953E+02
4.570845E+02
5.501534E+02
3.479332E+02
1.962836E+02
4.025804E+02
2.973525E+02
2.458844E+02
9.481991E+01
1.452411E+02
4.010213E+02
3.493401E+02
1.920382E+02
1.968745E+02
1.944177E+02
1.465403E+02
1.972799E+02
2.460429E+02
4.004420E+02
2.488826E+02
4.534842E+02
2.961156E+02
9.481991E+01
2.972344E+02
4.803155E+01
2.458487E+02
4.803155E+01
3.478054E+02
4.803155E+01
4.803155E+01
2.501258E+02
1.974623E+02
4.017331E+02
1.460295E+02
4.482632E+02
2.494704E+02
9.481991E+01
3.479978E+02
6.038147E+02
9.481991E+01
5.021382E+02
4.803155E+01
3.958878E+02
4.803155E+01
4.803155E+01
5.172043E+01
1.462527E+02
2.472881E+02
1.465403E+02
9.481991E+01
2.468156E+02
3.994313E+02
3.518126E+02
4.512769E+02
3.459974E+02
1.982608E+02
4.803155E+01
2.424593E+02
4.536134E+02
2.468801E+02
4.000002E+02
3.010085E+02
3.476174E+02
3.441141E+02
2.963181E+02
2.481531E+02
1.977499E+02
3.508831E+02
6.027483E+02
4.803155E+01
2.488826E+02
4.803155E+01
6.013892E+02
4.803155E+01
1.465403E+02
9.481991E+01
3.995767E+02
2.910764E+02
3.992421E+02
9.481991E+01
1.968745E+02
2.481065E+02
4.803155E+01
5.028996E+02
4.007886E+02
4.803155E+01
2.995168E+02
4.803155E+01
2.943156E+02
2.972344E+02
4.803155E+01
1.963149E+02
3.029040E+02
3.959730E+02
3.479332E+02
1.962836E+02
4.025804E+02
2.973525E+02
2.458844E+02
9.481991E+01
1.452411E+02
4.010213E+02
3.493401E+02
1.920382E+02
1.968745E+02
1.944177E+02
1.465403E+02
1.972799E+02
2.460429E+02
4.004420E+02
2.488826E+02
4.534842E+02
2.961156E+02
9.481991E+01
2.972344E+02
4.803155E+01
2.458487E+02
4.803155E+01
3.478054E+02
4.803155E+01
4.803155E+01
2.501258E+02
1.974623E+02
4.017331E+02
1.460295E+02
4.482632E+02
2.494704E+02
9.481991E+01
3.479978E+02
6.038147E+02
9.481991E+01
5.021382E+02
4.803155E+01
3.958878E+02
4.803155E+01
4.803155E+01
5.172043E+01
1.462527E+02
2.472881E+02
1.465403E+02
9.481991E+01
2.468156E+02
3.994313E+02
3.518126E+02
4.512769E+02
3.459974E+02
1.982608E+02
4.803155E+01
2.424593E+02
4.536134E+02
2.468801E+02
4.000002E+02
3.010085E+02
3.476174E+02
3.441141E+02
2.963181E+02
2.481531E+02
1.977499E+02
3.508831E+02
6.027483E+02
4.803155E+01
2.488826E+02
4.803155E+01
6.013892E+02
4.803155E+01
1.465403E+02
9.481991E+01
3.995767E+02
2.910764E+02
3.992421E+02
9.481991E+01
1.968745E+02
2.481065E+02
4.803155E+01
5.028996E+02
4.007886E+02
4.803155E+01
2.995168E+02
4.803155E+01
2.943156E+02
2.972344E+02
4.803155E+01
1.963149E+02
3.029040E+02
3.959730E+02
5.480815E+02
3.964319E+02
6.027287E+02
4.975009E+02
4.460327E+02
2.949682E+02
3.453894E+02
6.011697E+02
5.494884E+02
1.977499E+02
3.970228E+02
3.945660E+02
3.466886E+02
3.974282E+02
4.461912E+02
6.005903E+02
4.490309E+02
6.536325E+02
4.962639E+02
2.949682E+02
4.973828E+02
2.481799E+02
4.459970E+02
2.481799E+02
5.479537E+02
2.481799E+02
2.481799E+02
4.502741E+02
3.976106E+02
6.018814E+02
3.461778E+02
5.508242E+02
4.496187E+02
2.949682E+02
5.481461E+02
8.039630E+02
2.949682E+02
7.022865E+02
2.481799E+02
4.015996E+02
2.481799E+02
2.481799E+02
2.518687E+02
3.464010E+02
4.474364E+02
3.466886E+02
2.949682E+02
4.469639E+02
5.995796E+02
5.519609E+02
6.514252E+02
5.461457E+02
3.984091E+02
2.481799E+02
2.481711E+02
5.503209E+02
4.470284E+02
6.001485E+02
5.011568E+02
4.501783E+02
4.474133E+02
4.964665E+02
4.483014E+02
3.978983E+02
5.510314E+02
8.028966E+02
2.481799E+02
4.490309E+02
2.481799E+02
6.991183E+02
2.481799E+02
3.466886E+02
2.949682E+02
5.997250E+02
3.943755E+02
5.993904E+02
2.949682E+02
3.970228E+02
4.482549E+02
2.481799E+02
7.030479E+02
6.009369E+02
2.481799E+02
4.996651E+02
2.481799E+02
4.944639E+02
4.973828E+02
2.481799E+02
3.964632E+02
5.030523E+02
4.992721E+02
3.991428E+02
2.474932E+02
4.537900E+02
3.485621E+02
2.970940E+02
1.460295E+02
1.964507E+02
4.522309E+02
4.005497E+02
2.432478E+02
2.480841E+02
2.456273E+02
1.977499E+02
2.484895E+02
2.972525E+02
4.516516E+02
3.000922E+02
5.046938E+02
3.473252E+02
1.460295E+02
3.484440E+02
9.924115E+01
2.970583E+02
9.924115E+01
3.990150E+02
9.924115E+01
9.924115E+01
3.013354E+02
2.486719E+02
4.529427E+02
1.972391E+02
4.994728E+02
3.006800E+02
1.460295E+02
3.992074E+02
6.550243E+02
1.460295E+02
5.533478E+02
9.924115E+01
4.470974E+02
9.924115E+01
9.924115E+01
1.029300E+02
1.974623E+02
2.984977E+02
1.977499E+02
1.460295E+02
2.980252E+02
4.506409E+02
4.030222E+02
5.024865E+02
3.972070E+02
2.494704E+02
9.924115E+01
2.936689E+02
5.048230E+02
2.980897E+02
4.512098E+02
3.522181E+02
3.988270E+02
3.953237E+02
3.475278E+02
2.993627E+02
2.489595E+02
4.020927E+02
6.539579E+02
9.924115E+01
3.000922E+02
9.924115E+01
6.525988E+02
9.924115E+01
1.977499E+02
1.460295E+02
4.507863E+02
3.422860E+02
4.504517E+02
1.460295E+02
2.480841E+02
2.993161E+02
9.924115E+01
5.541092E+02
4.519982E+02
9.924115E+01
3.507264E+02
9.924115E+01
3.455252E+02
3.484440E+02
9.924115E+01
2.475245E+02
3.541136E+02
4.471826E+02
6.477823E+02
4.961326E+02
7.024294E+02
5.972016E+02
5.457334E+02
3.946689E+02
4.450901E+02
7.008704E+02
6.491892E+02
2.974507E+02
4.967235E+02
4.942668E+02
4.463894E+02
4.971290E+02
5.458919E+02
7.002910E+02
5.487316E+02
7.533332E+02
5.959647E+02
3.946689E+02
5.970835E+02
3.478806E+02
5.456977E+02
3.478806E+02
5.487510E+02
3.478806E+02
3.478806E+02
5.499748E+02
4.973113E+02
7.015821E+02
4.458785E+02
6.505249E+02
5.493194E+02
3.946689E+02
6.478468E+02
9.036637E+02
3.946689E+02
8.019872E+02
3.478806E+02
5.013003E+02
3.478806E+02
3.478806E+02
3.515695E+02
4.461017E+02
5.471371E+02
4.463894E+02
3.946689E+02
5.466646E+02
6.992804E+02
6.516617E+02
7.511259E+02
6.458464E+02
4.981098E+02
3.478806E+02
3.478718E+02
6.545589E+02
5.467291E+02
6.998492E+02
6.008575E+02
5.498790E+02
5.471140E+02
5.961672E+02
5.480021E+02
4.975990E+02
6.507321E+02
9.025974E+02
3.478806E+02
5.487316E+02
3.478806E+02
8.023347E+02
3.478806E+02
4.463894E+02
3.946689E+02
6.994257E+02
4.940763E+02
6.001876E+02
3.946689E+02
4.967235E+02
5.479556E+02
3.478806E+02
8.027486E+02
7.006377E+02
3.478806E+02
5.993659E+02
3.478806E+02
5.941646E+02
5.970835E+02
3.478806E+02
4.961639E+02
6.027530E+02
5.989728E+02
3.479332E+02
1.962836E+02
4.025804E+02
2.973525E+02
2.458844E+02
9.481991E+01
1.452411E+02
4.010213E+02
3.493401E+02
1.920382E+02
1.968745E+02
1.944177E+02
1.465403E+02
1.972799E+02
2.460429E+02
4.004420E+02
2.488826E+02
4.534842E+02
2.961156E+02
9.481991E+01
2.972344E+02
4.803155E+01
2.458487E+02
4.803155E+01
3.478054E+02
4.803155E+01
4.803155E+01
2.501258E+02
1.974623E+02
4.017331E+02
1.460295E+02
4.482632E+02
2.494704E+02
9.481991E+01
3.479978E+02
6.038147E+02
9.481991E+01
5.021382E+02
4.803155E+01
3.958878E+02
4.803155E+01
4.803155E+01
5.172043E+01
1.462527E+02
2.472881E+02
1.465403E+02
9.481991E+01
2.468156E+02
3.994313E+02
3.518126E+02
4.512769E+02
3.459974E+02
1.982608E+02
4.803155E+01
2.424593E+02
4.536134E+02
2.468801E+02
4.000002E+02
3.010085E+02
3.476174E+02
3.441141E+02
2.963181E+02
2.481531E+02
1.977499E+02
3.508831E+02
6.027483E+02
4.803155E+01
2.488826E+02
4.803155E+01
6.013892E+02
4.803155E+01
1.465403E+02
9.481991E+01
3.995767E+02
2.910764E+02
3.992421E+02
9.481991E+01
1.968745E+02
2.481065E+02
4.803155E+01
5.028996E+02
4.007886E+02
4.803155E+01
2.995168E+02
4.803155E+01
2.943156E+02
2.972344E+02
4.803155E+01
1.963149E+02
3.029040E+02
3.959730E+02
4.515666E+02
3.991173E+02
6.054141E+02
5.001862E+02
4.487181E+02
2.976536E+02
3.480747E+02
6.038550E+02
4.529735E+02
3.948719E+02
3.997082E+02
3.972514E+02
3.493740E+02
4.001136E+02
4.488765E+02
6.032757E+02
4.517163E+02
6.563179E+02
4.989493E+02
2.976536E+02
5.000681E+02
2.508652E+02
4.486824E+02
2.508652E+02
3.502564E+02
2.508652E+02
2.508652E+02
3.522912E+02
4.002960E+02
6.045668E+02
3.488632E+02
6.510969E+02
4.523041E+02
2.976536E+02
4.516311E+02
8.066484E+02
2.976536E+02
7.049719E+02
2.508652E+02
5.987215E+02
2.508652E+02
2.508652E+02
3.506172E+02
3.490863E+02
4.501218E+02
3.493740E+02
2.976536E+02
4.496493E+02
6.022650E+02
5.546463E+02
6.541106E+02
5.488311E+02
4.010945E+02
2.508652E+02
4.452930E+02
5.575436E+02
4.497138E+02
6.028339E+02
5.038422E+02
5.504511E+02
4.477475E+02
4.991518E+02
4.509868E+02
4.005836E+02
5.537168E+02
8.055820E+02
2.508652E+02
4.517163E+02
2.508652E+02
6.038402E+02
2.508652E+02
3.493740E+02
2.976536E+02
6.024104E+02
4.939101E+02
5.031723E+02
2.976536E+02
3.997082E+02
4.509402E+02
2.508652E+02
7.057333E+02
6.036223E+02
2.508652E+02
5.023505E+02
2.508652E+02
4.971493E+02
5.000681E+02
2.508652E+02
3.991485E+02
5.057377E+02
5.988067E+02
3.993660E+02
2.477163E+02
4.540131E+02
3.487853E+02
2.973171E+02
1.462527E+02
1.966738E+02
4.524541E+02
4.007729E+02
2.434709E+02
2.483072E+02
2.458505E+02
1.979731E+02
2.487127E+02
2.974756E+02
4.518747E+02
3.003153E+02
5.049169E+02
3.475484E+02
1.462527E+02
3.486672E+02
9.946430E+01
2.972814E+02
9.946430E+01
3.992382E+02
9.946430E+01
9.946430E+01
3.015585E+02
2.488950E+02
4.531658E+02
1.974623E+02
4.996960E+02
3.009031E+02
1.462527E+02
3.994305E+02
6.552474E+02
1.462527E+02
5.535710E+02
9.946430E+01
4.473206E+02
9.946430E+01
9.946430E+01
1.031532E+02
1.976854E+02
2.987208E+02
1.979731E+02
1.462527E+02
2.982483E+02
4.508641E+02
4.032454E+02
5.027097E+02
3.974301E+02
2.496935E+02
9.946430E+01
2.938921E+02
5.050461E+02
2.983128E+02
4.514329E+02
3.524412E+02
3.990501E+02
3.955469E+02
3.477509E+02
2.995858E+02
2.491827E+02
4.023158E+02
6.541811E+02
9.946430E+01
3.003153E+02
9.946430E+01
6.528219E+02
9.946430E+01
1.979731E+02
1.462527E+02
4.510094E+02
3.425091E+02
4.506748E+02
1.462527E+02
2.483072E+02
2.995393E+02
9.946430E+01
5.543323E+02
4.522214E+02
9.946430E+01
3.509496E+02
9.946430E+01
3.457483E+02
3.486672E+02
9.946430E+01
2.477476E+02
3.543367E+02
4.474057E+02
6.017479E+02
4.500983E+02
6.563950E+02
5.511672E+02
4.996990E+02
3.486346E+02
3.990557E+02
6.548360E+02
6.031548E+02
4.458528E+02
4.506891E+02
3.507830E+02
4.003550E+02
4.510946E+02
4.998575E+02
6.542567E+02
5.026972E+02
7.072988E+02
4.524809E+02
3.486346E+02
5.510491E+02
3.018462E+02
4.996634E+02
3.018462E+02
6.016201E+02
3.018462E+02
3.018462E+02
5.039404E+02
4.512769E+02
6.555477E+02
3.998442E+02
7.020779E+02
5.032850E+02
3.486346E+02
6.018124E+02
8.576293E+02
3.486346E+02
7.559529E+02
3.018462E+02
6.497025E+02
3.018462E+02
3.018462E+02
3.055351E+02
4.000673E+02
5.011027E+02
4.003550E+02
3.486346E+02
5.006302E+02
5.557966E+02
6.056273E+02
7.050916E+02
5.998120E+02
4.520754E+02
3.018462E+02
4.962740E+02
7.074281E+02
5.006948E+02
6.538148E+02
5.548231E+02
6.014320E+02
5.979288E+02
5.501328E+02
5.019677E+02
4.515646E+02
6.046977E+02
8.565630E+02
3.018462E+02
5.026972E+02
3.018462E+02
8.552038E+02
3.018462E+02
4.003550E+02
3.486346E+02
6.533913E+02
4.474417E+02
6.530567E+02
3.486346E+02
4.506891E+02
5.019212E+02
3.018462E+02
7.567142E+02
6.546033E+02
3.018462E+02
5.533315E+02
3.018462E+02
4.506808E+02
5.510491E+02
3.018462E+02
4.501295E+02
5.567186E+02
5.523382E+02
6.058422E+02
4.541926E+02
6.604894E+02
5.552615E+02
5.037934E+02
3.527289E+02
4.031501E+02
6.589303E+02
6.072491E+02
4.499472E+02
4.547835E+02
4.523267E+02
4.044493E+02
4.551889E+02
5.039519E+02
6.583510E+02
5.067916E+02
7.113932E+02
5.540246E+02
3.527289E+02
5.551434E+02
3.059405E+02
5.037577E+02
3.059405E+02
6.057144E+02
3.059405E+02
3.059405E+02
5.080348E+02
4.553713E+02
6.596421E+02
4.039385E+02
7.061722E+02
5.073794E+02
3.527289E+02
6.059068E+02
8.617237E+02
3.527289E+02
7.600472E+02
3.059405E+02
6.537968E+02
3.059405E+02
3.059405E+02
3.096294E+02
4.041617E+02
5.051971E+02
4.044493E+02
3.527289E+02
5.047246E+02
6.573403E+02
6.097216E+02
7.091859E+02
6.039064E+02
4.561698E+02
3.059405E+02
5.003683E+02
7.115224E+02
5.047891E+02
6.579092E+02
5.589175E+02
6.055264E+02
6.020231E+02
5.542271E+02
5.060621E+02
4.556589E+02
6.087921E+02
8.606573E+02
3.059405E+02
5.067916E+02
3.059405E+02
8.592982E+02
3.059405E+02
4.044493E+02
3.527289E+02
6.574857E+02
5.489854E+02
6.571511E+02
3.527289E+02
4.547835E+02
5.060155E+02
3.059405E+02
7.608086E+02
6.586976E+02
3.059405E+02
5.574258E+02
3.059405E+02
5.522246E+02
5.551434E+02
3.059405E+02
4.542239E+02
5.608130E+02
6.538820E+02
4.473649E+02
3.935697E+02
5.998665E+02
4.946387E+02
4.431705E+02
2.921060E+02
3.425272E+02
5.983075E+02
5.466262E+02
2.924751E+02
3.941606E+02
2.942545E+02
3.438264E+02
3.945660E+02
4.433290E+02
5.977281E+02
4.461687E+02
6.507703E+02
3.959523E+02
2.921060E+02
4.945206E+02
2.453177E+02
4.431348E+02
2.453177E+02
5.450915E+02
2.453177E+02
2.453177E+02
4.474119E+02
3.947484E+02
5.990192E+02
3.433156E+02
6.455493E+02
4.467565E+02
2.921060E+02
4.474294E+02
8.011008E+02
2.921060E+02
6.994243E+02
2.453177E+02
4.963247E+02
2.453177E+02
2.453177E+02
2.490065E+02
3.435388E+02
4.445742E+02
3.438264E+02
2.921060E+02
4.441017E+02
4.992680E+02
4.466795E+02
6.485630E+02
4.454290E+02
3.955469E+02
2.453177E+02
3.428963E+02
6.508995E+02
4.441662E+02
5.972863E+02
4.982946E+02
5.449035E+02
3.466966E+02
3.957498E+02
4.454392E+02
3.950361E+02
5.481692E+02
8.000344E+02
2.453177E+02
4.461687E+02
2.453177E+02
7.986753E+02
2.453177E+02
3.438264E+02
2.921060E+02
4.990084E+02
1.962095E+02
5.965282E+02
2.921060E+02
3.941606E+02
4.453927E+02
2.453177E+02
7.001857E+02
5.980747E+02
2.453177E+02
4.968029E+02
2.453177E+02
3.941523E+02
4.945206E+02
2.453177E+02
3.936010E+02
5.001901E+02
3.989605E+02
3.963578E+02
2.447082E+02
4.510050E+02
3.457771E+02
2.943090E+02
1.432445E+02
1.936656E+02
4.494459E+02
3.977647E+02
1.436136E+02
2.452991E+02
2.428423E+02
1.949649E+02
2.457045E+02
2.944674E+02
4.488666E+02
2.973072E+02
5.019088E+02
3.445402E+02
1.432445E+02
3.456590E+02
9.645614E+01
2.942733E+02
9.645614E+01
3.962300E+02
9.645614E+01
9.645614E+01
2.985504E+02
2.458868E+02
4.501577E+02
1.944541E+02
4.966878E+02
2.978950E+02
1.432445E+02
3.964223E+02
6.522393E+02
1.432445E+02
5.505628E+02
9.645614E+01
3.474632E+02
9.645614E+01
9.645614E+01
1.001450E+02
1.946772E+02
2.957127E+02
1.949649E+02
1.432445E+02
2.952402E+02
4.478559E+02
4.002372E+02
4.997015E+02
3.944219E+02
2.466854E+02
9.645614E+01
1.940347E+02
5.020380E+02
2.953047E+02
4.484248E+02
3.494331E+02
3.960420E+02
2.956895E+02
3.447427E+02
2.965777E+02
2.461745E+02
3.993077E+02
6.511729E+02
9.645614E+01
2.973072E+02
9.645614E+01
6.498138E+02
9.645614E+01
1.949649E+02
1.432445E+02
4.480013E+02
2.426518E+02
4.476667E+02
1.432445E+02
2.452991E+02
2.965311E+02
9.645614E+01
5.513242E+02
4.492132E+02
9.645614E+01
3.479414E+02
9.645614E+01
3.427402E+02
3.456590E+02
9.645614E+01
2.447394E+02
3.513286E+02
3.475484E+02
3.479332E+02
1.962836E+02
4.025804E+02
2.973525E+02
2.458844E+02
9.481991E+01
1.452411E+02
4.010213E+02
3.493401E+02
1.920382E+02
1.968745E+02
1.944177E+02
1.465403E+02
1.972799E+02
2.460429E+02
4.004420E+02
2.488826E+02
4.534842E+02
2.961156E+02
9.481991E+01
2.972344E+02
4.803155E+01
2.458487E+02
4.803155E+01
3.478054E+02
4.803155E+01
4.803155E+01
2.501258E+02
1.974623E+02
4.017331E+02
1.460295E+02
4.482632E+02
2.494704E+02
9.481991E+01
3.479978E+02
6.038147E+02
9.481991E+01
5.021382E+02
4.803155E+01
3.958878E+02
4.803155E+01
4.803155E+01
5.172043E+01
1.462527E+02
2.472881E+02
1.465403E+02
9.481991E+01
2.468156E+02
3.994313E+02
3.518126E+02
4.512769E+02
3.459974E+02
1.982608E+02
4.803155E+01
2.424593E+02
4.536134E+02
2.468801E+02
4.000002E+02
3.010085E+02
3.476174E+02
3.441141E+02
2.963181E+02
2.481531E+02
1.977499E+02
3.508831E+02
6.027483E+02
4.803155E+01
2.488826E+02
4.803155E+01
6.013892E+02
4.803155E+01
1.465403E+02
9.481991E+01
3.995767E+02
2.910764E+02
3.992421E+02
9.481991E+01
1.968745E+02
2.481065E+02
4.803155E+01
5.028996E+02
4.007886E+02
4.803155E+01
2.995168E+02
4.803155E+01
2.943156E+02
2.972344E+02
4.803155E+01
1.963149E+02
3.029040E+02
3.959730E+02
3.479332E+02
1.962836E+02
4.025804E+02
2.973525E+02
2.458844E+02
9.481991E+01
1.452411E+02
4.010213E+02
3.493401E+02
1.920382E+02
1.968745E+02
1.944177E+02
1.465403E+02
1.972799E+02
2.460429E+02
4.004420E+02
2.488826E+02
4.534842E+02
2.961156E+02
9.481991E+01
2.972344E+02
4.803155E+01
2.458487E+02
4.803155E+01
3.478054E+02
4.803155E+01
4.803155E+01
2.501258E+02
1.974623E+02
4.017331E+02
1.460295E+02
4.482632E+02
2.494704E+02
9.481991E+01
3.479978E+02
6.038147E+02
9.481991E+01
5.021382E+02
4.803155E+01
3.958878E+02
4.803155E+01
4.803155E+01
5.172043E+01
1.462527E+02
2.472881E+02
1.465403E+02
9.481991E+01
2.468156E+02
3.994313E+02
3.518126E+02
4.512769E+02
3.459974E+02
1.982608E+02
4.803155E+01
2.424593E+02
4.536134E+02
2.468801E+02
4.000002E+02
3.010085E+02
3.476174E+02
3.441141E+02
2.963181E+02
2.481531E+02
1.977499E+02
3.508831E+02
6.027483E+02
4.803155E+01
2.488826E+02
4.803155E+01
6.013892E+02
4.803155E+01
1.465403E+02
9.481991E+01
3.995767E+02
2.910764E+02
3.992421E+02
9.481991E+01
1.968745E+02
2.481065E+02
4.803155E+01
5.028996E+02
4.007886E+02
4.803155E+01
2.995168E+02
4.803155E+01
2.943156E+02
2.972344E+02
4.803155E+01
1.963149E+02
3.029040E+02
3.959730E+02
5.019595E+02
3.503099E+02
5.566067E+02
4.513788E+02
3.999107E+02
2.488462E+02
2.992674E+02
5.550476E+02
5.033664E+02
3.460645E+02
3.509008E+02
3.484440E+02
3.005666E+02
3.513062E+02
4.000692E+02
5.544683E+02
4.029089E+02
6.075105E+02
4.501419E+02
2.488462E+02
4.512607E+02
2.020579E+02
3.998750E+02
2.020579E+02
5.018317E+02
2.020579E+02
2.020579E+02
4.041521E+02
3.514886E+02
5.557594E+02
3.000558E+02
6.022895E+02
4.034967E+02
2.488462E+02
5.020241E+02
7.578410E+02
2.488462E+02
6.561645E+02
2.020579E+02
5.499141E+02
2.020579E+02
2.020579E+02
2.057467E+02
3.002790E+02
4.013144E+02
3.005666E+02
2.488462E+02
4.008419E+02
5.534576E+02
5.058389E+02
6.053032E+02
5.000237E+02
3.522871E+02
2.020579E+02
3.964856E+02
6.076397E+02
4.009064E+02
5.540265E+02
4.550348E+02
5.016437E+02
4.981404E+02
4.503445E+02
4.021794E+02
3.517762E+02
5.049094E+02
7.567746E+02
2.020579E+02
4.029089E+02
2.020579E+02
7.554155E+02
2.020579E+02
3.005666E+02
2.488462E+02
5.536030E+02
4.451027E+02
5.532684E+02
2.488462E+02
3.509008E+02
4.021329E+02
2.020579E+02
6.569259E+02
5.548149E+02
2.020579E+02
4.535431E+02
2.020579E+02
4.483419E+02
4.512607E+02
2.020579E+02
3.503412E+02
4.569303E+02
5.499993E+02
3.993660E+02
2.477163E+02
4.540131E+02
3.487853E+02
2.973171E+02
1.462527E+02
1.966738E+02
4.524541E+02
4.007729E+02
2.434709E+02
2.483072E+02
2.458505E+02
1.979731E+02
2.487127E+02
2.974756E+02
4.518747E+02
3.003153E+02
5.049169E+02
3.475484E+02
1.462527E+02
3.486672E+02
9.946430E+01
2.972814E+02
9.946430E+01
3.992382E+02
9.946430E+01
9.946430E+01
3.015585E+02
2.488950E+02
4.531658E+02
1.974623E+02
4.996960E+02
3.009031E+02
1.462527E+02
3.994305E+02
6.552474E+02
1.462527E+02
5.535710E+02
9.946430E+01
4.473206E+02
9.946430E+01
9.946430E+01
1.031532E+02
1.976854E+02
2.987208E+02
1.979731E+02
1.462527E+02
2.982483E+02
4.508641E+02
4.032454E+02
5.027097E+02
3.974301E+02
2.496935E+02
9.946430E+01
2.938921E+02
5.050461E+02
2.983128E+02
4.514329E+02
3.524412E+02
3.990501E+02
3.955469E+02
3.477509E+02
2.995858E+02
2.491827E+02
4.023158E+02
6.541811E+02
9.946430E+01
3.003153E+02
9.946430E+01
6.528219E+02
9.946430E+01
1.979731E+02
1.462527E+02
4.510094E+02
3.425091E+02
4.506748E+02
1.462527E+02
2.483072E+02
2.995393E+02
9.946430E+01
5.543323E+02
4.522214E+02
9.946430E+01
3.509496E+02
9.946430E+01
3.457483E+02
3.486672E+02
9.946430E+01
2.477476E+02
3.543367E+02
4.474057E+02
3.996536E+02
2.480040E+02
4.543008E+02
3.490730E+02
2.976048E+02
1.465403E+02
1.969615E+02
4.527418E+02
4.010606E+02
2.437586E+02
2.485949E+02
2.461382E+02
1.982608E+02
2.490004E+02
2.977633E+02
4.521624E+02
3.006030E+02
5.052046E+02
3.478361E+02
1.465403E+02
3.489549E+02
9.975198E+01
2.975691E+02
9.975198E+01
3.995258E+02
9.975198E+01
9.975198E+01
3.018462E+02
2.491827E+02
4.534535E+02
1.977499E+02
4.999837E+02
3.011908E+02
1.465403E+02
3.997182E+02
6.555351E+02
1.465403E+02
5.538586E+02
9.975198E+01
4.476082E+02
9.975198E+01
9.975198E+01
1.034409E+02
1.979731E+02
2.990085E+02
1.982608E+02
1.465403E+02
2.985360E+02
4.511517E+02
4.035330E+02
5.029973E+02
3.977178E+02
2.499812E+02
9.975198E+01
2.941798E+02
5.053338E+02
2.986005E+02
4.517206E+02
3.527289E+02
3.993378E+02
3.958346E+02
3.480386E+02
2.998735E+02
2.494704E+02
4.026035E+02
6.544687E+02
9.975198E+01
3.006030E+02
9.975198E+01
6.531096E+02
9.975198E+01
1.982608E+02
1.465403E+02
4.512971E+02
3.427968E+02
4.509625E+02
1.465403E+02
2.485949E+02
2.998270E+02
9.975198E+01
5.546200E+02
4.525091E+02
9.975198E+01
3.512372E+02
9.975198E+01
3.460360E+02
3.489549E+02
9.975198E+01
2.480353E+02
3.546244E+02
4.476934E+02
4.045671E+02
4.499723E+02
6.562691E+02
5.510412E+02
4.995731E+02
3.485086E+02
3.989297E+02
6.547100E+02
5.038285E+02
4.457269E+02
4.505631E+02
4.481064E+02
4.002290E+02
4.509686E+02
4.997315E+02
6.541307E+02
5.025713E+02
7.071729E+02
5.498043E+02
3.485086E+02
5.509231E+02
3.017202E+02
4.995374E+02
3.017202E+02
6.014941E+02
3.017202E+02
3.017202E+02
5.038144E+02
4.511509E+02
6.554218E+02
3.997182E+02
7.019519E+02
5.031590E+02
3.485086E+02
4.046317E+02
8.575034E+02
3.485086E+02
7.558269E+02
3.017202E+02
6.495765E+02
3.017202E+02
3.017202E+02
3.054091E+02
3.999413E+02
5.009767E+02
4.002290E+02
3.485086E+02
5.005042E+02
6.531200E+02
6.055013E+02
7.049656E+02
5.018316E+02
4.519494E+02
3.017202E+02
4.961480E+02
7.073021E+02
5.005688E+02
6.536888E+02
5.546971E+02
6.013060E+02
4.007480E+02
4.521524E+02
5.018417E+02
4.514386E+02
6.045718E+02
8.564370E+02
3.017202E+02
5.025713E+02
3.017202E+02
8.550779E+02
3.017202E+02
4.002290E+02
3.485086E+02
5.554109E+02
4.469106E+02
6.529307E+02
3.485086E+02
4.505631E+02
5.017952E+02
3.017202E+02
7.565882E+02
6.544773E+02
3.017202E+02
5.532055E+02
3.017202E+02
5.480042E+02
5.509231E+02
3.017202E+02
4.500035E+02
5.565927E+02
6.496616E+02
4.533200E+02
3.995248E+02
6.058216E+02
5.005938E+02
4.491256E+02
2.980611E+02
3.484823E+02
6.042625E+02
5.525813E+02
3.952794E+02
4.001157E+02
3.976589E+02
3.497815E+02
4.005211E+02
4.492841E+02
6.036832E+02
4.521238E+02
6.567254E+02
4.993568E+02
2.980611E+02
5.004756E+02
2.512728E+02
4.490899E+02
2.512728E+02
5.510466E+02
2.512728E+02
2.512728E+02
4.533670E+02
4.007035E+02
6.049743E+02
3.492707E+02
6.515044E+02
4.527116E+02
2.980611E+02
4.533845E+02
8.070559E+02
2.980611E+02
7.053794E+02
2.512728E+02
5.991290E+02
2.512728E+02
2.512728E+02
2.549616E+02
3.494939E+02
4.505293E+02
3.497815E+02
2.980611E+02
4.500568E+02
6.026725E+02
5.550538E+02
6.545181E+02
4.513841E+02
4.015020E+02
2.512728E+02
4.457005E+02
6.568546E+02
4.501213E+02
6.032414E+02
5.042497E+02
5.508586E+02
4.495009E+02
4.017049E+02
4.513943E+02
4.009911E+02
5.541243E+02
8.059895E+02
2.512728E+02
4.521238E+02
2.512728E+02
8.046304E+02
2.512728E+02
3.497815E+02
2.980611E+02
5.049635E+02
3.964632E+02
6.024833E+02
2.980611E+02
4.001157E+02
4.513478E+02
2.512728E+02
7.061408E+02
6.040298E+02
2.512728E+02
5.027580E+02
2.512728E+02
4.975568E+02
5.004756E+02
2.512728E+02
3.995561E+02
5.061452E+02
5.992142E+02
4.451515E+02
2.935019E+02
4.997987E+02
3.945708E+02
3.431027E+02
1.920382E+02
2.424593E+02
4.982396E+02
4.465584E+02
9.481991E+01
2.940928E+02
2.916360E+02
2.437586E+02
2.944982E+02
3.432611E+02
4.976603E+02
3.461009E+02
5.507025E+02
3.933339E+02
1.920382E+02
3.944527E+02
1.452498E+02
3.430670E+02
1.452498E+02
4.450237E+02
1.452498E+02
1.452498E+02
3.473441E+02
2.946805E+02
4.989514E+02
2.432478E+02
4.478941E+02
3.466886E+02
1.920382E+02
4.452160E+02
7.010330E+02
1.920382E+02
5.993565E+02
1.452498E+02
2.986695E+02
1.452498E+02
1.452498E+02
1.489387E+02
2.434709E+02
3.445064E+02
2.437586E+02
1.920382E+02
3.440338E+02
4.966496E+02
4.490309E+02
5.484952E+02
4.432156E+02
2.954790E+02
1.452498E+02
1.452411E+02
5.508317E+02
3.440984E+02
4.972184E+02
3.982268E+02
3.472483E+02
3.444832E+02
3.935364E+02
3.453713E+02
2.949682E+02
4.481014E+02
6.999666E+02
1.452498E+02
3.461009E+02
1.452498E+02
6.986075E+02
1.452498E+02
2.437586E+02
1.920382E+02
4.967950E+02
2.914455E+02
4.964604E+02
1.920382E+02
2.940928E+02
3.453248E+02
1.452498E+02
6.001178E+02
4.980069E+02
1.452498E+02
3.967351E+02
1.452498E+02
3.915338E+02
3.944527E+02
1.452498E+02
2.935331E+02
4.001223E+02
3.963421E+02
5.505507E+02
3.989011E+02
6.051979E+02
4.999700E+02
4.485019E+02
2.974374E+02
3.478585E+02
6.036388E+02
5.519576E+02
3.946557E+02
3.994919E+02
2.995858E+02
3.491578E+02
3.998974E+02
4.486603E+02
6.030595E+02
4.515001E+02
6.561017E+02
4.012837E+02
2.974374E+02
4.998519E+02
2.506490E+02
4.484662E+02
2.506490E+02
5.504229E+02
2.506490E+02
2.506490E+02
4.527432E+02
4.000797E+02
6.043506E+02
3.486470E+02
6.508807E+02
4.520878E+02
2.974374E+02
5.506152E+02
8.064322E+02
2.974374E+02
7.047557E+02
2.506490E+02
5.985053E+02
2.506490E+02
2.506490E+02
2.543379E+02
3.488701E+02
4.499055E+02
3.491578E+02
2.974374E+02
4.494330E+02
5.045994E+02
5.544301E+02
5.524152E+02
5.486148E+02
4.008782E+02
2.506490E+02
4.450768E+02
6.562309E+02
4.494976E+02
6.026176E+02
5.036259E+02
4.487556E+02
5.467316E+02
4.989356E+02
4.507705E+02
4.003674E+02
5.535006E+02
8.053658E+02
2.506490E+02
4.515001E+02
2.506490E+02
8.040067E+02
2.506490E+02
3.491578E+02
2.974374E+02
6.021942E+02
3.962445E+02
6.018595E+02
2.974374E+02
3.994919E+02
4.507240E+02
2.506490E+02
7.055170E+02
6.034061E+02
2.506490E+02
5.021343E+02
2.506490E+02
3.994836E+02
4.998519E+02
2.506490E+02
3.989323E+02
5.055215E+02
5.011410E+02
8.034103E+02
6.517607E+02
7.546166E+02
7.528296E+02
7.013615E+02
5.502970E+02
6.007181E+02
8.564984E+02
8.048172E+02
4.530787E+02
6.523516E+02
6.498948E+02
6.020174E+02
6.527570E+02
6.042612E+02
7.586603E+02
7.043597E+02
9.089613E+02
7.515927E+02
5.502970E+02
7.527115E+02
5.035086E+02
7.013258E+02
5.035086E+02
8.032825E+02
5.035086E+02
5.035086E+02
7.056029E+02
6.529394E+02
8.572102E+02
6.015066E+02
7.088942E+02
7.049475E+02
5.502970E+02
8.034748E+02
1.059292E+03
5.502970E+02
8.541744E+02
5.035086E+02
6.569283E+02
5.035086E+02
5.035086E+02
5.071975E+02
6.017297E+02
7.027652E+02
6.020174E+02
5.502970E+02
7.022927E+02
8.549084E+02
8.072897E+02
9.067540E+02
7.042157E+02
6.537379E+02
5.035086E+02
5.034999E+02
9.090905E+02
7.023572E+02
7.582185E+02
7.564856E+02
7.055071E+02
7.027420E+02
7.517952E+02
7.036302E+02
5.497862E+02
8.063602E+02
9.609666E+02
5.035086E+02
7.043597E+02
5.035086E+02
1.056866E+03
5.035086E+02
6.020174E+02
5.502970E+02
8.550538E+02
6.497043E+02
8.547192E+02
5.502970E+02
6.523516E+02
7.035836E+02
5.035086E+02
9.583767E+02
8.562657E+02
5.035086E+02
7.549939E+02
5.035086E+02
6.525339E+02
7.527115E+02
5.035086E+02
6.517919E+02
7.583811E+02
7.546009E+02
6.026797E+02
4.510301E+02
6.573269E+02
5.520990E+02
4.017274E+02
3.495664E+02
3.999875E+02
6.557678E+02
6.040866E+02
4.467847E+02
4.516210E+02
4.491642E+02
4.012868E+02
4.520264E+02
5.007893E+02
6.551885E+02
5.036291E+02
7.082307E+02
5.508621E+02
3.495664E+02
5.519809E+02
3.027780E+02
5.005952E+02
3.027780E+02
6.025519E+02
3.027780E+02
3.027780E+02
5.048723E+02
4.522088E+02
6.564796E+02
4.007760E+02
7.030097E+02
5.042169E+02
3.495664E+02
6.027443E+02
7.596577E+02
3.495664E+02
7.568847E+02
3.027780E+02
6.506343E+02
3.027780E+02
3.027780E+02
3.064669E+02
4.009991E+02
5.020346E+02
4.012868E+02
3.495664E+02
5.015621E+02
6.541778E+02
6.065591E+02
7.060234E+02
6.007439E+02
4.530073E+02
3.027780E+02
4.972058E+02
7.083599E+02
5.016266E+02
6.547467E+02
5.557550E+02
6.023639E+02
5.988606E+02
5.510646E+02
5.028996E+02
4.524964E+02
6.056296E+02
8.574948E+02
3.027780E+02
5.036291E+02
3.027780E+02
7.572322E+02
3.027780E+02
4.012868E+02
3.495664E+02
6.543232E+02
5.458229E+02
6.539886E+02
3.495664E+02
4.516210E+02
5.028530E+02
3.027780E+02
6.587426E+02
6.555351E+02
3.027780E+02
5.542633E+02
3.027780E+02
5.490621E+02
5.519809E+02
3.027780E+02
4.510614E+02
5.576505E+02
6.507195E+02
5.540854E+02
5.016361E+02
7.079329E+02
6.027051E+02
5.512369E+02
4.001724E+02
4.505936E+02
7.063739E+02
5.554923E+02
4.973907E+02
5.022270E+02
4.997703E+02
4.518929E+02
5.026325E+02
4.496491E+02
7.057945E+02
5.542351E+02
7.588367E+02
6.014682E+02
4.001724E+02
6.025870E+02
3.533841E+02
5.512012E+02
3.533841E+02
6.531579E+02
3.533841E+02
3.533841E+02
5.554783E+02
5.028148E+02
7.070856E+02
4.513820E+02
7.536158E+02
5.548229E+02
4.001724E+02
4.517307E+02
9.091672E+02
4.001724E+02
8.074907E+02
3.533841E+02
7.012403E+02
3.533841E+02
3.533841E+02
3.570730E+02
4.516052E+02
5.526406E+02
4.518929E+02
4.001724E+02
5.521681E+02
7.047839E+02
6.571651E+02
7.566294E+02
6.513499E+02
5.036133E+02
3.533841E+02
5.478119E+02
7.589659E+02
5.522326E+02
7.053527E+02
6.063610E+02
6.529699E+02
5.502663E+02
6.016707E+02
5.535056E+02
5.031025E+02
6.562356E+02
9.081009E+02
3.533841E+02
5.542351E+02
3.533841E+02
9.067417E+02
3.533841E+02
4.518929E+02
4.001724E+02
7.049292E+02
5.964289E+02
7.045946E+02
4.001724E+02
5.022270E+02
5.534591E+02
3.533841E+02
8.082521E+02
7.061412E+02
3.533841E+02
6.048694E+02
3.533841E+02
5.996681E+02
6.025870E+02
3.533841E+02
5.016674E+02
6.082565E+02
7.013255E+02
4.506809E+02
2.990313E+02
5.053281E+02
4.001003E+02
3.486321E+02
1.975676E+02
2.479888E+02
4.017145E+02
4.520878E+02
2.947859E+02
2.996222E+02
2.971654E+02
2.492880E+02
3.000276E+02
3.487906E+02
5.031897E+02
3.516303E+02
5.562319E+02
3.988633E+02
1.975676E+02
3.999821E+02
1.507793E+02
3.485964E+02
1.507793E+02
4.505531E+02
1.507793E+02
1.507793E+02
3.528735E+02
3.002100E+02
5.044808E+02
2.487772E+02
5.510109E+02
3.522181E+02
1.975676E+02
4.507455E+02
7.065624E+02
1.975676E+02
6.048859E+02
1.507793E+02
4.986355E+02
1.507793E+02
1.507793E+02
1.544681E+02
2.490004E+02
3.500358E+02
2.492880E+02
1.975676E+02
3.495633E+02
5.021790E+02
4.545603E+02
5.540246E+02
4.487451E+02
3.010085E+02
1.507793E+02
3.452070E+02
5.563611E+02
3.496278E+02
5.027479E+02
4.037562E+02
4.503651E+02
4.468618E+02
3.990659E+02
3.509008E+02
3.004976E+02
4.536308E+02
7.054960E+02
1.507793E+02
3.516303E+02
1.507793E+02
7.041369E+02
1.507793E+02
2.492880E+02
1.975676E+02
5.023244E+02
3.938241E+02
5.019898E+02
1.975676E+02
2.996222E+02
3.508543E+02
1.507793E+02
6.056473E+02
4.014818E+02
1.507793E+02
4.022645E+02
1.507793E+02
3.970633E+02
3.999821E+02
1.507793E+02
2.990626E+02
4.056517E+02
4.987207E+02
3.479332E+02
1.962836E+02
4.025804E+02
2.973525E+02
2.458844E+02
9.481991E+01
1.452411E+02
4.010213E+02
3.493401E+02
1.920382E+02
1.968745E+02
1.944177E+02
1.465403E+02
1.972799E+02
2.460429E+02
4.004420E+02
2.488826E+02
4.534842E+02
2.961156E+02
9.481991E+01
2.972344E+02
4.803155E+01
2.458487E+02
4.803155E+01
3.478054E+02
4.803155E+01
4.803155E+01
2.501258E+02
1.974623E+02
4.017331E+02
1.460295E+02
4.482632E+02
2.494704E+02
9.481991E+01
3.479978E+02
6.038147E+02
9.481991E+01
5.021382E+02
4.803155E+01
3.958878E+02
4.803155E+01
4.803155E+01
5.172043E+01
1.462527E+02
2.472881E+02
1.465403E+02
9.481991E+01
2.468156E+02
3.994313E+02
3.518126E+02
4.512769E+02
3.459974E+02
1.982608E+02
4.803155E+01
2.424593E+02
4.536134E+02
2.468801E+02
4.000002E+02
3.010085E+02
3.476174E+02
3.441141E+02
2.963181E+02
2.481531E+02
1.977499E+02
3.508831E+02
6.027483E+02
4.803155E+01
2.488826E+02
4.803155E+01
6.013892E+02
4.803155E+01
1.465403E+02
9.481991E+01
3.995767E+02
2.910764E+02
3.992421E+02
9.481991E+01
1.968745E+02
2.481065E+02
4.803155E+01
5.028996E+02
4.007886E+02
4.803155E+01
2.995168E+02
4.803155E+01
2.943156E+02
2.972344E+02
4.803155E+01
1.963149E+02
3.029040E+02
3.959730E+02
5.989265E+02
4.472769E+02
6.535737E+02
5.483458E+02
4.968777E+02
3.458132E+02
3.962343E+02
6.520146E+02
6.003334E+02
2.485949E+02
4.478677E+02
4.454110E+02
3.975336E+02
4.482732E+02
4.970361E+02
6.514353E+02
4.998759E+02
7.044775E+02
5.471089E+02
3.458132E+02
5.482277E+02
2.990248E+02
4.968420E+02
2.990248E+02
5.987987E+02
2.990248E+02
2.990248E+02
5.011190E+02
4.484555E+02
6.527264E+02
3.970228E+02
6.016691E+02
5.004636E+02
3.458132E+02
5.989910E+02
8.548080E+02
3.458132E+02
7.531315E+02
2.990248E+02
4.524445E+02
2.990248E+02
2.990248E+02
3.027137E+02
3.972459E+02
4.982813E+02
3.975336E+02
3.458132E+02
4.978088E+02
6.504246E+02
6.028059E+02
7.022702E+02
5.969906E+02
4.492540E+02
2.990248E+02
2.990160E+02
7.046067E+02
4.978734E+02
6.509934E+02
5.520017E+02
5.010233E+02
4.982582E+02
5.473114E+02
4.991463E+02
4.487432E+02
6.018764E+02
8.537416E+02
2.990248E+02
4.998759E+02
2.990248E+02
7.503279E+02
2.990248E+02
3.975336E+02
3.458132E+02
5.485154E+02
4.452205E+02
6.502354E+02
3.458132E+02
4.478677E+02
4.990998E+02
2.990248E+02
7.538928E+02
6.517819E+02
2.990248E+02
5.505101E+02
2.990248E+02
5.453088E+02
5.482277E+02
2.990248E+02
4.473081E+02
5.538973E+02
5.501171E+02
