1.131354E+03
7.709103E+02
1.079328E+03
1.231164E+03
9.256055E+02
9.261164E+02
1.225551E+03
7.709103E+02
7.190764E+02
1.019878E+03
1.130939E+03
1.227434E+03
1.026757E+03
9.252096E+02
9.233360E+02
7.709103E+02
1.137600E+03
9.685195E+02
9.794907E+02
9.234308E+02
1.135090E+03
1.078311E+03
8.227442E+02
8.232550E+02
8.179468E+02
1.076330E+03
9.794907E+02
1.183870E+03
7.709103E+02
9.219769E+02
5.154270E+02
1.549829E+02
4.634007E+02
6.152363E+02
3.096781E+02
3.101890E+02
6.096236E+02
1.549829E+02
2.068168E+02
5.040348E+02
5.150115E+02
6.115067E+02
4.108295E+02
3.092822E+02
3.074086E+02
1.549829E+02
7.194274E+02
3.525921E+02
3.635633E+02
3.075034E+02
5.191624E+02
6.650739E+02
2.068168E+02
2.073276E+02
2.020194E+02
5.594254E+02
3.635633E+02
6.669661E+02
1.549829E+02
3.060495E+02
6.697250E+02
3.092809E+02
6.176987E+02
7.695342E+02
4.639761E+02
4.644869E+02
7.639215E+02
3.092809E+02
3.611148E+02
5.582485E+02
6.693094E+02
7.658047E+02
5.651275E+02
4.635802E+02
4.617065E+02
3.092809E+02
8.737254E+02
5.068900E+02
5.178613E+02
4.618013E+02
6.734604E+02
8.193719E+02
3.611148E+02
3.616256E+02
3.563173E+02
7.137234E+02
5.178613E+02
7.187718E+02
3.092809E+02
4.603475E+02
5.127644E+02
2.556235E+02
5.640413E+02
7.158768E+02
4.103187E+02
4.108295E+02
7.102642E+02
2.556235E+02
3.074574E+02
6.046754E+02
6.156520E+02
7.121473E+02
3.104973E+02
4.099228E+02
3.086849E+02
2.556235E+02
8.200680E+02
4.532326E+02
4.642039E+02
4.081439E+02
6.198030E+02
6.663502E+02
3.074574E+02
3.079682E+02
3.026599E+02
6.600660E+02
4.642039E+02
7.676067E+02
2.556235E+02
4.066901E+02
5.130291E+02
1.525850E+02
4.610028E+02
6.128384E+02
3.072802E+02
2.061825E+02
6.072257E+02
1.525850E+02
2.044189E+02
5.016369E+02
5.126136E+02
6.091089E+02
4.084316E+02
3.068843E+02
3.050107E+02
1.525850E+02
7.170295E+02
3.501942E+02
3.611654E+02
3.051055E+02
5.167645E+02
6.626761E+02
2.044189E+02
2.049297E+02
1.996215E+02
5.570276E+02
3.611654E+02
6.645682E+02
1.525850E+02
3.036516E+02
6.054817E+02
2.450376E+02
5.534554E+02
6.050686E+02
3.997328E+02
4.002436E+02
5.094692E+02
2.450376E+02
2.968715E+02
3.046071E+02
6.050661E+02
4.111301E+02
5.008842E+02
2.989664E+02
3.974632E+02
2.450376E+02
8.094821E+02
2.524377E+02
4.536180E+02
3.975580E+02
6.092171E+02
7.551286E+02
2.968715E+02
2.973823E+02
1.980011E+02
4.592711E+02
4.536180E+02
7.570208E+02
2.450376E+02
3.961042E+02
5.148880E+02
1.544439E+02
4.628617E+02
6.146973E+02
3.091391E+02
3.096500E+02
6.090846E+02
1.544439E+02
2.062778E+02
5.034958E+02
4.133666E+02
6.109678E+02
4.102905E+02
3.087432E+02
3.068696E+02
1.544439E+02
7.188884E+02
3.520531E+02
3.630243E+02
3.069644E+02
5.186234E+02
6.645350E+02
2.062778E+02
2.067886E+02
2.014804E+02
5.588864E+02
3.630243E+02
6.664271E+02
1.544439E+02
3.055105E+02
4.555486E+02
9.510452E+01
4.035223E+02
5.553579E+02
2.497997E+02
2.503106E+02
3.595362E+02
9.510452E+01
1.469384E+02
2.539474E+02
4.551331E+02
3.614193E+02
3.509511E+02
2.494038E+02
2.475302E+02
9.510452E+01
6.595490E+02
1.025046E+02
3.036849E+02
2.476250E+02
4.592840E+02
6.051956E+02
1.469384E+02
1.474492E+02
4.806806E+01
3.093380E+02
3.036849E+02
6.070877E+02
9.510452E+01
2.461711E+02
8.717733E+02
5.113292E+02
8.197470E+02
9.715826E+02
6.660244E+02
6.665353E+02
6.745406E+02
5.113292E+02
5.631631E+02
6.701721E+02
8.713578E+02
7.776440E+02
7.671758E+02
6.656285E+02
6.637549E+02
5.113292E+02
1.075774E+03
5.187293E+02
7.199096E+02
6.638497E+02
8.755087E+02
1.021420E+03
5.631631E+02
5.636739E+02
4.642928E+02
7.255627E+02
7.199096E+02
1.023312E+03
5.113292E+02
6.623958E+02
4.555486E+02
9.510452E+01
4.035223E+02
5.553579E+02
2.497997E+02
2.503106E+02
3.595362E+02
9.510452E+01
1.469384E+02
2.539474E+02
4.551331E+02
3.614193E+02
3.509511E+02
2.494038E+02
2.475302E+02
9.510452E+01
6.595490E+02
1.025046E+02
3.036849E+02
2.476250E+02
4.592840E+02
6.051956E+02
1.469384E+02
1.474492E+02
4.806806E+01
3.093380E+02
3.036849E+02
6.070877E+02
9.510452E+01
2.461711E+02
8.748593E+02
5.144152E+02
8.228330E+02
9.746685E+02
6.691104E+02
6.696212E+02
9.690559E+02
5.144152E+02
5.662491E+02
8.634671E+02
8.744438E+02
9.709390E+02
7.702618E+02
6.687145E+02
6.668409E+02
5.144152E+02
9.798367E+02
7.120244E+02
7.229956E+02
6.669357E+02
8.785947E+02
9.254832E+02
5.662491E+02
5.667599E+02
5.614517E+02
8.198347E+02
7.229956E+02
9.273754E+02
5.144152E+02
6.654818E+02
6.610845E+02
3.006404E+02
6.090582E+02
7.608937E+02
4.553356E+02
4.558464E+02
4.674933E+02
3.006404E+02
3.524743E+02
4.594832E+02
6.606690E+02
5.669552E+02
5.564870E+02
4.549397E+02
4.530661E+02
3.006404E+02
8.650849E+02
3.080405E+02
5.092208E+02
4.531609E+02
6.648199E+02
7.131527E+02
3.524743E+02
3.529851E+02
2.536039E+02
5.148739E+02
5.092208E+02
8.126236E+02
3.006404E+02
4.517070E+02
6.144127E+02
2.539686E+02
4.601049E+02
7.142219E+02
4.086638E+02
4.091746E+02
6.110305E+02
2.539686E+02
3.058025E+02
5.029362E+02
6.139971E+02
7.104924E+02
5.098152E+02
4.082679E+02
4.063943E+02
2.539686E+02
8.184131E+02
4.515777E+02
4.625490E+02
4.064890E+02
6.181481E+02
6.664809E+02
3.058025E+02
3.063133E+02
3.010050E+02
6.584111E+02
4.625490E+02
7.659518E+02
2.539686E+02
4.050352E+02
4.646227E+02
1.041786E+02
4.125964E+02
5.644320E+02
2.588739E+02
2.593847E+02
5.588193E+02
1.041786E+02
1.560125E+02
4.532305E+02
4.642072E+02
5.607025E+02
3.600252E+02
2.584780E+02
2.566043E+02
1.041786E+02
6.686231E+02
3.017878E+02
3.127590E+02
2.566991E+02
4.683581E+02
6.142697E+02
1.560125E+02
1.565234E+02
1.512151E+02
5.086212E+02
3.127590E+02
6.161618E+02
1.041786E+02
2.552452E+02
6.629052E+02
3.024611E+02
6.108790E+02
7.627145E+02
4.571564E+02
4.576672E+02
4.656725E+02
3.024611E+02
3.542950E+02
4.613040E+02
6.624897E+02
5.687759E+02
5.583078E+02
4.567605E+02
4.548868E+02
3.024611E+02
8.669056E+02
3.098613E+02
5.110415E+02
4.549816E+02
6.666406E+02
8.125522E+02
3.542950E+02
3.548059E+02
2.554247E+02
5.166946E+02
5.110415E+02
8.144443E+02
3.024611E+02
4.535277E+02
7.130924E+02
3.526483E+02
6.610661E+02
8.129017E+02
5.073435E+02
5.078544E+02
7.132161E+02
3.526483E+02
4.044822E+02
5.083539E+02
7.126769E+02
7.150992E+02
6.084949E+02
5.069476E+02
5.050740E+02
3.526483E+02
9.170928E+02
4.561846E+02
5.612287E+02
5.051688E+02
7.168278E+02
8.627394E+02
4.044822E+02
4.049930E+02
3.056119E+02
6.630179E+02
5.612287E+02
7.647378E+02
3.526483E+02
5.037149E+02
2.044148E+03
1.683704E+03
1.992121E+03
2.042851E+03
1.838399E+03
1.838910E+03
1.850556E+03
1.683704E+03
1.735537E+03
1.842546E+03
2.043732E+03
1.950018E+03
1.939550E+03
1.838003E+03
1.836129E+03
1.683704E+03
2.149416E+03
1.691104E+03
1.892284E+03
1.836224E+03
1.944888E+03
1.995110E+03
1.735537E+03
1.736048E+03
1.636667E+03
1.897937E+03
1.892284E+03
2.095793E+03
1.683704E+03
1.735105E+03
5.642752E+02
2.038311E+02
5.122489E+02
6.640845E+02
3.585263E+02
3.590372E+02
4.588022E+02
2.038311E+02
2.556650E+02
5.528830E+02
5.638597E+02
6.603550E+02
4.596777E+02
3.581305E+02
3.562568E+02
2.038311E+02
6.661847E+02
4.014403E+02
4.124115E+02
3.563516E+02
5.680106E+02
6.163434E+02
2.556650E+02
2.561759E+02
2.508676E+02
6.082737E+02
4.124115E+02
7.158143E+02
2.038311E+02
3.548977E+02
5.076057E+02
1.471616E+02
4.555794E+02
6.074149E+02
3.018568E+02
3.023676E+02
4.115932E+02
1.471616E+02
1.989955E+02
3.060044E+02
5.071901E+02
4.134764E+02
4.030082E+02
3.014609E+02
2.995872E+02
1.471616E+02
7.116061E+02
1.545617E+02
3.557420E+02
2.996820E+02
5.113410E+02
6.572526E+02
1.989955E+02
1.995063E+02
1.001251E+02
3.613951E+02
3.557420E+02
6.591448E+02
1.471616E+02
2.982282E+02
6.085755E+02
2.481314E+02
5.565492E+02
7.083847E+02
4.028266E+02
4.033374E+02
5.125630E+02
2.481314E+02
2.999653E+02
4.069742E+02
6.081599E+02
5.144462E+02
5.039780E+02
4.024307E+02
4.005570E+02
2.481314E+02
8.125759E+02
2.555315E+02
4.567118E+02
4.006518E+02
6.123109E+02
7.582224E+02
2.999653E+02
3.004761E+02
2.010949E+02
4.623649E+02
4.567118E+02
6.602209E+02
2.481314E+02
2.977274E+02
6.182883E+02
2.578442E+02
5.662620E+02
7.180976E+02
4.125395E+02
4.130503E+02
7.124849E+02
2.578442E+02
3.096781E+02
6.068961E+02
6.178728E+02
7.143681E+02
4.120823E+02
4.121436E+02
4.102699E+02
2.578442E+02
8.222887E+02
4.554534E+02
4.664246E+02
4.103647E+02
6.220237E+02
7.679353E+02
3.096781E+02
3.101890E+02
3.048807E+02
6.622868E+02
4.664246E+02
7.698274E+02
2.578442E+02
4.089108E+02
5.167851E+02
1.563410E+02
4.647588E+02
6.165944E+02
3.110363E+02
3.115471E+02
6.109817E+02
1.563410E+02
2.081749E+02
5.053929E+02
5.163696E+02
6.128649E+02
4.121876E+02
3.106404E+02
3.087667E+02
1.563410E+02
7.207855E+02
3.539502E+02
3.649214E+02
3.088615E+02
5.205205E+02
6.664321E+02
2.081749E+02
2.086858E+02
2.033775E+02
5.607836E+02
3.649214E+02
6.683242E+02
1.563410E+02
3.074076E+02
5.139919E+02
1.535478E+02
4.619656E+02
6.138012E+02
3.082430E+02
2.071453E+02
6.081885E+02
1.535478E+02
2.053817E+02
5.025997E+02
5.135764E+02
6.100717E+02
4.093944E+02
3.078472E+02
3.059735E+02
1.535478E+02
7.179923E+02
3.511570E+02
3.621282E+02
3.060683E+02
5.177273E+02
6.636389E+02
2.053817E+02
2.058925E+02
2.005843E+02
5.579904E+02
3.621282E+02
6.655310E+02
1.535478E+02
3.046144E+02
5.602381E+02
1.997940E+02
5.082118E+02
6.600473E+02
3.544892E+02
3.550000E+02
4.642256E+02
1.997940E+02
2.516279E+02
3.586368E+02
5.598225E+02
4.661088E+02
4.556406E+02
3.540933E+02
3.522196E+02
1.997940E+02
7.642385E+02
2.071941E+02
4.083744E+02
3.523144E+02
5.639735E+02
7.098850E+02
2.516279E+02
2.521387E+02
1.527575E+02
4.140275E+02
4.083744E+02
7.117772E+02
1.997940E+02
3.508606E+02
8.268098E+02
5.684566E+02
8.768744E+02
1.028710E+03
7.231518E+02
7.236626E+02
1.023097E+03
5.684566E+02
6.202905E+02
9.175085E+02
9.284851E+02
1.024980E+03
8.243032E+02
7.227559E+02
7.208822E+02
5.684566E+02
1.132901E+03
7.660657E+02
7.770370E+02
6.202725E+02
9.326361E+02
1.078548E+03
6.202905E+02
6.208013E+02
6.154930E+02
9.728991E+02
7.770370E+02
1.080440E+03
5.684566E+02
7.195232E+02
