9.258932E+02
9.801069E+02
1.026534E+03
9.234953E+02
1.015948E+03
9.253542E+02
8.660148E+02
1.178572E+03
8.660148E+02
1.186302E+03
1.071551E+03
9.247946E+02
8.750889E+02
1.073371E+03
1.123559E+03
2.355882E+03
9.747414E+02
9.180719E+02
1.019042E+03
1.028755E+03
9.272513E+02
9.244581E+02
9.707043E+02
1.339367E+03
0.000000E+00
4.642638E+02
4.106064E+02
3.075679E+02
4.000205E+02
3.094268E+02
2.500874E+02
6.663121E+02
2.500874E+02
6.693981E+02
4.556233E+02
4.089515E+02
2.591615E+02
4.574440E+02
4.060227E+02
1.838686E+03
3.588140E+02
3.021445E+02
4.031143E+02
4.128271E+02
3.113239E+02
3.085307E+02
3.547769E+02
7.234395E+02
4.642638E+02
0.000000E+00
5.649043E+02
4.618659E+02
5.543184E+02
4.637248E+02
4.043854E+02
8.206101E+02
4.043854E+02
8.236961E+02
6.099213E+02
4.631652E+02
4.134595E+02
6.117420E+02
6.619292E+02
1.992984E+03
5.131120E+02
4.564424E+02
5.574122E+02
5.671251E+02
4.656219E+02
4.628287E+02
5.090748E+02
8.777374E+02
4.106064E+02
5.649043E+02
0.000000E+00
4.082085E+02
5.006610E+02
4.100674E+02
3.507280E+02
7.669527E+02
3.507280E+02
7.700387E+02
5.562639E+02
5.095921E+02
3.598021E+02
5.580846E+02
6.082718E+02
1.939327E+03
4.594546E+02
4.027850E+02
5.037548E+02
4.118591E+02
4.119645E+02
4.091713E+02
4.554174E+02
8.240800E+02
3.075679E+02
4.618659E+02
4.082085E+02
0.000000E+00
3.976226E+02
3.070289E+02
2.476895E+02
6.639142E+02
2.476895E+02
6.670002E+02
4.532254E+02
4.065536E+02
2.567636E+02
4.550461E+02
5.052333E+02
1.836289E+03
3.564161E+02
2.997466E+02
4.007164E+02
4.104292E+02
3.089260E+02
2.045243E+02
3.523790E+02
7.210416E+02
4.000205E+02
5.543184E+02
5.006610E+02
3.976226E+02
0.000000E+00
3.994815E+02
1.499331E+02
5.661577E+02
1.499331E+02
7.594528E+02
3.554689E+02
4.990061E+02
3.492162E+02
3.572897E+02
4.043396E+02
1.738532E+03
4.488687E+02
2.019901E+02
3.029599E+02
5.028818E+02
4.013786E+02
3.985854E+02
2.546225E+02
8.134941E+02
3.094268E+02
4.637248E+02
4.100674E+02
3.070289E+02
3.994815E+02
0.000000E+00
2.495484E+02
6.657731E+02
2.495484E+02
6.688591E+02
4.550843E+02
4.084125E+02
2.586225E+02
4.569050E+02
5.070922E+02
1.838147E+03
3.582750E+02
3.016055E+02
4.025753E+02
4.122881E+02
3.107849E+02
3.079917E+02
3.542379E+02
7.229005E+02
2.500874E+02
4.043854E+02
3.507280E+02
2.476895E+02
1.499331E+02
2.495484E+02
0.000000E+00
4.162247E+02
0.000000E+00
6.095197E+02
2.055359E+02
3.490731E+02
1.992831E+02
2.073566E+02
3.536799E+02
1.588599E+03
2.989356E+02
5.205704E+01
1.530268E+02
3.529487E+02
2.514455E+02
2.486523E+02
1.046895E+02
6.635611E+02
6.663121E+02
8.206101E+02
7.669527E+02
6.639142E+02
5.661577E+02
6.657731E+02
4.162247E+02
0.000000E+00
4.162247E+02
1.025744E+03
6.217606E+02
7.652978E+02
6.155078E+02
5.223611E+02
7.699046E+02
2.004824E+03
7.151603E+02
4.682817E+02
5.692515E+02
7.691734E+02
6.676702E+02
6.648770E+02
5.209141E+02
1.079786E+03
2.500874E+02
4.043854E+02
3.507280E+02
2.476895E+02
1.499331E+02
2.495484E+02
0.000000E+00
4.162247E+02
0.000000E+00
6.095197E+02
2.055359E+02
3.490731E+02
1.992831E+02
2.073566E+02
3.536799E+02
1.588599E+03
2.989356E+02
5.205704E+01
1.530268E+02
3.529487E+02
2.514455E+02
2.486523E+02
1.046895E+02
6.635611E+02
6.693981E+02
8.236961E+02
7.700387E+02
6.670002E+02
7.594528E+02
6.688591E+02
6.095197E+02
1.025744E+03
6.095197E+02
0.000000E+00
8.150556E+02
7.683838E+02
6.185938E+02
8.168763E+02
8.670635E+02
2.098889E+03
7.182463E+02
6.615768E+02
7.625466E+02
7.722594E+02
6.707562E+02
6.679630E+02
7.142092E+02
9.781823E+02
4.556233E+02
6.099213E+02
5.562639E+02
4.532254E+02
3.554689E+02
4.550843E+02
2.055359E+02
6.217606E+02
2.055359E+02
8.150556E+02
0.000000E+00
4.570302E+02
4.048190E+02
4.128925E+02
5.592158E+02
1.696556E+03
4.068928E+02
2.575929E+02
3.585627E+02
5.584846E+02
4.569814E+02
4.541882E+02
3.102253E+02
8.690970E+02
4.089515E+02
4.631652E+02
5.095921E+02
4.065536E+02
4.990061E+02
4.084125E+02
3.490731E+02
7.652978E+02
3.490731E+02
7.683838E+02
4.570302E+02
0.000000E+00
3.581472E+02
5.564297E+02
6.066169E+02
1.840093E+03
3.602209E+02
4.011301E+02
5.020999E+02
5.118128E+02
3.070064E+02
4.075164E+02
4.537625E+02
8.224251E+02
2.591615E+02
4.134595E+02
3.598021E+02
2.567636E+02
3.492162E+02
2.586225E+02
1.992831E+02
6.155078E+02
1.992831E+02
6.185938E+02
4.048190E+02
3.581472E+02
0.000000E+00
4.066398E+02
4.568269E+02
1.787882E+03
3.080098E+02
2.513402E+02
3.523100E+02
3.620229E+02
2.605197E+02
2.577264E+02
3.039726E+02
6.726352E+02
4.574440E+02
6.117420E+02
5.580846E+02
4.550461E+02
3.572897E+02
4.569050E+02
2.073566E+02
5.223611E+02
2.073566E+02
8.168763E+02
4.128925E+02
5.564297E+02
4.066398E+02
0.000000E+00
5.610365E+02
1.795956E+03
5.062923E+02
2.594137E+02
3.603835E+02
5.603054E+02
4.588022E+02
4.560090E+02
3.120461E+02
8.709177E+02
4.060227E+02
6.619292E+02
6.082718E+02
5.052333E+02
4.043396E+02
5.070922E+02
3.536799E+02
7.699046E+02
3.536799E+02
8.670635E+02
5.592158E+02
6.066169E+02
4.568269E+02
5.610365E+02
0.000000E+00
1.842385E+03
5.564794E+02
4.057370E+02
4.068131E+02
6.104925E+02
5.089893E+02
5.061961E+02
4.583694E+02
9.211049E+02
1.838686E+03
1.992984E+03
1.939327E+03
1.836289E+03
1.738532E+03
1.838147E+03
1.588599E+03
2.004824E+03
1.588599E+03
2.098889E+03
1.696556E+03
1.840093E+03
1.787882E+03
1.795956E+03
1.842385E+03
0.000000E+00
1.789956E+03
1.640656E+03
1.641732E+03
1.941548E+03
1.840045E+03
1.837251E+03
1.693289E+03
2.252160E+03
3.588140E+02
5.131120E+02
4.594546E+02
3.564161E+02
4.488687E+02
3.582750E+02
2.989356E+02
7.151603E+02
2.989356E+02
7.182463E+02
4.068928E+02
3.602209E+02
3.080098E+02
5.062923E+02
5.564794E+02
1.789956E+03
0.000000E+00
3.509927E+02
4.519625E+02
4.616754E+02
3.601722E+02
3.573789E+02
4.036251E+02
7.722877E+02
3.021445E+02
4.564424E+02
4.027850E+02
2.997466E+02
2.019901E+02
3.016055E+02
5.205704E+01
4.682817E+02
5.205704E+01
6.615768E+02
2.575929E+02
4.011301E+02
2.513402E+02
2.594137E+02
4.057370E+02
1.640656E+03
3.509927E+02
0.000000E+00
2.050839E+02
4.050058E+02
3.035026E+02
3.007094E+02
1.567465E+02
7.156181E+02
4.031143E+02
5.574122E+02
5.037548E+02
4.007164E+02
3.029599E+02
4.025753E+02
1.530268E+02
5.692515E+02
1.530268E+02
7.625466E+02
3.585627E+02
5.020999E+02
3.523100E+02
3.603835E+02
4.068131E+02
1.641732E+03
4.519625E+02
2.050839E+02
0.000000E+00
5.059756E+02
4.044724E+02
4.016792E+02
2.577163E+02
8.165879E+02
4.128271E+02
5.671251E+02
4.118591E+02
4.104292E+02
5.028818E+02
4.122881E+02
3.529487E+02
7.691734E+02
3.529487E+02
7.722594E+02
5.584846E+02
5.118128E+02
3.620229E+02
5.603054E+02
6.104925E+02
1.941548E+03
4.616754E+02
4.050058E+02
5.059756E+02
0.000000E+00
4.141853E+02
4.113921E+02
4.576382E+02
8.263008E+02
3.113239E+02
4.656219E+02
4.119645E+02
3.089260E+02
4.013786E+02
3.107849E+02
2.514455E+02
6.676702E+02
2.514455E+02
6.707562E+02
4.569814E+02
3.070064E+02
2.605197E+02
4.588022E+02
5.089893E+02
1.840045E+03
3.601722E+02
3.035026E+02
4.044724E+02
4.141853E+02
0.000000E+00
3.098889E+02
3.561350E+02
7.247976E+02
3.085307E+02
4.628287E+02
4.091713E+02
2.045243E+02
3.985854E+02
3.079917E+02
2.486523E+02
6.648770E+02
2.486523E+02
6.679630E+02
4.541882E+02
4.075164E+02
2.577264E+02
4.560090E+02
5.061961E+02
1.837251E+03
3.573789E+02
3.007094E+02
4.016792E+02
4.113921E+02
3.098889E+02
0.000000E+00
3.533418E+02
7.220044E+02
3.547769E+02
5.090748E+02
4.554174E+02
3.523790E+02
2.546225E+02
3.542379E+02
1.046895E+02
5.209141E+02
1.046895E+02
7.142092E+02
3.102253E+02
4.537625E+02
3.039726E+02
3.120461E+02
4.583694E+02
1.693289E+03
4.036251E+02
1.567465E+02
2.577163E+02
4.576382E+02
3.561350E+02
3.533418E+02
0.000000E+00
7.682505E+02
7.234395E+02
8.777374E+02
8.240800E+02
7.210416E+02
8.134941E+02
7.229005E+02
6.635611E+02
1.079786E+03
6.635611E+02
9.781823E+02
8.690970E+02
8.224251E+02
6.726352E+02
8.709177E+02
9.211049E+02
2.252160E+03
7.722877E+02
7.156181E+02
8.165879E+02
8.263008E+02
7.247976E+02
7.220044E+02
7.682505E+02
0.000000E+00
