1.443687E+02
3.980885E+02
1.450619E+02
2.494589E+02
1.963377E+02
1.949395E+02
1.456215E+02
1.448105E+02
1.481824E+02
2.972035E+02
1.443687E+02
8.535972E+02
0.000000E+00
3.531905E+02
1.001639E+02
2.974882E+02
1.514397E+02
1.500416E+02
1.007235E+02
9.991256E+01
1.962116E+02
2.523055E+02
0.000000E+00
8.086993E+02
3.531905E+02
0.000000E+00
3.538837E+02
5.512080E+02
4.051595E+02
4.037613E+02
3.544433E+02
3.536323E+02
4.499314E+02
5.060253E+02
3.531905E+02
1.062419E+03
1.001639E+02
3.538837E+02
0.000000E+00
2.981813E+02
1.521328E+02
1.507347E+02
1.014166E+02
1.006057E+02
1.969048E+02
2.529986E+02
1.001639E+02
8.093924E+02
2.974882E+02
5.512080E+02
2.981813E+02
0.000000E+00
3.494571E+02
3.480590E+02
2.987409E+02
2.979300E+02
2.001365E+02
3.512405E+02
2.974882E+02
1.006717E+03
1.514397E+02
4.051595E+02
1.521328E+02
3.494571E+02
0.000000E+00
2.020105E+02
1.526924E+02
1.518815E+02
2.481806E+02
3.042744E+02
1.514397E+02
8.606682E+02
1.500416E+02
4.037613E+02
1.507347E+02
3.480590E+02
2.020105E+02
0.000000E+00
1.512943E+02
1.504834E+02
2.467825E+02
3.028763E+02
1.500416E+02
8.592701E+02
1.007235E+02
3.544433E+02
1.014166E+02
2.987409E+02
1.526924E+02
1.512943E+02
0.000000E+00
1.011653E+02
1.974644E+02
2.535582E+02
1.007235E+02
8.099520E+02
9.991256E+01
3.536323E+02
1.006057E+02
2.979300E+02
1.518815E+02
1.504834E+02
1.011653E+02
0.000000E+00
1.966535E+02
2.527473E+02
9.991256E+01
8.091411E+02
1.962116E+02
4.499314E+02
1.969048E+02
2.001365E+02
2.481806E+02
2.467825E+02
1.974644E+02
1.966535E+02
0.000000E+00
3.490464E+02
1.962116E+02
9.054402E+02
2.523055E+02
5.060253E+02
2.529986E+02
3.512405E+02
3.042744E+02
3.028763E+02
2.535582E+02
2.527473E+02
3.490464E+02
0.000000E+00
2.523055E+02
9.615340E+02
0.000000E+00
3.531905E+02
1.001639E+02
2.974882E+02
1.514397E+02
1.500416E+02
1.007235E+02
9.991256E+01
1.962116E+02
2.523055E+02
0.000000E+00
8.086993E+02
8.086993E+02
1.062419E+03
8.093924E+02
1.006717E+03
8.606682E+02
8.592701E+02
8.099520E+02
8.091411E+02
9.054402E+02
9.615340E+02
8.086993E+02
0.000000E+00
