1.940641E+02
2.469691E+02
1.459092E+02
1.450619E+02
2.438930E+02
1.953932E+02
5.493385E+02
1.960864E+02
1.963377E+02
2.463813E+02
1.491661E+02
2.020711E+02
1.010112E+02
1.001639E+02
1.989950E+02
1.504952E+02
5.044405E+02
1.511884E+02
1.514397E+02
2.014833E+02
4.028859E+02
4.557909E+02
3.547310E+02
3.538837E+02
4.527148E+02
4.042150E+02
6.561840E+02
4.049081E+02
4.051595E+02
4.552031E+02
1.498592E+02
2.027643E+02
1.017043E+02
0.000000E+00
1.996881E+02
1.511884E+02
5.051336E+02
1.518815E+02
1.521328E+02
2.021765E+02
3.471835E+02
4.000886E+02
2.990286E+02
2.981813E+02
2.979300E+02
2.473473E+02
7.024579E+02
3.492058E+02
3.494571E+02
2.983355E+02
2.011350E+02
2.540401E+02
1.529801E+02
1.521328E+02
2.509639E+02
2.024642E+02
5.564094E+02
2.031573E+02
2.034086E+02
2.534523E+02
1.997369E+02
2.526420E+02
1.515820E+02
1.507347E+02
2.495658E+02
2.010660E+02
5.550113E+02
2.017592E+02
2.020105E+02
2.520542E+02
1.504188E+02
2.033239E+02
1.022639E+02
1.014166E+02
2.002477E+02
1.517480E+02
5.056932E+02
1.524411E+02
1.526924E+02
2.027361E+02
1.496079E+02
2.025130E+02
1.014530E+02
1.006057E+02
1.994368E+02
1.509371E+02
5.048823E+02
1.516302E+02
1.518815E+02
2.019252E+02
2.459070E+02
2.988120E+02
1.977521E+02
1.969048E+02
2.957359E+02
2.472361E+02
6.011814E+02
2.479293E+02
2.481806E+02
2.982242E+02
3.020008E+02
3.549059E+02
2.538459E+02
2.529986E+02
2.527473E+02
3.033300E+02
6.572752E+02
3.040231E+02
3.042744E+02
3.543181E+02
1.491661E+02
2.020711E+02
1.010112E+02
1.001639E+02
1.989950E+02
1.504952E+02
5.044405E+02
1.511884E+02
1.514397E+02
2.014833E+02
7.615094E+02
9.112997E+02
8.102397E+02
8.093924E+02
8.113383E+02
8.597237E+02
1.017580E+03
8.604169E+02
8.606682E+02
9.107119E+02
