4.651064E+01
4.651064E+01
4.651064E+01
4.651064E+01
4.651064E+01
4.651064E+01
4.651064E+01
4.651064E+01
4.651064E+01
4.651064E+01
4.651064E+01
4.651064E+01
4.651064E+01
4.651064E+01
4.651064E+01
4.651064E+01
4.651064E+01
4.651064E+01
4.651064E+01
4.651064E+01
4.651064E+01
4.651064E+01
9.960641E+01
4.651064E+01
4.651064E+01
4.651064E+01
4.651064E+01
0.000000E+00
4.651064E+01
4.651064E+01
4.651064E+01
4.651064E+01
4.651064E+01
4.651064E+01
4.651064E+01
4.651064E+01
4.651064E+01
4.651064E+01
4.651064E+01
4.651064E+01
4.651064E+01
4.651064E+01
4.651064E+01
4.651064E+01
0.000000E+00
0.000000E+00
0.000000E+00
0.000000E+00
0.000000E+00
0.000000E+00
0.000000E+00
0.000000E+00
0.000000E+00
0.000000E+00
0.000000E+00
0.000000E+00
0.000000E+00
0.000000E+00
0.000000E+00
0.000000E+00
0.000000E+00
0.000000E+00
0.000000E+00
0.000000E+00
0.000000E+00
0.000000E+00
5.309577E+01
0.000000E+00
0.000000E+00
0.000000E+00
0.000000E+00
4.651064E+01
0.000000E+00
0.000000E+00
0.000000E+00
0.000000E+00
0.000000E+00
0.000000E+00
0.000000E+00
0.000000E+00
0.000000E+00
0.000000E+00
0.000000E+00
0.000000E+00
0.000000E+00
0.000000E+00
0.000000E+00
0.000000E+00
1.024479E+02
1.024479E+02
1.024479E+02
1.024479E+02
1.024479E+02
1.024479E+02
1.024479E+02
1.024479E+02
1.024479E+02
1.024479E+02
1.024479E+02
1.024479E+02
1.024479E+02
1.024479E+02
1.024479E+02
1.024479E+02
1.024479E+02
1.024479E+02
1.024479E+02
1.024479E+02
1.024479E+02
1.024479E+02
4.935217E+01
1.024479E+02
1.024479E+02
1.024479E+02
1.024479E+02
1.489586E+02
1.024479E+02
1.024479E+02
1.024479E+02
1.024479E+02
1.024479E+02
1.024479E+02
1.024479E+02
1.024479E+02
1.024479E+02
1.024479E+02
1.024479E+02
1.024479E+02
1.024479E+02
1.024479E+02
1.024479E+02
1.024479E+02
2.971186E+02
2.971186E+02
2.971186E+02
2.971186E+02
2.971186E+02
2.971186E+02
2.971186E+02
2.971186E+02
2.971186E+02
2.971186E+02
2.971186E+02
2.971186E+02
2.971186E+02
2.971186E+02
2.971186E+02
2.971186E+02
2.971186E+02
2.971186E+02
2.971186E+02
2.971186E+02
2.971186E+02
2.971186E+02
3.502144E+02
2.971186E+02
2.971186E+02
2.971186E+02
2.971186E+02
2.506080E+02
2.971186E+02
2.971186E+02
2.971186E+02
2.971186E+02
2.971186E+02
2.971186E+02
2.971186E+02
2.971186E+02
2.971186E+02
2.971186E+02
2.971186E+02
2.971186E+02
2.971186E+02
2.971186E+02
2.971186E+02
2.971186E+02
1.487307E+02
1.487307E+02
1.487307E+02
1.487307E+02
1.487307E+02
1.487307E+02
1.487307E+02
1.487307E+02
1.487307E+02
1.487307E+02
1.487307E+02
1.487307E+02
1.487307E+02
1.487307E+02
1.487307E+02
1.487307E+02
1.487307E+02
1.487307E+02
1.487307E+02
1.487307E+02
1.487307E+02
1.487307E+02
2.018265E+02
1.487307E+02
1.487307E+02
1.487307E+02
1.487307E+02
1.022201E+02
1.487307E+02
1.487307E+02
1.487307E+02
1.487307E+02
1.487307E+02
1.487307E+02
1.487307E+02
1.487307E+02
1.487307E+02
1.487307E+02
1.487307E+02
1.487307E+02
1.487307E+02
1.487307E+02
1.487307E+02
1.487307E+02
4.097496E+02
4.097496E+02
4.097496E+02
4.097496E+02
4.097496E+02
4.097496E+02
4.097496E+02
4.097496E+02
4.097496E+02
4.097496E+02
4.097496E+02
4.097496E+02
4.097496E+02
4.097496E+02
4.097496E+02
4.097496E+02
4.097496E+02
4.097496E+02
4.097496E+02
4.097496E+02
4.097496E+02
4.097496E+02
4.628454E+02
4.097496E+02
4.097496E+02
4.097496E+02
4.097496E+02
3.632390E+02
4.097496E+02
4.097496E+02
4.097496E+02
4.097496E+02
4.097496E+02
4.097496E+02
4.097496E+02
4.097496E+02
4.097496E+02
4.097496E+02
4.097496E+02
4.097496E+02
4.097496E+02
4.097496E+02
4.097496E+02
4.097496E+02
2.522639E+02
2.522639E+02
2.522639E+02
2.522639E+02
2.522639E+02
2.522639E+02
2.522639E+02
2.522639E+02
2.522639E+02
2.522639E+02
2.522639E+02
2.522639E+02
2.522639E+02
2.522639E+02
2.522639E+02
2.522639E+02
2.522639E+02
2.522639E+02
2.522639E+02
2.522639E+02
2.522639E+02
2.522639E+02
3.053596E+02
2.522639E+02
2.522639E+02
2.522639E+02
2.522639E+02
2.057532E+02
2.522639E+02
2.522639E+02
2.522639E+02
2.522639E+02
2.522639E+02
2.522639E+02
2.522639E+02
2.522639E+02
2.522639E+02
2.522639E+02
2.522639E+02
2.522639E+02
2.522639E+02
2.522639E+02
2.522639E+02
2.522639E+02
2.026356E+02
2.026356E+02
2.026356E+02
2.026356E+02
2.026356E+02
2.026356E+02
2.026356E+02
2.026356E+02
2.026356E+02
2.026356E+02
2.026356E+02
2.026356E+02
2.026356E+02
2.026356E+02
2.026356E+02
2.026356E+02
2.026356E+02
2.026356E+02
2.026356E+02
2.026356E+02
2.026356E+02
2.026356E+02
2.557314E+02
2.026356E+02
2.026356E+02
2.026356E+02
2.026356E+02
1.561250E+02
2.026356E+02
2.026356E+02
2.026356E+02
2.026356E+02
2.026356E+02
2.026356E+02
2.026356E+02
2.026356E+02
2.026356E+02
2.026356E+02
2.026356E+02
2.026356E+02
2.026356E+02
2.026356E+02
2.026356E+02
2.026356E+02
1.999119E+02
1.999119E+02
1.999119E+02
1.999119E+02
1.999119E+02
1.999119E+02
1.999119E+02
1.999119E+02
1.999119E+02
1.999119E+02
1.999119E+02
1.999119E+02
1.999119E+02
1.999119E+02
1.999119E+02
1.999119E+02
1.999119E+02
1.999119E+02
1.999119E+02
1.999119E+02
1.999119E+02
1.999119E+02
2.530076E+02
1.999119E+02
1.999119E+02
1.999119E+02
1.999119E+02
1.534012E+02
1.999119E+02
1.999119E+02
1.999119E+02
1.999119E+02
1.999119E+02
1.999119E+02
1.999119E+02
1.999119E+02
1.999119E+02
1.999119E+02
1.999119E+02
1.999119E+02
1.999119E+02
1.999119E+02
1.999119E+02
1.999119E+02
4.651064E+01
4.651064E+01
4.651064E+01
4.651064E+01
4.651064E+01
4.651064E+01
4.651064E+01
4.651064E+01
4.651064E+01
4.651064E+01
4.651064E+01
4.651064E+01
4.651064E+01
4.651064E+01
4.651064E+01
4.651064E+01
4.651064E+01
4.651064E+01
4.651064E+01
4.651064E+01
4.651064E+01
4.651064E+01
9.960641E+01
4.651064E+01
4.651064E+01
4.651064E+01
4.651064E+01
0.000000E+00
4.651064E+01
4.651064E+01
4.651064E+01
4.651064E+01
4.651064E+01
4.651064E+01
4.651064E+01
4.651064E+01
4.651064E+01
4.651064E+01
4.651064E+01
4.651064E+01
4.651064E+01
4.651064E+01
4.651064E+01
4.651064E+01
3.053350E+02
3.053350E+02
3.053350E+02
3.053350E+02
3.053350E+02
3.053350E+02
3.053350E+02
3.053350E+02
3.053350E+02
3.053350E+02
3.053350E+02
3.053350E+02
3.053350E+02
3.053350E+02
3.053350E+02
3.053350E+02
3.053350E+02
3.053350E+02
3.053350E+02
3.053350E+02
3.053350E+02
3.053350E+02
3.584308E+02
3.053350E+02
3.053350E+02
3.053350E+02
3.053350E+02
2.588244E+02
3.053350E+02
3.053350E+02
3.053350E+02
3.053350E+02
3.053350E+02
3.053350E+02
3.053350E+02
3.053350E+02
3.053350E+02
3.053350E+02
3.053350E+02
3.053350E+02
3.053350E+02
3.053350E+02
3.053350E+02
3.053350E+02
1.540090E+02
1.540090E+02
1.540090E+02
1.540090E+02
1.540090E+02
1.540090E+02
1.540090E+02
1.540090E+02
1.540090E+02
1.540090E+02
1.540090E+02
1.540090E+02
1.540090E+02
1.540090E+02
1.540090E+02
1.540090E+02
1.540090E+02
1.540090E+02
1.540090E+02
1.540090E+02
1.540090E+02
1.540090E+02
2.071048E+02
1.540090E+02
1.540090E+02
1.540090E+02
1.540090E+02
2.005197E+02
1.540090E+02
1.540090E+02
1.540090E+02
1.540090E+02
1.540090E+02
1.540090E+02
1.540090E+02
1.540090E+02
1.540090E+02
1.540090E+02
1.540090E+02
1.540090E+02
1.540090E+02
1.540090E+02
1.540090E+02
1.540090E+02
9.879548E+01
9.879548E+01
9.879548E+01
9.879548E+01
9.879548E+01
9.879548E+01
9.879548E+01
9.879548E+01
9.879548E+01
9.879548E+01
9.879548E+01
9.879548E+01
9.879548E+01
9.879548E+01
9.879548E+01
9.879548E+01
9.879548E+01
9.879548E+01
9.879548E+01
9.879548E+01
9.879548E+01
9.879548E+01
1.518913E+02
9.879548E+01
9.879548E+01
9.879548E+01
9.879548E+01
5.228484E+01
9.879548E+01
9.879548E+01
9.879548E+01
9.879548E+01
9.879548E+01
9.879548E+01
9.879548E+01
9.879548E+01
9.879548E+01
9.879548E+01
9.879548E+01
9.879548E+01
9.879548E+01
9.879548E+01
9.879548E+01
9.879548E+01
3.494512E+02
3.494512E+02
3.494512E+02
3.494512E+02
3.494512E+02
3.494512E+02
3.494512E+02
3.494512E+02
3.494512E+02
3.494512E+02
3.494512E+02
3.494512E+02
3.494512E+02
3.494512E+02
3.494512E+02
3.494512E+02
3.494512E+02
3.494512E+02
3.494512E+02
3.494512E+02
3.494512E+02
3.494512E+02
4.025470E+02
3.494512E+02
3.494512E+02
3.494512E+02
3.494512E+02
3.029406E+02
3.494512E+02
3.494512E+02
3.494512E+02
3.494512E+02
3.494512E+02
3.494512E+02
3.494512E+02
3.494512E+02
3.494512E+02
3.494512E+02
3.494512E+02
3.494512E+02
3.494512E+02
3.494512E+02
3.494512E+02
3.494512E+02
5.228484E+01
5.228484E+01
5.228484E+01
5.228484E+01
5.228484E+01
5.228484E+01
5.228484E+01
5.228484E+01
5.228484E+01
5.228484E+01
5.228484E+01
5.228484E+01
5.228484E+01
5.228484E+01
5.228484E+01
5.228484E+01
5.228484E+01
5.228484E+01
5.228484E+01
5.228484E+01
5.228484E+01
5.228484E+01
1.053806E+02
5.228484E+01
5.228484E+01
5.228484E+01
5.228484E+01
9.879548E+01
5.228484E+01
5.228484E+01
5.228484E+01
5.228484E+01
5.228484E+01
5.228484E+01
5.228484E+01
5.228484E+01
5.228484E+01
5.228484E+01
5.228484E+01
5.228484E+01
5.228484E+01
5.228484E+01
5.228484E+01
5.228484E+01
2.035450E+02
2.035450E+02
2.035450E+02
2.035450E+02
2.035450E+02
2.035450E+02
2.035450E+02
2.035450E+02
2.035450E+02
2.035450E+02
2.035450E+02
2.035450E+02
2.035450E+02
2.035450E+02
2.035450E+02
2.035450E+02
2.035450E+02
2.035450E+02
2.035450E+02
2.035450E+02
2.035450E+02
2.035450E+02
2.566408E+02
2.035450E+02
2.035450E+02
2.035450E+02
2.035450E+02
1.570344E+02
2.035450E+02
2.035450E+02
2.035450E+02
2.035450E+02
2.035450E+02
2.035450E+02
2.035450E+02
2.035450E+02
2.035450E+02
2.035450E+02
2.035450E+02
2.035450E+02
2.035450E+02
2.035450E+02
2.035450E+02
2.035450E+02
4.664361E+02
4.664361E+02
4.664361E+02
4.664361E+02
4.664361E+02
4.664361E+02
4.664361E+02
4.664361E+02
4.664361E+02
4.664361E+02
4.664361E+02
4.664361E+02
4.664361E+02
4.664361E+02
4.664361E+02
4.664361E+02
4.664361E+02
4.664361E+02
4.664361E+02
4.664361E+02
4.664361E+02
4.664361E+02
5.195319E+02
4.664361E+02
4.664361E+02
4.664361E+02
4.664361E+02
4.199254E+02
4.664361E+02
4.664361E+02
4.664361E+02
4.664361E+02
4.664361E+02
4.664361E+02
4.664361E+02
4.664361E+02
4.664361E+02
4.664361E+02
4.664361E+02
4.664361E+02
4.664361E+02
4.664361E+02
4.664361E+02
4.664361E+02
2.533361E+02
2.533361E+02
2.533361E+02
2.533361E+02
2.533361E+02
2.533361E+02
2.533361E+02
2.533361E+02
2.533361E+02
2.533361E+02
2.533361E+02
2.533361E+02
2.533361E+02
2.533361E+02
2.533361E+02
2.533361E+02
2.533361E+02
2.533361E+02
2.533361E+02
2.533361E+02
2.533361E+02
2.533361E+02
3.064319E+02
2.533361E+02
2.533361E+02
2.533361E+02
2.533361E+02
2.068255E+02
2.533361E+02
2.533361E+02
2.533361E+02
2.533361E+02
2.533361E+02
2.533361E+02
2.533361E+02
2.533361E+02
2.533361E+02
2.533361E+02
2.533361E+02
2.533361E+02
2.533361E+02
2.533361E+02
2.533361E+02
2.533361E+02
4.793528E+01
4.793528E+01
4.793528E+01
4.793528E+01
4.793528E+01
4.793528E+01
4.793528E+01
4.793528E+01
4.793528E+01
4.793528E+01
4.793528E+01
4.793528E+01
4.793528E+01
4.793528E+01
4.793528E+01
4.793528E+01
4.793528E+01
4.793528E+01
4.793528E+01
4.793528E+01
4.793528E+01
4.793528E+01
1.010311E+02
4.793528E+01
4.793528E+01
4.793528E+01
4.793528E+01
9.444592E+01
4.793528E+01
4.793528E+01
4.793528E+01
4.793528E+01
4.793528E+01
4.793528E+01
4.793528E+01
4.793528E+01
4.793528E+01
4.793528E+01
4.793528E+01
4.793528E+01
4.793528E+01
4.793528E+01
4.793528E+01
4.793528E+01
3.610638E+02
3.610638E+02
3.610638E+02
3.610638E+02
3.610638E+02
3.610638E+02
3.610638E+02
3.610638E+02
3.610638E+02
3.610638E+02
3.610638E+02
3.610638E+02
3.610638E+02
3.610638E+02
3.610638E+02
3.610638E+02
3.610638E+02
3.610638E+02
3.610638E+02
3.610638E+02
3.610638E+02
3.610638E+02
4.141596E+02
3.610638E+02
3.610638E+02
3.610638E+02
3.610638E+02
3.145532E+02
3.610638E+02
3.610638E+02
3.610638E+02
3.610638E+02
3.610638E+02
3.610638E+02
3.610638E+02
3.610638E+02
3.610638E+02
3.610638E+02
3.610638E+02
3.610638E+02
3.610638E+02
3.610638E+02
3.610638E+02
3.610638E+02
5.135229E+02
5.135229E+02
5.135229E+02
5.135229E+02
5.135229E+02
5.135229E+02
5.135229E+02
5.135229E+02
5.135229E+02
5.135229E+02
5.135229E+02
5.135229E+02
5.135229E+02
5.135229E+02
5.135229E+02
5.135229E+02
5.135229E+02
5.135229E+02
5.135229E+02
5.135229E+02
5.135229E+02
5.135229E+02
5.666187E+02
5.135229E+02
5.135229E+02
5.135229E+02
5.135229E+02
4.670123E+02
5.135229E+02
5.135229E+02
5.135229E+02
5.135229E+02
5.135229E+02
5.135229E+02
5.135229E+02
5.135229E+02
5.135229E+02
5.135229E+02
5.135229E+02
5.135229E+02
5.135229E+02
5.135229E+02
5.135229E+02
5.135229E+02
4.651064E+01
4.651064E+01
4.651064E+01
4.651064E+01
4.651064E+01
4.651064E+01
4.651064E+01
4.651064E+01
4.651064E+01
4.651064E+01
4.651064E+01
4.651064E+01
4.651064E+01
4.651064E+01
4.651064E+01
4.651064E+01
4.651064E+01
4.651064E+01
4.651064E+01
4.651064E+01
4.651064E+01
4.651064E+01
9.960641E+01
4.651064E+01
4.651064E+01
4.651064E+01
4.651064E+01
0.000000E+00
4.651064E+01
4.651064E+01
4.651064E+01
4.651064E+01
4.651064E+01
4.651064E+01
4.651064E+01
4.651064E+01
4.651064E+01
4.651064E+01
4.651064E+01
4.651064E+01
4.651064E+01
4.651064E+01
4.651064E+01
4.651064E+01
3.600622E+02
3.600622E+02
3.600622E+02
3.600622E+02
3.600622E+02
3.600622E+02
3.600622E+02
3.600622E+02
3.600622E+02
3.600622E+02
3.600622E+02
3.600622E+02
3.600622E+02
3.600622E+02
3.600622E+02
3.600622E+02
3.600622E+02
3.600622E+02
3.600622E+02
3.600622E+02
3.600622E+02
3.600622E+02
4.131580E+02
3.600622E+02
3.600622E+02
3.600622E+02
3.600622E+02
3.135516E+02
3.600622E+02
3.600622E+02
3.600622E+02
3.600622E+02
3.600622E+02
3.600622E+02
3.600622E+02
3.600622E+02
3.600622E+02
3.600622E+02
3.600622E+02
3.600622E+02
3.600622E+02
3.600622E+02
3.600622E+02
3.600622E+02
4.651064E+01
4.651064E+01
4.651064E+01
4.651064E+01
4.651064E+01
4.651064E+01
4.651064E+01
4.651064E+01
4.651064E+01
4.651064E+01
4.651064E+01
4.651064E+01
4.651064E+01
4.651064E+01
4.651064E+01
4.651064E+01
4.651064E+01
4.651064E+01
4.651064E+01
4.651064E+01
4.651064E+01
4.651064E+01
9.960641E+01
4.651064E+01
4.651064E+01
4.651064E+01
4.651064E+01
0.000000E+00
4.651064E+01
4.651064E+01
4.651064E+01
4.651064E+01
4.651064E+01
4.651064E+01
4.651064E+01
4.651064E+01
4.651064E+01
4.651064E+01
4.651064E+01
4.651064E+01
4.651064E+01
4.651064E+01
4.651064E+01
4.651064E+01
5.695406E+02
5.695406E+02
5.695406E+02
5.695406E+02
5.695406E+02
5.695406E+02
5.695406E+02
5.695406E+02
5.695406E+02
5.695406E+02
5.695406E+02
5.695406E+02
5.695406E+02
5.695406E+02
5.695406E+02
5.695406E+02
5.695406E+02
5.695406E+02
5.695406E+02
5.695406E+02
5.695406E+02
5.695406E+02
6.226363E+02
5.695406E+02
5.695406E+02
5.695406E+02
5.695406E+02
5.230299E+02
5.695406E+02
5.695406E+02
5.695406E+02
5.695406E+02
5.695406E+02
5.695406E+02
5.695406E+02
5.695406E+02
5.695406E+02
5.695406E+02
5.695406E+02
5.695406E+02
5.695406E+02
5.695406E+02
5.695406E+02
5.695406E+02
3.559059E+02
3.559059E+02
3.559059E+02
3.559059E+02
3.559059E+02
3.559059E+02
3.559059E+02
3.559059E+02
3.559059E+02
3.559059E+02
3.559059E+02
3.559059E+02
3.559059E+02
3.559059E+02
3.559059E+02
3.559059E+02
3.559059E+02
3.559059E+02
3.559059E+02
3.559059E+02
3.559059E+02
3.559059E+02
4.090017E+02
3.559059E+02
3.559059E+02
3.559059E+02
3.559059E+02
3.093953E+02
3.559059E+02
3.559059E+02
3.559059E+02
3.559059E+02
3.559059E+02
3.559059E+02
3.559059E+02
3.559059E+02
3.559059E+02
3.559059E+02
3.559059E+02
3.559059E+02
3.559059E+02
3.559059E+02
3.559059E+02
3.559059E+02
3.117821E+02
3.117821E+02
3.117821E+02
3.117821E+02
3.117821E+02
3.117821E+02
3.117821E+02
3.117821E+02
3.117821E+02
3.117821E+02
3.117821E+02
3.117821E+02
3.117821E+02
3.117821E+02
3.117821E+02
3.117821E+02
3.117821E+02
3.117821E+02
3.117821E+02
3.117821E+02
3.117821E+02
3.117821E+02
3.648779E+02
3.117821E+02
3.117821E+02
3.117821E+02
3.117821E+02
2.652715E+02
3.117821E+02
3.117821E+02
3.117821E+02
3.117821E+02
3.117821E+02
3.117821E+02
3.117821E+02
3.117821E+02
3.117821E+02
3.117821E+02
3.117821E+02
3.117821E+02
3.117821E+02
3.117821E+02
3.117821E+02
3.117821E+02
2.539251E+02
2.539251E+02
2.539251E+02
2.539251E+02
2.539251E+02
2.539251E+02
2.539251E+02
2.539251E+02
2.539251E+02
2.539251E+02
2.539251E+02
2.539251E+02
2.539251E+02
2.539251E+02
2.539251E+02
2.539251E+02
2.539251E+02
2.539251E+02
2.539251E+02
2.539251E+02
2.539251E+02
2.539251E+02
3.070208E+02
2.539251E+02
2.539251E+02
2.539251E+02
2.539251E+02
2.074144E+02
2.539251E+02
2.539251E+02
2.539251E+02
2.539251E+02
2.539251E+02
2.539251E+02
2.539251E+02
2.539251E+02
2.539251E+02
2.539251E+02
2.539251E+02
2.539251E+02
2.539251E+02
2.539251E+02
2.539251E+02
2.539251E+02
4.126361E+02
4.126361E+02
4.126361E+02
4.126361E+02
4.126361E+02
4.126361E+02
4.126361E+02
4.126361E+02
4.126361E+02
4.126361E+02
4.126361E+02
4.126361E+02
4.126361E+02
4.126361E+02
4.126361E+02
4.126361E+02
4.126361E+02
4.126361E+02
4.126361E+02
4.126361E+02
4.126361E+02
4.126361E+02
4.657319E+02
4.126361E+02
4.126361E+02
4.126361E+02
4.126361E+02
3.661255E+02
4.126361E+02
4.126361E+02
4.126361E+02
4.126361E+02
4.126361E+02
4.126361E+02
4.126361E+02
4.126361E+02
4.126361E+02
4.126361E+02
4.126361E+02
4.126361E+02
4.126361E+02
4.126361E+02
4.126361E+02
4.126361E+02
2.555270E+02
2.555270E+02
2.555270E+02
2.555270E+02
2.555270E+02
2.555270E+02
2.555270E+02
2.555270E+02
2.555270E+02
2.555270E+02
2.555270E+02
2.555270E+02
2.555270E+02
2.555270E+02
2.555270E+02
2.555270E+02
2.555270E+02
2.555270E+02
2.555270E+02
2.555270E+02
2.555270E+02
2.555270E+02
3.086227E+02
2.555270E+02
2.555270E+02
2.555270E+02
2.555270E+02
2.090163E+02
2.555270E+02
2.555270E+02
2.555270E+02
2.555270E+02
2.555270E+02
2.555270E+02
2.555270E+02
2.555270E+02
2.555270E+02
2.555270E+02
2.555270E+02
2.555270E+02
2.555270E+02
2.555270E+02
2.555270E+02
2.555270E+02
2.578449E+02
2.578449E+02
2.578449E+02
2.578449E+02
2.578449E+02
2.578449E+02
2.578449E+02
2.578449E+02
2.578449E+02
2.578449E+02
2.578449E+02
2.578449E+02
2.578449E+02
2.578449E+02
2.578449E+02
2.578449E+02
2.578449E+02
2.578449E+02
2.578449E+02
2.578449E+02
2.578449E+02
2.578449E+02
3.109407E+02
2.578449E+02
2.578449E+02
2.578449E+02
2.578449E+02
3.043556E+02
2.578449E+02
2.578449E+02
2.578449E+02
2.578449E+02
2.578449E+02
2.578449E+02
2.578449E+02
2.578449E+02
2.578449E+02
2.578449E+02
2.578449E+02
2.578449E+02
2.578449E+02
2.578449E+02
2.578449E+02
2.578449E+02
3.629683E+02
3.629683E+02
3.629683E+02
3.629683E+02
3.629683E+02
3.629683E+02
3.629683E+02
3.629683E+02
3.629683E+02
3.629683E+02
3.629683E+02
3.629683E+02
3.629683E+02
3.629683E+02
3.629683E+02
3.629683E+02
3.629683E+02
3.629683E+02
3.629683E+02
3.629683E+02
3.629683E+02
3.629683E+02
4.160641E+02
3.629683E+02
3.629683E+02
3.629683E+02
3.629683E+02
3.164577E+02
3.629683E+02
3.629683E+02
3.629683E+02
3.629683E+02
3.629683E+02
3.629683E+02
3.629683E+02
3.629683E+02
3.629683E+02
3.629683E+02
3.629683E+02
3.629683E+02
3.629683E+02
3.629683E+02
3.629683E+02
3.629683E+02
2.550045E+02
2.550045E+02
2.550045E+02
2.550045E+02
2.550045E+02
2.550045E+02
2.550045E+02
2.550045E+02
2.550045E+02
2.550045E+02
2.550045E+02
2.550045E+02
2.550045E+02
2.550045E+02
2.550045E+02
2.550045E+02
2.550045E+02
2.550045E+02
2.550045E+02
2.550045E+02
2.550045E+02
2.550045E+02
3.081002E+02
2.550045E+02
2.550045E+02
2.550045E+02
2.550045E+02
2.084938E+02
2.550045E+02
2.550045E+02
2.550045E+02
2.550045E+02
2.550045E+02
2.550045E+02
2.550045E+02
2.550045E+02
2.550045E+02
2.550045E+02
2.550045E+02
2.550045E+02
2.550045E+02
2.550045E+02
2.550045E+02
2.550045E+02
4.045576E+02
4.045576E+02
4.045576E+02
4.045576E+02
4.045576E+02
4.045576E+02
4.045576E+02
4.045576E+02
4.045576E+02
4.045576E+02
4.045576E+02
4.045576E+02
4.045576E+02
4.045576E+02
4.045576E+02
4.045576E+02
4.045576E+02
4.045576E+02
4.045576E+02
4.045576E+02
4.045576E+02
4.045576E+02
4.576534E+02
4.045576E+02
4.045576E+02
4.045576E+02
4.045576E+02
4.510683E+02
4.045576E+02
4.045576E+02
4.045576E+02
4.045576E+02
4.045576E+02
4.045576E+02
4.045576E+02
4.045576E+02
4.045576E+02
4.045576E+02
4.045576E+02
4.045576E+02
4.045576E+02
4.045576E+02
4.045576E+02
4.045576E+02
2.502683E+02
2.502683E+02
2.502683E+02
2.502683E+02
2.502683E+02
2.502683E+02
2.502683E+02
2.502683E+02
2.502683E+02
2.502683E+02
2.502683E+02
2.502683E+02
2.502683E+02
2.502683E+02
2.502683E+02
2.502683E+02
2.502683E+02
2.502683E+02
2.502683E+02
2.502683E+02
2.502683E+02
2.502683E+02
3.033641E+02
2.502683E+02
2.502683E+02
2.502683E+02
2.502683E+02
2.037577E+02
2.502683E+02
2.502683E+02
2.502683E+02
2.502683E+02
2.502683E+02
2.502683E+02
2.502683E+02
2.502683E+02
2.502683E+02
2.502683E+02
2.502683E+02
2.502683E+02
2.502683E+02
2.502683E+02
2.502683E+02
2.502683E+02
1.485551E+02
1.485551E+02
1.485551E+02
1.485551E+02
1.485551E+02
1.485551E+02
1.485551E+02
1.485551E+02
1.485551E+02
1.485551E+02
1.485551E+02
1.485551E+02
1.485551E+02
1.485551E+02
1.485551E+02
1.485551E+02
1.485551E+02
1.485551E+02
1.485551E+02
1.485551E+02
1.485551E+02
1.485551E+02
2.016509E+02
1.485551E+02
1.485551E+02
1.485551E+02
1.485551E+02
1.020445E+02
1.485551E+02
1.485551E+02
1.485551E+02
1.485551E+02
1.485551E+02
1.485551E+02
1.485551E+02
1.485551E+02
1.485551E+02
1.485551E+02
1.485551E+02
1.485551E+02
1.485551E+02
1.485551E+02
1.485551E+02
1.485551E+02
4.651064E+01
4.651064E+01
4.651064E+01
4.651064E+01
4.651064E+01
4.651064E+01
4.651064E+01
4.651064E+01
4.651064E+01
4.651064E+01
4.651064E+01
4.651064E+01
4.651064E+01
4.651064E+01
4.651064E+01
4.651064E+01
4.651064E+01
4.651064E+01
4.651064E+01
4.651064E+01
4.651064E+01
4.651064E+01
9.960641E+01
4.651064E+01
4.651064E+01
4.651064E+01
4.651064E+01
0.000000E+00
4.651064E+01
4.651064E+01
4.651064E+01
4.651064E+01
4.651064E+01
4.651064E+01
4.651064E+01
4.651064E+01
4.651064E+01
4.651064E+01
4.651064E+01
4.651064E+01
4.651064E+01
4.651064E+01
4.651064E+01
4.651064E+01
3.550895E+02
3.550895E+02
3.550895E+02
3.550895E+02
3.550895E+02
3.550895E+02
3.550895E+02
3.550895E+02
3.550895E+02
3.550895E+02
3.550895E+02
3.550895E+02
3.550895E+02
3.550895E+02
3.550895E+02
3.550895E+02
3.550895E+02
3.550895E+02
3.550895E+02
3.550895E+02
3.550895E+02
3.550895E+02
4.081853E+02
3.550895E+02
3.550895E+02
3.550895E+02
3.550895E+02
3.085789E+02
3.550895E+02
3.550895E+02
3.550895E+02
3.550895E+02
3.550895E+02
3.550895E+02
3.550895E+02
3.550895E+02
3.550895E+02
3.550895E+02
3.550895E+02
3.550895E+02
3.550895E+02
3.550895E+02
3.550895E+02
3.550895E+02
5.633961E+02
5.633961E+02
5.633961E+02
5.633961E+02
5.633961E+02
5.633961E+02
5.633961E+02
5.633961E+02
5.633961E+02
5.633961E+02
5.633961E+02
5.633961E+02
5.633961E+02
5.633961E+02
5.633961E+02
5.633961E+02
5.633961E+02
5.633961E+02
5.633961E+02
5.633961E+02
5.633961E+02
5.633961E+02
6.164918E+02
5.633961E+02
5.633961E+02
5.633961E+02
5.633961E+02
5.168854E+02
5.633961E+02
5.633961E+02
5.633961E+02
5.633961E+02
5.633961E+02
5.633961E+02
5.633961E+02
5.633961E+02
5.633961E+02
5.633961E+02
5.633961E+02
5.633961E+02
5.633961E+02
5.633961E+02
5.633961E+02
5.633961E+02
9.718604E+01
9.718604E+01
9.718604E+01
9.718604E+01
9.718604E+01
9.718604E+01
9.718604E+01
9.718604E+01
9.718604E+01
9.718604E+01
9.718604E+01
9.718604E+01
9.718604E+01
9.718604E+01
9.718604E+01
9.718604E+01
9.718604E+01
9.718604E+01
9.718604E+01
9.718604E+01
9.718604E+01
9.718604E+01
1.502818E+02
9.718604E+01
9.718604E+01
9.718604E+01
9.718604E+01
5.067540E+01
9.718604E+01
9.718604E+01
9.718604E+01
9.718604E+01
9.718604E+01
9.718604E+01
9.718604E+01
9.718604E+01
9.718604E+01
9.718604E+01
9.718604E+01
9.718604E+01
9.718604E+01
9.718604E+01
9.718604E+01
9.718604E+01
4.056933E+02
4.056933E+02
4.056933E+02
4.056933E+02
4.056933E+02
4.056933E+02
4.056933E+02
4.056933E+02
4.056933E+02
4.056933E+02
4.056933E+02
4.056933E+02
4.056933E+02
4.056933E+02
4.056933E+02
4.056933E+02
4.056933E+02
4.056933E+02
4.056933E+02
4.056933E+02
4.056933E+02
4.056933E+02
4.587891E+02
4.056933E+02
4.056933E+02
4.056933E+02
4.056933E+02
3.591827E+02
4.056933E+02
4.056933E+02
4.056933E+02
4.056933E+02
4.056933E+02
4.056933E+02
4.056933E+02
4.056933E+02
4.056933E+02
4.056933E+02
4.056933E+02
4.056933E+02
4.056933E+02
4.056933E+02
4.056933E+02
4.056933E+02
4.935217E+01
4.935217E+01
4.935217E+01
4.935217E+01
4.935217E+01
4.935217E+01
4.935217E+01
4.935217E+01
4.935217E+01
4.935217E+01
4.935217E+01
4.935217E+01
4.935217E+01
4.935217E+01
4.935217E+01
4.935217E+01
4.935217E+01
4.935217E+01
4.935217E+01
4.935217E+01
4.935217E+01
4.935217E+01
1.024479E+02
4.935217E+01
4.935217E+01
4.935217E+01
4.935217E+01
9.586280E+01
4.935217E+01
4.935217E+01
4.935217E+01
4.935217E+01
4.935217E+01
4.935217E+01
4.935217E+01
4.935217E+01
4.935217E+01
4.935217E+01
4.935217E+01
4.935217E+01
4.935217E+01
4.935217E+01
4.935217E+01
4.935217E+01
2.498157E+02
2.498157E+02
2.498157E+02
2.498157E+02
2.498157E+02
2.498157E+02
2.498157E+02
2.498157E+02
2.498157E+02
2.498157E+02
2.498157E+02
2.498157E+02
2.498157E+02
2.498157E+02
2.498157E+02
2.498157E+02
2.498157E+02
2.498157E+02
2.498157E+02
2.498157E+02
2.498157E+02
2.498157E+02
3.029114E+02
2.498157E+02
2.498157E+02
2.498157E+02
2.498157E+02
2.033050E+02
2.498157E+02
2.498157E+02
2.498157E+02
2.498157E+02
2.498157E+02
2.498157E+02
2.498157E+02
2.498157E+02
2.498157E+02
2.498157E+02
2.498157E+02
2.498157E+02
2.498157E+02
2.498157E+02
2.498157E+02
2.498157E+02
1.483847E+02
1.483847E+02
1.483847E+02
1.483847E+02
1.483847E+02
1.483847E+02
1.483847E+02
1.483847E+02
1.483847E+02
1.483847E+02
1.483847E+02
1.483847E+02
1.483847E+02
1.483847E+02
1.483847E+02
1.483847E+02
1.483847E+02
1.483847E+02
1.483847E+02
1.483847E+02
1.483847E+02
1.483847E+02
2.014805E+02
1.483847E+02
1.483847E+02
1.483847E+02
1.483847E+02
1.018741E+02
1.483847E+02
1.483847E+02
1.483847E+02
1.483847E+02
1.483847E+02
1.483847E+02
1.483847E+02
1.483847E+02
1.483847E+02
1.483847E+02
1.483847E+02
1.483847E+02
1.483847E+02
1.483847E+02
1.483847E+02
1.483847E+02
2.073725E+02
2.073725E+02
2.073725E+02
2.073725E+02
2.073725E+02
2.073725E+02
2.073725E+02
2.073725E+02
2.073725E+02
2.073725E+02
2.073725E+02
2.073725E+02
2.073725E+02
2.073725E+02
2.073725E+02
2.073725E+02
2.073725E+02
2.073725E+02
2.073725E+02
2.073725E+02
2.073725E+02
2.073725E+02
2.604682E+02
2.073725E+02
2.073725E+02
2.073725E+02
2.073725E+02
2.538831E+02
2.073725E+02
2.073725E+02
2.073725E+02
2.073725E+02
2.073725E+02
2.073725E+02
2.073725E+02
2.073725E+02
2.073725E+02
2.073725E+02
2.073725E+02
2.073725E+02
2.073725E+02
2.073725E+02
2.073725E+02
2.073725E+02
2.555953E+02
2.555953E+02
2.555953E+02
2.555953E+02
2.555953E+02
2.555953E+02
2.555953E+02
2.555953E+02
2.555953E+02
2.555953E+02
2.555953E+02
2.555953E+02
2.555953E+02
2.555953E+02
2.555953E+02
2.555953E+02
2.555953E+02
2.555953E+02
2.555953E+02
2.555953E+02
2.555953E+02
2.555953E+02
3.086911E+02
2.555953E+02
2.555953E+02
2.555953E+02
2.555953E+02
2.090847E+02
2.555953E+02
2.555953E+02
2.555953E+02
2.555953E+02
2.555953E+02
2.555953E+02
2.555953E+02
2.555953E+02
2.555953E+02
2.555953E+02
2.555953E+02
2.555953E+02
2.555953E+02
2.555953E+02
2.555953E+02
2.555953E+02
2.505004E+02
2.505004E+02
2.505004E+02
2.505004E+02
2.505004E+02
2.505004E+02
2.505004E+02
2.505004E+02
2.505004E+02
2.505004E+02
2.505004E+02
2.505004E+02
2.505004E+02
2.505004E+02
2.505004E+02
2.505004E+02
2.505004E+02
2.505004E+02
2.505004E+02
2.505004E+02
2.505004E+02
2.505004E+02
3.035962E+02
2.505004E+02
2.505004E+02
2.505004E+02
2.505004E+02
2.039898E+02
2.505004E+02
2.505004E+02
2.505004E+02
2.505004E+02
2.505004E+02
2.505004E+02
2.505004E+02
2.505004E+02
2.505004E+02
2.505004E+02
2.505004E+02
2.505004E+02
2.505004E+02
2.505004E+02
2.505004E+02
2.505004E+02
3.049806E+02
3.049806E+02
3.049806E+02
3.049806E+02
3.049806E+02
3.049806E+02
3.049806E+02
3.049806E+02
3.049806E+02
3.049806E+02
3.049806E+02
3.049806E+02
3.049806E+02
3.049806E+02
3.049806E+02
3.049806E+02
3.049806E+02
3.049806E+02
3.049806E+02
3.049806E+02
3.049806E+02
3.049806E+02
3.580764E+02
3.049806E+02
3.049806E+02
3.049806E+02
3.049806E+02
2.584700E+02
3.049806E+02
3.049806E+02
3.049806E+02
3.049806E+02
3.049806E+02
3.049806E+02
3.049806E+02
3.049806E+02
3.049806E+02
3.049806E+02
3.049806E+02
3.049806E+02
3.049806E+02
3.049806E+02
3.049806E+02
3.049806E+02
2.515062E+02
2.515062E+02
2.515062E+02
2.515062E+02
2.515062E+02
2.515062E+02
2.515062E+02
2.515062E+02
2.515062E+02
2.515062E+02
2.515062E+02
2.515062E+02
2.515062E+02
2.515062E+02
2.515062E+02
2.515062E+02
2.515062E+02
2.515062E+02
2.515062E+02
2.515062E+02
2.515062E+02
2.515062E+02
3.046019E+02
2.515062E+02
2.515062E+02
2.515062E+02
2.515062E+02
2.049955E+02
2.515062E+02
2.515062E+02
2.515062E+02
2.515062E+02
2.515062E+02
2.515062E+02
2.515062E+02
2.515062E+02
2.515062E+02
2.515062E+02
2.515062E+02
2.515062E+02
2.515062E+02
2.515062E+02
2.515062E+02
2.515062E+02
4.651064E+01
4.651064E+01
4.651064E+01
4.651064E+01
4.651064E+01
4.651064E+01
4.651064E+01
4.651064E+01
4.651064E+01
4.651064E+01
4.651064E+01
4.651064E+01
4.651064E+01
4.651064E+01
4.651064E+01
4.651064E+01
4.651064E+01
4.651064E+01
4.651064E+01
4.651064E+01
4.651064E+01
4.651064E+01
9.960641E+01
4.651064E+01
4.651064E+01
4.651064E+01
4.651064E+01
0.000000E+00
4.651064E+01
4.651064E+01
4.651064E+01
4.651064E+01
4.651064E+01
4.651064E+01
4.651064E+01
4.651064E+01
4.651064E+01
4.651064E+01
4.651064E+01
4.651064E+01
4.651064E+01
4.651064E+01
4.651064E+01
4.651064E+01
4.651064E+01
4.651064E+01
4.651064E+01
4.651064E+01
4.651064E+01
4.651064E+01
4.651064E+01
4.651064E+01
4.651064E+01
4.651064E+01
4.651064E+01
4.651064E+01
4.651064E+01
4.651064E+01
4.651064E+01
4.651064E+01
4.651064E+01
4.651064E+01
4.651064E+01
4.651064E+01
4.651064E+01
4.651064E+01
9.960641E+01
4.651064E+01
4.651064E+01
4.651064E+01
4.651064E+01
0.000000E+00
4.651064E+01
4.651064E+01
4.651064E+01
4.651064E+01
4.651064E+01
4.651064E+01
4.651064E+01
4.651064E+01
4.651064E+01
4.651064E+01
4.651064E+01
4.651064E+01
4.651064E+01
4.651064E+01
4.651064E+01
4.651064E+01
4.651064E+01
4.651064E+01
4.651064E+01
4.651064E+01
4.651064E+01
4.651064E+01
4.651064E+01
4.651064E+01
4.651064E+01
4.651064E+01
4.651064E+01
4.651064E+01
4.651064E+01
4.651064E+01
4.651064E+01
4.651064E+01
4.651064E+01
4.651064E+01
4.651064E+01
4.651064E+01
4.651064E+01
4.651064E+01
9.960641E+01
4.651064E+01
4.651064E+01
4.651064E+01
4.651064E+01
0.000000E+00
4.651064E+01
4.651064E+01
4.651064E+01
4.651064E+01
4.651064E+01
4.651064E+01
4.651064E+01
4.651064E+01
4.651064E+01
4.651064E+01
4.651064E+01
4.651064E+01
4.651064E+01
4.651064E+01
4.651064E+01
4.651064E+01
9.989409E+01
9.989409E+01
9.989409E+01
9.989409E+01
9.989409E+01
9.989409E+01
9.989409E+01
9.989409E+01
9.989409E+01
9.989409E+01
9.989409E+01
9.989409E+01
9.989409E+01
9.989409E+01
9.989409E+01
9.989409E+01
9.989409E+01
9.989409E+01
9.989409E+01
9.989409E+01
9.989409E+01
9.989409E+01
1.529899E+02
9.989409E+01
9.989409E+01
9.989409E+01
9.989409E+01
5.338345E+01
9.989409E+01
9.989409E+01
9.989409E+01
9.989409E+01
9.989409E+01
9.989409E+01
9.989409E+01
9.989409E+01
9.989409E+01
9.989409E+01
9.989409E+01
9.989409E+01
9.989409E+01
9.989409E+01
9.989409E+01
9.989409E+01
1.525844E+02
1.525844E+02
1.525844E+02
1.525844E+02
1.525844E+02
1.525844E+02
1.525844E+02
1.525844E+02
1.525844E+02
1.525844E+02
1.525844E+02
1.525844E+02
1.525844E+02
1.525844E+02
1.525844E+02
1.525844E+02
1.525844E+02
1.525844E+02
1.525844E+02
1.525844E+02
1.525844E+02
1.525844E+02
2.056802E+02
1.525844E+02
1.525844E+02
1.525844E+02
1.525844E+02
1.060738E+02
1.525844E+02
1.525844E+02
1.525844E+02
1.525844E+02
1.525844E+02
1.525844E+02
1.525844E+02
1.525844E+02
1.525844E+02
1.525844E+02
1.525844E+02
1.525844E+02
1.525844E+02
1.525844E+02
1.525844E+02
1.525844E+02
5.689194E+02
5.689194E+02
5.689194E+02
5.689194E+02
5.689194E+02
5.689194E+02
5.689194E+02
5.689194E+02
5.689194E+02
5.689194E+02
5.689194E+02
5.689194E+02
5.689194E+02
5.689194E+02
5.689194E+02
5.689194E+02
5.689194E+02
5.689194E+02
5.689194E+02
5.689194E+02
5.689194E+02
5.689194E+02
6.220152E+02
5.689194E+02
5.689194E+02
5.689194E+02
5.689194E+02
5.224088E+02
5.689194E+02
5.689194E+02
5.689194E+02
5.689194E+02
5.689194E+02
5.689194E+02
5.689194E+02
5.689194E+02
5.689194E+02
5.689194E+02
5.689194E+02
5.689194E+02
5.689194E+02
5.689194E+02
5.689194E+02
5.689194E+02
5.137957E+02
5.137957E+02
5.137957E+02
5.137957E+02
5.137957E+02
5.137957E+02
5.137957E+02
5.137957E+02
5.137957E+02
5.137957E+02
5.137957E+02
5.137957E+02
5.137957E+02
5.137957E+02
5.137957E+02
5.137957E+02
5.137957E+02
5.137957E+02
5.137957E+02
5.137957E+02
5.137957E+02
5.137957E+02
5.668915E+02
5.137957E+02
5.137957E+02
5.137957E+02
5.137957E+02
4.672850E+02
5.137957E+02
5.137957E+02
5.137957E+02
5.137957E+02
5.137957E+02
5.137957E+02
5.137957E+02
5.137957E+02
5.137957E+02
5.137957E+02
5.137957E+02
5.137957E+02
5.137957E+02
5.137957E+02
5.137957E+02
5.137957E+02
3.063565E+02
3.063565E+02
3.063565E+02
3.063565E+02
3.063565E+02
3.063565E+02
3.063565E+02
3.063565E+02
3.063565E+02
3.063565E+02
3.063565E+02
3.063565E+02
3.063565E+02
3.063565E+02
3.063565E+02
3.063565E+02
3.063565E+02
3.063565E+02
3.063565E+02
3.063565E+02
3.063565E+02
3.063565E+02
3.594523E+02
3.063565E+02
3.063565E+02
3.063565E+02
3.063565E+02
2.598459E+02
3.063565E+02
3.063565E+02
3.063565E+02
3.063565E+02
3.063565E+02
3.063565E+02
3.063565E+02
3.063565E+02
3.063565E+02
3.063565E+02
3.063565E+02
3.063565E+02
3.063565E+02
3.063565E+02
3.063565E+02
3.063565E+02
3.022237E+02
3.022237E+02
3.022237E+02
3.022237E+02
3.022237E+02
3.022237E+02
3.022237E+02
3.022237E+02
3.022237E+02
3.022237E+02
3.022237E+02
3.022237E+02
3.022237E+02
3.022237E+02
3.022237E+02
3.022237E+02
3.022237E+02
3.022237E+02
3.022237E+02
3.022237E+02
3.022237E+02
3.022237E+02
3.553194E+02
3.022237E+02
3.022237E+02
3.022237E+02
3.022237E+02
2.557130E+02
3.022237E+02
3.022237E+02
3.022237E+02
3.022237E+02
3.022237E+02
3.022237E+02
3.022237E+02
3.022237E+02
3.022237E+02
3.022237E+02
3.022237E+02
3.022237E+02
3.022237E+02
3.022237E+02
3.022237E+02
3.022237E+02
3.552473E+02
3.552473E+02
3.552473E+02
3.552473E+02
3.552473E+02
3.552473E+02
3.552473E+02
3.552473E+02
3.552473E+02
3.552473E+02
3.552473E+02
3.552473E+02
3.552473E+02
3.552473E+02
3.552473E+02
3.552473E+02
3.552473E+02
3.552473E+02
3.552473E+02
3.552473E+02
3.552473E+02
3.552473E+02
4.083431E+02
3.552473E+02
3.552473E+02
3.552473E+02
3.552473E+02
3.087367E+02
3.552473E+02
3.552473E+02
3.552473E+02
3.552473E+02
3.552473E+02
3.552473E+02
3.552473E+02
3.552473E+02
3.552473E+02
3.552473E+02
3.552473E+02
3.552473E+02
3.552473E+02
3.552473E+02
3.552473E+02
3.552473E+02
1.518112E+02
1.518112E+02
1.518112E+02
1.518112E+02
1.518112E+02
1.518112E+02
1.518112E+02
1.518112E+02
1.518112E+02
1.518112E+02
1.518112E+02
1.518112E+02
1.518112E+02
1.518112E+02
1.518112E+02
1.518112E+02
1.518112E+02
1.518112E+02
1.518112E+02
1.518112E+02
1.518112E+02
1.518112E+02
2.049070E+02
1.518112E+02
1.518112E+02
1.518112E+02
1.518112E+02
1.053006E+02
1.518112E+02
1.518112E+02
1.518112E+02
1.518112E+02
1.518112E+02
1.518112E+02
1.518112E+02
1.518112E+02
1.518112E+02
1.518112E+02
1.518112E+02
1.518112E+02
1.518112E+02
1.518112E+02
1.518112E+02
1.518112E+02
9.850780E+01
9.850780E+01
9.850780E+01
9.850780E+01
9.850780E+01
9.850780E+01
9.850780E+01
9.850780E+01
9.850780E+01
9.850780E+01
9.850780E+01
9.850780E+01
9.850780E+01
9.850780E+01
9.850780E+01
9.850780E+01
9.850780E+01
9.850780E+01
9.850780E+01
9.850780E+01
9.850780E+01
9.850780E+01
1.516036E+02
9.850780E+01
9.850780E+01
9.850780E+01
9.850780E+01
5.199716E+01
9.850780E+01
9.850780E+01
9.850780E+01
9.850780E+01
9.850780E+01
9.850780E+01
9.850780E+01
9.850780E+01
9.850780E+01
9.850780E+01
9.850780E+01
9.850780E+01
9.850780E+01
9.850780E+01
9.850780E+01
9.850780E+01
4.793528E+01
4.793528E+01
4.793528E+01
4.793528E+01
4.793528E+01
4.793528E+01
4.793528E+01
4.793528E+01
4.793528E+01
4.793528E+01
4.793528E+01
4.793528E+01
4.793528E+01
4.793528E+01
4.793528E+01
4.793528E+01
4.793528E+01
4.793528E+01
4.793528E+01
4.793528E+01
4.793528E+01
4.793528E+01
1.010311E+02
4.793528E+01
4.793528E+01
4.793528E+01
4.793528E+01
9.444592E+01
4.793528E+01
4.793528E+01
4.793528E+01
4.793528E+01
4.793528E+01
4.793528E+01
4.793528E+01
4.793528E+01
4.793528E+01
4.793528E+01
4.793528E+01
4.793528E+01
4.793528E+01
4.793528E+01
4.793528E+01
4.793528E+01
1.484627E+02
1.484627E+02
1.484627E+02
1.484627E+02
1.484627E+02
1.484627E+02
1.484627E+02
1.484627E+02
1.484627E+02
1.484627E+02
1.484627E+02
1.484627E+02
1.484627E+02
1.484627E+02
1.484627E+02
1.484627E+02
1.484627E+02
1.484627E+02
1.484627E+02
1.484627E+02
1.484627E+02
1.484627E+02
2.015584E+02
1.484627E+02
1.484627E+02
1.484627E+02
1.484627E+02
1.019520E+02
1.484627E+02
1.484627E+02
1.484627E+02
1.484627E+02
1.484627E+02
1.484627E+02
1.484627E+02
1.484627E+02
1.484627E+02
1.484627E+02
1.484627E+02
1.484627E+02
1.484627E+02
1.484627E+02
1.484627E+02
1.484627E+02
4.153346E+02
4.153346E+02
4.153346E+02
4.153346E+02
4.153346E+02
4.153346E+02
4.153346E+02
4.153346E+02
4.153346E+02
4.153346E+02
4.153346E+02
4.153346E+02
4.153346E+02
4.153346E+02
4.153346E+02
4.153346E+02
4.153346E+02
4.153346E+02
4.153346E+02
4.153346E+02
4.153346E+02
4.153346E+02
4.684304E+02
4.153346E+02
4.153346E+02
4.153346E+02
4.153346E+02
3.688240E+02
4.153346E+02
4.153346E+02
4.153346E+02
4.153346E+02
4.153346E+02
4.153346E+02
4.153346E+02
4.153346E+02
4.153346E+02
4.153346E+02
4.153346E+02
4.153346E+02
4.153346E+02
4.153346E+02
4.153346E+02
4.153346E+02
2.547850E+02
2.547850E+02
2.547850E+02
2.547850E+02
2.547850E+02
2.547850E+02
2.547850E+02
2.547850E+02
2.547850E+02
2.547850E+02
2.547850E+02
2.547850E+02
2.547850E+02
2.547850E+02
2.547850E+02
2.547850E+02
2.547850E+02
2.547850E+02
2.547850E+02
2.547850E+02
2.547850E+02
2.547850E+02
3.078808E+02
2.547850E+02
2.547850E+02
2.547850E+02
2.547850E+02
2.082744E+02
2.547850E+02
2.547850E+02
2.547850E+02
2.547850E+02
2.547850E+02
2.547850E+02
2.547850E+02
2.547850E+02
2.547850E+02
2.547850E+02
2.547850E+02
2.547850E+02
2.547850E+02
2.547850E+02
2.547850E+02
2.547850E+02
6.684296E+02
6.684296E+02
6.684296E+02
6.684296E+02
6.684296E+02
6.684296E+02
6.684296E+02
6.684296E+02
6.684296E+02
6.684296E+02
6.684296E+02
6.684296E+02
6.684296E+02
6.684296E+02
6.684296E+02
6.684296E+02
6.684296E+02
6.684296E+02
6.684296E+02
6.684296E+02
6.684296E+02
6.684296E+02
7.215253E+02
6.684296E+02
6.684296E+02
6.684296E+02
6.684296E+02
6.219189E+02
6.684296E+02
6.684296E+02
6.684296E+02
6.684296E+02
6.684296E+02
6.684296E+02
6.684296E+02
6.684296E+02
6.684296E+02
6.684296E+02
6.684296E+02
6.684296E+02
6.684296E+02
6.684296E+02
6.684296E+02
6.684296E+02
9.960641E+01
9.960641E+01
9.960641E+01
9.960641E+01
9.960641E+01
9.960641E+01
9.960641E+01
9.960641E+01
9.960641E+01
9.960641E+01
9.960641E+01
9.960641E+01
9.960641E+01
9.960641E+01
9.960641E+01
9.960641E+01
9.960641E+01
9.960641E+01
9.960641E+01
9.960641E+01
9.960641E+01
9.960641E+01
1.527022E+02
9.960641E+01
9.960641E+01
9.960641E+01
9.960641E+01
5.309577E+01
9.960641E+01
9.960641E+01
9.960641E+01
9.960641E+01
9.960641E+01
9.960641E+01
9.960641E+01
9.960641E+01
9.960641E+01
9.960641E+01
9.960641E+01
9.960641E+01
9.960641E+01
9.960641E+01
9.960641E+01
9.960641E+01
1.044315E+02
1.044315E+02
1.044315E+02
1.044315E+02
1.044315E+02
1.044315E+02
1.044315E+02
1.044315E+02
1.044315E+02
1.044315E+02
1.044315E+02
1.044315E+02
1.044315E+02
1.044315E+02
1.044315E+02
1.044315E+02
1.044315E+02
1.044315E+02
1.044315E+02
1.044315E+02
1.044315E+02
1.044315E+02
1.575273E+02
1.044315E+02
1.044315E+02
1.044315E+02
1.044315E+02
1.509422E+02
1.044315E+02
1.044315E+02
1.044315E+02
1.044315E+02
1.044315E+02
1.044315E+02
1.044315E+02
1.044315E+02
1.044315E+02
1.044315E+02
1.044315E+02
1.044315E+02
1.044315E+02
1.044315E+02
1.044315E+02
1.044315E+02
2.484201E+02
2.484201E+02
2.484201E+02
2.484201E+02
2.484201E+02
2.484201E+02
2.484201E+02
2.484201E+02
2.484201E+02
2.484201E+02
2.484201E+02
2.484201E+02
2.484201E+02
2.484201E+02
2.484201E+02
2.484201E+02
2.484201E+02
2.484201E+02
2.484201E+02
2.484201E+02
2.484201E+02
2.484201E+02
3.015159E+02
2.484201E+02
2.484201E+02
2.484201E+02
2.484201E+02
2.019095E+02
2.484201E+02
2.484201E+02
2.484201E+02
2.484201E+02
2.484201E+02
2.484201E+02
2.484201E+02
2.484201E+02
2.484201E+02
2.484201E+02
2.484201E+02
2.484201E+02
2.484201E+02
2.484201E+02
2.484201E+02
2.484201E+02
3.013582E+02
3.013582E+02
3.013582E+02
3.013582E+02
3.013582E+02
3.013582E+02
3.013582E+02
3.013582E+02
3.013582E+02
3.013582E+02
3.013582E+02
3.013582E+02
3.013582E+02
3.013582E+02
3.013582E+02
3.013582E+02
3.013582E+02
3.013582E+02
3.013582E+02
3.013582E+02
3.013582E+02
3.013582E+02
3.544539E+02
3.013582E+02
3.013582E+02
3.013582E+02
3.013582E+02
2.548475E+02
3.013582E+02
3.013582E+02
3.013582E+02
3.013582E+02
3.013582E+02
3.013582E+02
3.013582E+02
3.013582E+02
3.013582E+02
3.013582E+02
3.013582E+02
3.013582E+02
3.013582E+02
3.013582E+02
3.013582E+02
3.013582E+02
4.657006E+02
4.657006E+02
4.657006E+02
4.657006E+02
4.657006E+02
4.657006E+02
4.657006E+02
4.657006E+02
4.657006E+02
4.657006E+02
4.657006E+02
4.657006E+02
4.657006E+02
4.657006E+02
4.657006E+02
4.657006E+02
4.657006E+02
4.657006E+02
4.657006E+02
4.657006E+02
4.657006E+02
4.657006E+02
5.187964E+02
4.657006E+02
4.657006E+02
4.657006E+02
4.657006E+02
5.122113E+02
4.657006E+02
4.657006E+02
4.657006E+02
4.657006E+02
4.657006E+02
4.657006E+02
4.657006E+02
4.657006E+02
4.657006E+02
4.657006E+02
4.657006E+02
4.657006E+02
4.657006E+02
4.657006E+02
4.657006E+02
4.657006E+02
2.537941E+02
2.537941E+02
2.537941E+02
2.537941E+02
2.537941E+02
2.537941E+02
2.537941E+02
2.537941E+02
2.537941E+02
2.537941E+02
2.537941E+02
2.537941E+02
2.537941E+02
2.537941E+02
2.537941E+02
2.537941E+02
2.537941E+02
2.537941E+02
2.537941E+02
2.537941E+02
2.537941E+02
2.537941E+02
3.068898E+02
2.537941E+02
2.537941E+02
2.537941E+02
2.537941E+02
2.072834E+02
2.537941E+02
2.537941E+02
2.537941E+02
2.537941E+02
2.537941E+02
2.537941E+02
2.537941E+02
2.537941E+02
2.537941E+02
2.537941E+02
2.537941E+02
2.537941E+02
2.537941E+02
2.537941E+02
2.537941E+02
2.537941E+02
4.091965E+02
4.091965E+02
4.091965E+02
4.091965E+02
4.091965E+02
4.091965E+02
4.091965E+02
4.091965E+02
4.091965E+02
4.091965E+02
4.091965E+02
4.091965E+02
4.091965E+02
4.091965E+02
4.091965E+02
4.091965E+02
4.091965E+02
4.091965E+02
4.091965E+02
4.091965E+02
4.091965E+02
4.091965E+02
4.622923E+02
4.091965E+02
4.091965E+02
4.091965E+02
4.091965E+02
3.626858E+02
4.091965E+02
4.091965E+02
4.091965E+02
4.091965E+02
4.091965E+02
4.091965E+02
4.091965E+02
4.091965E+02
4.091965E+02
4.091965E+02
4.091965E+02
4.091965E+02
4.091965E+02
4.091965E+02
4.091965E+02
4.091965E+02
2.011333E+02
2.011333E+02
2.011333E+02
2.011333E+02
2.011333E+02
2.011333E+02
2.011333E+02
2.011333E+02
2.011333E+02
2.011333E+02
2.011333E+02
2.011333E+02
2.011333E+02
2.011333E+02
2.011333E+02
2.011333E+02
2.011333E+02
2.011333E+02
2.011333E+02
2.011333E+02
2.011333E+02
2.011333E+02
2.542291E+02
2.011333E+02
2.011333E+02
2.011333E+02
2.011333E+02
1.546227E+02
2.011333E+02
2.011333E+02
2.011333E+02
2.011333E+02
2.011333E+02
2.011333E+02
2.011333E+02
2.011333E+02
2.011333E+02
2.011333E+02
2.011333E+02
2.011333E+02
2.011333E+02
2.011333E+02
2.011333E+02
2.011333E+02
2.538265E+02
2.538265E+02
2.538265E+02
2.538265E+02
2.538265E+02
2.538265E+02
2.538265E+02
2.538265E+02
2.538265E+02
2.538265E+02
2.538265E+02
2.538265E+02
2.538265E+02
2.538265E+02
2.538265E+02
2.538265E+02
2.538265E+02
2.538265E+02
2.538265E+02
2.538265E+02
2.538265E+02
2.538265E+02
3.069223E+02
2.538265E+02
2.538265E+02
2.538265E+02
2.538265E+02
2.073159E+02
2.538265E+02
2.538265E+02
2.538265E+02
2.538265E+02
2.538265E+02
2.538265E+02
2.538265E+02
2.538265E+02
2.538265E+02
2.538265E+02
2.538265E+02
2.538265E+02
2.538265E+02
2.538265E+02
2.538265E+02
2.538265E+02
2.014285E+02
2.014285E+02
2.014285E+02
2.014285E+02
2.014285E+02
2.014285E+02
2.014285E+02
2.014285E+02
2.014285E+02
2.014285E+02
2.014285E+02
2.014285E+02
2.014285E+02
2.014285E+02
2.014285E+02
2.014285E+02
2.014285E+02
2.014285E+02
2.014285E+02
2.014285E+02
2.014285E+02
2.014285E+02
2.545243E+02
2.014285E+02
2.014285E+02
2.014285E+02
2.014285E+02
1.549179E+02
2.014285E+02
2.014285E+02
2.014285E+02
2.014285E+02
2.014285E+02
2.014285E+02
2.014285E+02
2.014285E+02
2.014285E+02
2.014285E+02
2.014285E+02
2.014285E+02
2.014285E+02
2.014285E+02
2.014285E+02
2.014285E+02
3.583616E+02
3.583616E+02
3.583616E+02
3.583616E+02
3.583616E+02
3.583616E+02
3.583616E+02
3.583616E+02
3.583616E+02
3.583616E+02
3.583616E+02
3.583616E+02
3.583616E+02
3.583616E+02
3.583616E+02
3.583616E+02
3.583616E+02
3.583616E+02
3.583616E+02
3.583616E+02
3.583616E+02
3.583616E+02
4.114574E+02
3.583616E+02
3.583616E+02
3.583616E+02
3.583616E+02
4.048722E+02
3.583616E+02
3.583616E+02
3.583616E+02
3.583616E+02
3.583616E+02
3.583616E+02
3.583616E+02
3.583616E+02
3.583616E+02
3.583616E+02
3.583616E+02
3.583616E+02
3.583616E+02
3.583616E+02
3.583616E+02
3.583616E+02
4.662538E+02
4.662538E+02
4.662538E+02
4.662538E+02
4.662538E+02
4.662538E+02
4.662538E+02
4.662538E+02
4.662538E+02
4.662538E+02
4.662538E+02
4.662538E+02
4.662538E+02
4.662538E+02
4.662538E+02
4.662538E+02
4.662538E+02
4.662538E+02
4.662538E+02
4.662538E+02
4.662538E+02
4.662538E+02
5.193495E+02
4.662538E+02
4.662538E+02
4.662538E+02
4.662538E+02
4.197431E+02
4.662538E+02
4.662538E+02
4.662538E+02
4.662538E+02
4.662538E+02
4.662538E+02
4.662538E+02
4.662538E+02
4.662538E+02
4.662538E+02
4.662538E+02
4.662538E+02
4.662538E+02
4.662538E+02
4.662538E+02
4.662538E+02
9.989409E+01
9.989409E+01
9.989409E+01
9.989409E+01
9.989409E+01
9.989409E+01
9.989409E+01
9.989409E+01
9.989409E+01
9.989409E+01
9.989409E+01
9.989409E+01
9.989409E+01
9.989409E+01
9.989409E+01
9.989409E+01
9.989409E+01
9.989409E+01
9.989409E+01
9.989409E+01
9.989409E+01
9.989409E+01
1.529899E+02
9.989409E+01
9.989409E+01
9.989409E+01
9.989409E+01
5.338345E+01
9.989409E+01
9.989409E+01
9.989409E+01
9.989409E+01
9.989409E+01
9.989409E+01
9.989409E+01
9.989409E+01
9.989409E+01
9.989409E+01
9.989409E+01
9.989409E+01
9.989409E+01
9.989409E+01
9.989409E+01
9.989409E+01
3.521630E+02
3.521630E+02
3.521630E+02
3.521630E+02
3.521630E+02
3.521630E+02
3.521630E+02
3.521630E+02
3.521630E+02
3.521630E+02
3.521630E+02
3.521630E+02
3.521630E+02
3.521630E+02
3.521630E+02
3.521630E+02
3.521630E+02
3.521630E+02
3.521630E+02
3.521630E+02
3.521630E+02
3.521630E+02
4.052588E+02
3.521630E+02
3.521630E+02
3.521630E+02
3.521630E+02
3.056524E+02
3.521630E+02
3.521630E+02
3.521630E+02
3.521630E+02
3.521630E+02
3.521630E+02
3.521630E+02
3.521630E+02
3.521630E+02
3.521630E+02
3.521630E+02
3.521630E+02
3.521630E+02
3.521630E+02
3.521630E+02
3.521630E+02
9.960641E+01
9.960641E+01
9.960641E+01
9.960641E+01
9.960641E+01
9.960641E+01
9.960641E+01
9.960641E+01
9.960641E+01
9.960641E+01
9.960641E+01
9.960641E+01
9.960641E+01
9.960641E+01
9.960641E+01
9.960641E+01
9.960641E+01
9.960641E+01
9.960641E+01
9.960641E+01
9.960641E+01
9.960641E+01
1.527022E+02
9.960641E+01
9.960641E+01
9.960641E+01
9.960641E+01
5.309577E+01
9.960641E+01
9.960641E+01
9.960641E+01
9.960641E+01
9.960641E+01
9.960641E+01
9.960641E+01
9.960641E+01
9.960641E+01
9.960641E+01
9.960641E+01
9.960641E+01
9.960641E+01
9.960641E+01
9.960641E+01
9.960641E+01
2.016033E+02
2.016033E+02
2.016033E+02
2.016033E+02
2.016033E+02
2.016033E+02
2.016033E+02
2.016033E+02
2.016033E+02
2.016033E+02
2.016033E+02
2.016033E+02
2.016033E+02
2.016033E+02
2.016033E+02
2.016033E+02
2.016033E+02
2.016033E+02
2.016033E+02
2.016033E+02
2.016033E+02
2.016033E+02
2.546991E+02
2.016033E+02
2.016033E+02
2.016033E+02
2.016033E+02
1.550927E+02
2.016033E+02
2.016033E+02
2.016033E+02
2.016033E+02
2.016033E+02
2.016033E+02
2.016033E+02
2.016033E+02
2.016033E+02
2.016033E+02
2.016033E+02
2.016033E+02
2.016033E+02
2.016033E+02
2.016033E+02
2.016033E+02
1.978462E+02
1.978462E+02
1.978462E+02
1.978462E+02
1.978462E+02
1.978462E+02
1.978462E+02
1.978462E+02
1.978462E+02
1.978462E+02
1.978462E+02
1.978462E+02
1.978462E+02
1.978462E+02
1.978462E+02
1.978462E+02
1.978462E+02
1.978462E+02
1.978462E+02
1.978462E+02
1.978462E+02
1.978462E+02
2.509419E+02
1.978462E+02
1.978462E+02
1.978462E+02
1.978462E+02
1.513355E+02
1.978462E+02
1.978462E+02
1.978462E+02
1.978462E+02
1.978462E+02
1.978462E+02
1.978462E+02
1.978462E+02
1.978462E+02
1.978462E+02
1.978462E+02
1.978462E+02
1.978462E+02
1.978462E+02
1.978462E+02
1.978462E+02
3.075824E+02
3.075824E+02
3.075824E+02
3.075824E+02
3.075824E+02
3.075824E+02
3.075824E+02
3.075824E+02
3.075824E+02
3.075824E+02
3.075824E+02
3.075824E+02
3.075824E+02
3.075824E+02
3.075824E+02
3.075824E+02
3.075824E+02
3.075824E+02
3.075824E+02
3.075824E+02
3.075824E+02
3.075824E+02
3.606782E+02
3.075824E+02
3.075824E+02
3.075824E+02
3.075824E+02
2.610718E+02
3.075824E+02
3.075824E+02
3.075824E+02
3.075824E+02
3.075824E+02
3.075824E+02
3.075824E+02
3.075824E+02
3.075824E+02
3.075824E+02
3.075824E+02
3.075824E+02
3.075824E+02
3.075824E+02
3.075824E+02
3.075824E+02
4.651064E+01
4.651064E+01
4.651064E+01
4.651064E+01
4.651064E+01
4.651064E+01
4.651064E+01
4.651064E+01
4.651064E+01
4.651064E+01
4.651064E+01
4.651064E+01
4.651064E+01
4.651064E+01
4.651064E+01
4.651064E+01
4.651064E+01
4.651064E+01
4.651064E+01
4.651064E+01
4.651064E+01
4.651064E+01
9.960641E+01
4.651064E+01
4.651064E+01
4.651064E+01
4.651064E+01
0.000000E+00
4.651064E+01
4.651064E+01
4.651064E+01
4.651064E+01
4.651064E+01
4.651064E+01
4.651064E+01
4.651064E+01
4.651064E+01
4.651064E+01
4.651064E+01
4.651064E+01
4.651064E+01
4.651064E+01
4.651064E+01
4.651064E+01
3.116486E+02
3.116486E+02
3.116486E+02
3.116486E+02
3.116486E+02
3.116486E+02
3.116486E+02
3.116486E+02
3.116486E+02
3.116486E+02
3.116486E+02
3.116486E+02
3.116486E+02
3.116486E+02
3.116486E+02
3.116486E+02
3.116486E+02
3.116486E+02
3.116486E+02
3.116486E+02
3.116486E+02
3.116486E+02
3.647443E+02
3.116486E+02
3.116486E+02
3.116486E+02
3.116486E+02
2.651379E+02
3.116486E+02
3.116486E+02
3.116486E+02
3.116486E+02
3.116486E+02
3.116486E+02
3.116486E+02
3.116486E+02
3.116486E+02
3.116486E+02
3.116486E+02
3.116486E+02
3.116486E+02
3.116486E+02
3.116486E+02
3.116486E+02
4.640368E+02
4.640368E+02
4.640368E+02
4.640368E+02
4.640368E+02
4.640368E+02
4.640368E+02
4.640368E+02
4.640368E+02
4.640368E+02
4.640368E+02
4.640368E+02
4.640368E+02
4.640368E+02
4.640368E+02
4.640368E+02
4.640368E+02
4.640368E+02
4.640368E+02
4.640368E+02
4.640368E+02
4.640368E+02
5.171326E+02
4.640368E+02
4.640368E+02
4.640368E+02
4.640368E+02
4.175261E+02
4.640368E+02
4.640368E+02
4.640368E+02
4.640368E+02
4.640368E+02
4.640368E+02
4.640368E+02
4.640368E+02
4.640368E+02
4.640368E+02
4.640368E+02
4.640368E+02
4.640368E+02
4.640368E+02
4.640368E+02
4.640368E+02
1.491944E+02
1.491944E+02
1.491944E+02
1.491944E+02
1.491944E+02
1.491944E+02
1.491944E+02
1.491944E+02
1.491944E+02
1.491944E+02
1.491944E+02
1.491944E+02
1.491944E+02
1.491944E+02
1.491944E+02
1.491944E+02
1.491944E+02
1.491944E+02
1.491944E+02
1.491944E+02
1.491944E+02
1.491944E+02
2.022901E+02
1.491944E+02
1.491944E+02
1.491944E+02
1.491944E+02
1.026837E+02
1.491944E+02
1.491944E+02
1.491944E+02
1.491944E+02
1.491944E+02
1.491944E+02
1.491944E+02
1.491944E+02
1.491944E+02
1.491944E+02
1.491944E+02
1.491944E+02
1.491944E+02
1.491944E+02
1.491944E+02
1.491944E+02
1.500587E+02
1.500587E+02
1.500587E+02
1.500587E+02
1.500587E+02
1.500587E+02
1.500587E+02
1.500587E+02
1.500587E+02
1.500587E+02
1.500587E+02
1.500587E+02
1.500587E+02
1.500587E+02
1.500587E+02
1.500587E+02
1.500587E+02
1.500587E+02
1.500587E+02
1.500587E+02
1.500587E+02
1.500587E+02
2.031544E+02
1.500587E+02
1.500587E+02
1.500587E+02
1.500587E+02
1.035480E+02
1.500587E+02
1.500587E+02
1.500587E+02
1.500587E+02
1.500587E+02
1.500587E+02
1.500587E+02
1.500587E+02
1.500587E+02
1.500587E+02
1.500587E+02
1.500587E+02
1.500587E+02
1.500587E+02
1.500587E+02
1.500587E+02
2.543139E+02
2.543139E+02
2.543139E+02
2.543139E+02
2.543139E+02
2.543139E+02
2.543139E+02
2.543139E+02
2.543139E+02
2.543139E+02
2.543139E+02
2.543139E+02
2.543139E+02
2.543139E+02
2.543139E+02
2.543139E+02
2.543139E+02
2.543139E+02
2.543139E+02
2.543139E+02
2.543139E+02
2.543139E+02
3.074096E+02
2.543139E+02
2.543139E+02
2.543139E+02
2.543139E+02
2.078032E+02
2.543139E+02
2.543139E+02
2.543139E+02
2.543139E+02
2.543139E+02
2.543139E+02
2.543139E+02
2.543139E+02
2.543139E+02
2.543139E+02
2.543139E+02
2.543139E+02
2.543139E+02
2.543139E+02
2.543139E+02
2.543139E+02
9.989409E+01
9.989409E+01
9.989409E+01
9.989409E+01
9.989409E+01
9.989409E+01
9.989409E+01
9.989409E+01
9.989409E+01
9.989409E+01
9.989409E+01
9.989409E+01
9.989409E+01
9.989409E+01
9.989409E+01
9.989409E+01
9.989409E+01
9.989409E+01
9.989409E+01
9.989409E+01
9.989409E+01
9.989409E+01
1.529899E+02
9.989409E+01
9.989409E+01
9.989409E+01
9.989409E+01
5.338345E+01
9.989409E+01
9.989409E+01
9.989409E+01
9.989409E+01
9.989409E+01
9.989409E+01
9.989409E+01
9.989409E+01
9.989409E+01
9.989409E+01
9.989409E+01
9.989409E+01
9.989409E+01
9.989409E+01
9.989409E+01
9.989409E+01
9.989409E+01
9.989409E+01
9.989409E+01
9.989409E+01
9.989409E+01
9.989409E+01
9.989409E+01
9.989409E+01
9.989409E+01
9.989409E+01
9.989409E+01
9.989409E+01
9.989409E+01
9.989409E+01
9.989409E+01
9.989409E+01
9.989409E+01
9.989409E+01
9.989409E+01
9.989409E+01
9.989409E+01
9.989409E+01
1.529899E+02
9.989409E+01
9.989409E+01
9.989409E+01
9.989409E+01
5.338345E+01
9.989409E+01
9.989409E+01
9.989409E+01
9.989409E+01
9.989409E+01
9.989409E+01
9.989409E+01
9.989409E+01
9.989409E+01
9.989409E+01
9.989409E+01
9.989409E+01
9.989409E+01
9.989409E+01
9.989409E+01
9.989409E+01
4.651064E+01
4.651064E+01
4.651064E+01
4.651064E+01
4.651064E+01
4.651064E+01
4.651064E+01
4.651064E+01
4.651064E+01
4.651064E+01
4.651064E+01
4.651064E+01
4.651064E+01
4.651064E+01
4.651064E+01
4.651064E+01
4.651064E+01
4.651064E+01
4.651064E+01
4.651064E+01
4.651064E+01
4.651064E+01
9.960641E+01
4.651064E+01
4.651064E+01
4.651064E+01
4.651064E+01
0.000000E+00
4.651064E+01
4.651064E+01
4.651064E+01
4.651064E+01
4.651064E+01
4.651064E+01
4.651064E+01
4.651064E+01
4.651064E+01
4.651064E+01
4.651064E+01
4.651064E+01
4.651064E+01
4.651064E+01
4.651064E+01
4.651064E+01
1.484430E+02
1.484430E+02
1.484430E+02
1.484430E+02
1.484430E+02
1.484430E+02
1.484430E+02
1.484430E+02
1.484430E+02
1.484430E+02
1.484430E+02
1.484430E+02
1.484430E+02
1.484430E+02
1.484430E+02
1.484430E+02
1.484430E+02
1.484430E+02
1.484430E+02
1.484430E+02
1.484430E+02
1.484430E+02
2.015388E+02
1.484430E+02
1.484430E+02
1.484430E+02
1.484430E+02
1.019324E+02
1.484430E+02
1.484430E+02
1.484430E+02
1.484430E+02
1.484430E+02
1.484430E+02
1.484430E+02
1.484430E+02
1.484430E+02
1.484430E+02
1.484430E+02
1.484430E+02
1.484430E+02
1.484430E+02
1.484430E+02
1.484430E+02
2.528020E+02
2.528020E+02
2.528020E+02
2.528020E+02
2.528020E+02
2.528020E+02
2.528020E+02
2.528020E+02
2.528020E+02
2.528020E+02
2.528020E+02
2.528020E+02
2.528020E+02
2.528020E+02
2.528020E+02
2.528020E+02
2.528020E+02
2.528020E+02
2.528020E+02
2.528020E+02
2.528020E+02
2.528020E+02
3.058978E+02
2.528020E+02
2.528020E+02
2.528020E+02
2.528020E+02
2.062914E+02
2.528020E+02
2.528020E+02
2.528020E+02
2.528020E+02
2.528020E+02
2.528020E+02
2.528020E+02
2.528020E+02
2.528020E+02
2.528020E+02
2.528020E+02
2.528020E+02
2.528020E+02
2.528020E+02
2.528020E+02
2.528020E+02
1.996010E+02
1.996010E+02
1.996010E+02
1.996010E+02
1.996010E+02
1.996010E+02
1.996010E+02
1.996010E+02
1.996010E+02
1.996010E+02
1.996010E+02
1.996010E+02
1.996010E+02
1.996010E+02
1.996010E+02
1.996010E+02
1.996010E+02
1.996010E+02
1.996010E+02
1.996010E+02
1.996010E+02
1.996010E+02
2.526968E+02
1.996010E+02
1.996010E+02
1.996010E+02
1.996010E+02
1.530904E+02
1.996010E+02
1.996010E+02
1.996010E+02
1.996010E+02
1.996010E+02
1.996010E+02
1.996010E+02
1.996010E+02
1.996010E+02
1.996010E+02
1.996010E+02
1.996010E+02
1.996010E+02
1.996010E+02
1.996010E+02
1.996010E+02
3.009508E+02
3.009508E+02
3.009508E+02
3.009508E+02
3.009508E+02
3.009508E+02
3.009508E+02
3.009508E+02
3.009508E+02
3.009508E+02
3.009508E+02
3.009508E+02
3.009508E+02
3.009508E+02
3.009508E+02
3.009508E+02
3.009508E+02
3.009508E+02
3.009508E+02
3.009508E+02
3.009508E+02
3.009508E+02
3.540466E+02
3.009508E+02
3.009508E+02
3.009508E+02
3.009508E+02
2.544402E+02
3.009508E+02
3.009508E+02
3.009508E+02
3.009508E+02
3.009508E+02
3.009508E+02
3.009508E+02
3.009508E+02
3.009508E+02
3.009508E+02
3.009508E+02
3.009508E+02
3.009508E+02
3.009508E+02
3.009508E+02
3.009508E+02
2.022408E+02
2.022408E+02
2.022408E+02
2.022408E+02
2.022408E+02
2.022408E+02
2.022408E+02
2.022408E+02
2.022408E+02
2.022408E+02
2.022408E+02
2.022408E+02
2.022408E+02
2.022408E+02
2.022408E+02
2.022408E+02
2.022408E+02
2.022408E+02
2.022408E+02
2.022408E+02
2.022408E+02
2.022408E+02
2.553366E+02
2.022408E+02
2.022408E+02
2.022408E+02
2.022408E+02
1.557302E+02
2.022408E+02
2.022408E+02
2.022408E+02
2.022408E+02
2.022408E+02
2.022408E+02
2.022408E+02
2.022408E+02
2.022408E+02
2.022408E+02
2.022408E+02
2.022408E+02
2.022408E+02
2.022408E+02
2.022408E+02
2.022408E+02
1.965886E+02
1.965886E+02
1.965886E+02
1.965886E+02
1.965886E+02
1.965886E+02
1.965886E+02
1.965886E+02
1.965886E+02
1.965886E+02
1.965886E+02
1.965886E+02
1.965886E+02
1.965886E+02
1.965886E+02
1.965886E+02
1.965886E+02
1.965886E+02
1.965886E+02
1.965886E+02
1.965886E+02
1.965886E+02
2.496844E+02
1.965886E+02
1.965886E+02
1.965886E+02
1.965886E+02
1.500780E+02
1.965886E+02
1.965886E+02
1.965886E+02
1.965886E+02
1.965886E+02
1.965886E+02
1.965886E+02
1.965886E+02
1.965886E+02
1.965886E+02
1.965886E+02
1.965886E+02
1.965886E+02
1.965886E+02
1.965886E+02
1.965886E+02
4.605630E+02
4.605630E+02
4.605630E+02
4.605630E+02
4.605630E+02
4.605630E+02
4.605630E+02
4.605630E+02
4.605630E+02
4.605630E+02
4.605630E+02
4.605630E+02
4.605630E+02
4.605630E+02
4.605630E+02
4.605630E+02
4.605630E+02
4.605630E+02
4.605630E+02
4.605630E+02
4.605630E+02
4.605630E+02
5.136588E+02
4.605630E+02
4.605630E+02
4.605630E+02
4.605630E+02
4.140524E+02
4.605630E+02
4.605630E+02
4.605630E+02
4.605630E+02
4.605630E+02
4.605630E+02
4.605630E+02
4.605630E+02
4.605630E+02
4.605630E+02
4.605630E+02
4.605630E+02
4.605630E+02
4.605630E+02
4.605630E+02
4.605630E+02
3.486439E+02
3.486439E+02
3.486439E+02
3.486439E+02
3.486439E+02
3.486439E+02
3.486439E+02
3.486439E+02
3.486439E+02
3.486439E+02
3.486439E+02
3.486439E+02
3.486439E+02
3.486439E+02
3.486439E+02
3.486439E+02
3.486439E+02
3.486439E+02
3.486439E+02
3.486439E+02
3.486439E+02
3.486439E+02
4.017397E+02
3.486439E+02
3.486439E+02
3.486439E+02
3.486439E+02
3.021333E+02
3.486439E+02
3.486439E+02
3.486439E+02
3.486439E+02
3.486439E+02
3.486439E+02
3.486439E+02
3.486439E+02
3.486439E+02
3.486439E+02
3.486439E+02
3.486439E+02
3.486439E+02
3.486439E+02
3.486439E+02
3.486439E+02
4.651064E+01
4.651064E+01
4.651064E+01
4.651064E+01
4.651064E+01
4.651064E+01
4.651064E+01
4.651064E+01
4.651064E+01
4.651064E+01
4.651064E+01
4.651064E+01
4.651064E+01
4.651064E+01
4.651064E+01
4.651064E+01
4.651064E+01
4.651064E+01
4.651064E+01
4.651064E+01
4.651064E+01
4.651064E+01
9.960641E+01
4.651064E+01
4.651064E+01
4.651064E+01
4.651064E+01
0.000000E+00
4.651064E+01
4.651064E+01
4.651064E+01
4.651064E+01
4.651064E+01
4.651064E+01
4.651064E+01
4.651064E+01
4.651064E+01
4.651064E+01
4.651064E+01
4.651064E+01
4.651064E+01
4.651064E+01
4.651064E+01
4.651064E+01
2.536451E+02
2.536451E+02
2.536451E+02
2.536451E+02
2.536451E+02
2.536451E+02
2.536451E+02
2.536451E+02
2.536451E+02
2.536451E+02
2.536451E+02
2.536451E+02
2.536451E+02
2.536451E+02
2.536451E+02
2.536451E+02
2.536451E+02
2.536451E+02
2.536451E+02
2.536451E+02
2.536451E+02
2.536451E+02
3.067408E+02
2.536451E+02
2.536451E+02
2.536451E+02
2.536451E+02
2.071344E+02
2.536451E+02
2.536451E+02
2.536451E+02
2.536451E+02
2.536451E+02
2.536451E+02
2.536451E+02
2.536451E+02
2.536451E+02
2.536451E+02
2.536451E+02
2.536451E+02
2.536451E+02
2.536451E+02
2.536451E+02
2.536451E+02
9.828465E+01
9.828465E+01
9.828465E+01
9.828465E+01
9.828465E+01
9.828465E+01
9.828465E+01
9.828465E+01
9.828465E+01
9.828465E+01
9.828465E+01
9.828465E+01
9.828465E+01
9.828465E+01
9.828465E+01
9.828465E+01
9.828465E+01
9.828465E+01
9.828465E+01
9.828465E+01
9.828465E+01
9.828465E+01
1.513804E+02
9.828465E+01
9.828465E+01
9.828465E+01
9.828465E+01
5.177402E+01
9.828465E+01
9.828465E+01
9.828465E+01
9.828465E+01
9.828465E+01
9.828465E+01
9.828465E+01
9.828465E+01
9.828465E+01
9.828465E+01
9.828465E+01
9.828465E+01
9.828465E+01
9.828465E+01
9.828465E+01
9.828465E+01
4.651064E+01
4.651064E+01
4.651064E+01
4.651064E+01
4.651064E+01
4.651064E+01
4.651064E+01
4.651064E+01
4.651064E+01
4.651064E+01
4.651064E+01
4.651064E+01
4.651064E+01
4.651064E+01
4.651064E+01
4.651064E+01
4.651064E+01
4.651064E+01
4.651064E+01
4.651064E+01
4.651064E+01
4.651064E+01
9.960641E+01
4.651064E+01
4.651064E+01
4.651064E+01
4.651064E+01
0.000000E+00
4.651064E+01
4.651064E+01
4.651064E+01
4.651064E+01
4.651064E+01
4.651064E+01
4.651064E+01
4.651064E+01
4.651064E+01
4.651064E+01
4.651064E+01
4.651064E+01
4.651064E+01
4.651064E+01
4.651064E+01
4.651064E+01
4.651064E+01
4.651064E+01
4.651064E+01
4.651064E+01
4.651064E+01
4.651064E+01
4.651064E+01
4.651064E+01
4.651064E+01
4.651064E+01
4.651064E+01
4.651064E+01
4.651064E+01
4.651064E+01
4.651064E+01
4.651064E+01
4.651064E+01
4.651064E+01
4.651064E+01
4.651064E+01
4.651064E+01
4.651064E+01
9.960641E+01
4.651064E+01
4.651064E+01
4.651064E+01
4.651064E+01
0.000000E+00
4.651064E+01
4.651064E+01
4.651064E+01
4.651064E+01
4.651064E+01
4.651064E+01
4.651064E+01
4.651064E+01
4.651064E+01
4.651064E+01
4.651064E+01
4.651064E+01
4.651064E+01
4.651064E+01
4.651064E+01
4.651064E+01
9.559003E+01
9.559003E+01
9.559003E+01
9.559003E+01
9.559003E+01
9.559003E+01
9.559003E+01
9.559003E+01
9.559003E+01
9.559003E+01
9.559003E+01
9.559003E+01
9.559003E+01
9.559003E+01
9.559003E+01
9.559003E+01
9.559003E+01
9.559003E+01
9.559003E+01
9.559003E+01
9.559003E+01
9.559003E+01
1.486858E+02
9.559003E+01
9.559003E+01
9.559003E+01
9.559003E+01
4.907939E+01
9.559003E+01
9.559003E+01
9.559003E+01
9.559003E+01
9.559003E+01
9.559003E+01
9.559003E+01
9.559003E+01
9.559003E+01
9.559003E+01
9.559003E+01
9.559003E+01
9.559003E+01
9.559003E+01
9.559003E+01
9.559003E+01
2.041397E+02
2.041397E+02
2.041397E+02
2.041397E+02
2.041397E+02
2.041397E+02
2.041397E+02
2.041397E+02
2.041397E+02
2.041397E+02
2.041397E+02
2.041397E+02
2.041397E+02
2.041397E+02
2.041397E+02
2.041397E+02
2.041397E+02
2.041397E+02
2.041397E+02
2.041397E+02
2.041397E+02
2.041397E+02
2.572355E+02
2.041397E+02
2.041397E+02
2.041397E+02
2.041397E+02
1.576291E+02
2.041397E+02
2.041397E+02
2.041397E+02
2.041397E+02
2.041397E+02
2.041397E+02
2.041397E+02
2.041397E+02
2.041397E+02
2.041397E+02
2.041397E+02
2.041397E+02
2.041397E+02
2.041397E+02
2.041397E+02
2.041397E+02
3.537013E+02
3.537013E+02
3.537013E+02
3.537013E+02
3.537013E+02
3.537013E+02
3.537013E+02
3.537013E+02
3.537013E+02
3.537013E+02
3.537013E+02
3.537013E+02
3.537013E+02
3.537013E+02
3.537013E+02
3.537013E+02
3.537013E+02
3.537013E+02
3.537013E+02
3.537013E+02
3.537013E+02
3.537013E+02
4.067971E+02
3.537013E+02
3.537013E+02
3.537013E+02
3.537013E+02
3.071907E+02
3.537013E+02
3.537013E+02
3.537013E+02
3.537013E+02
3.537013E+02
3.537013E+02
3.537013E+02
3.537013E+02
3.537013E+02
3.537013E+02
3.537013E+02
3.537013E+02
3.537013E+02
3.537013E+02
3.537013E+02
3.537013E+02
9.755872E+01
9.755872E+01
9.755872E+01
9.755872E+01
9.755872E+01
9.755872E+01
9.755872E+01
9.755872E+01
9.755872E+01
9.755872E+01
9.755872E+01
9.755872E+01
9.755872E+01
9.755872E+01
9.755872E+01
9.755872E+01
9.755872E+01
9.755872E+01
9.755872E+01
9.755872E+01
9.755872E+01
9.755872E+01
1.506545E+02
9.755872E+01
9.755872E+01
9.755872E+01
9.755872E+01
5.104808E+01
9.755872E+01
9.755872E+01
9.755872E+01
9.755872E+01
9.755872E+01
9.755872E+01
9.755872E+01
9.755872E+01
9.755872E+01
9.755872E+01
9.755872E+01
9.755872E+01
9.755872E+01
9.755872E+01
9.755872E+01
9.755872E+01
4.651064E+01
4.651064E+01
4.651064E+01
4.651064E+01
4.651064E+01
4.651064E+01
4.651064E+01
4.651064E+01
4.651064E+01
4.651064E+01
4.651064E+01
4.651064E+01
4.651064E+01
4.651064E+01
4.651064E+01
4.651064E+01
4.651064E+01
4.651064E+01
4.651064E+01
4.651064E+01
4.651064E+01
4.651064E+01
9.960641E+01
4.651064E+01
4.651064E+01
4.651064E+01
4.651064E+01
0.000000E+00
4.651064E+01
4.651064E+01
4.651064E+01
4.651064E+01
4.651064E+01
4.651064E+01
4.651064E+01
4.651064E+01
4.651064E+01
4.651064E+01
4.651064E+01
4.651064E+01
4.651064E+01
4.651064E+01
4.651064E+01
4.651064E+01
2.524043E+02
2.524043E+02
2.524043E+02
2.524043E+02
2.524043E+02
2.524043E+02
2.524043E+02
2.524043E+02
2.524043E+02
2.524043E+02
2.524043E+02
2.524043E+02
2.524043E+02
2.524043E+02
2.524043E+02
2.524043E+02
2.524043E+02
2.524043E+02
2.524043E+02
2.524043E+02
2.524043E+02
2.524043E+02
3.055001E+02
2.524043E+02
2.524043E+02
2.524043E+02
2.524043E+02
2.058937E+02
2.524043E+02
2.524043E+02
2.524043E+02
2.524043E+02
2.524043E+02
2.524043E+02
2.524043E+02
2.524043E+02
2.524043E+02
2.524043E+02
2.524043E+02
2.524043E+02
2.524043E+02
2.524043E+02
2.524043E+02
2.524043E+02
9.879548E+01
9.879548E+01
9.879548E+01
9.879548E+01
9.879548E+01
9.879548E+01
9.879548E+01
9.879548E+01
9.879548E+01
9.879548E+01
9.879548E+01
9.879548E+01
9.879548E+01
9.879548E+01
9.879548E+01
9.879548E+01
9.879548E+01
9.879548E+01
9.879548E+01
9.879548E+01
9.879548E+01
9.879548E+01
1.518913E+02
9.879548E+01
9.879548E+01
9.879548E+01
9.879548E+01
5.228484E+01
9.879548E+01
9.879548E+01
9.879548E+01
9.879548E+01
9.879548E+01
9.879548E+01
9.879548E+01
9.879548E+01
9.879548E+01
9.879548E+01
9.879548E+01
9.879548E+01
9.879548E+01
9.879548E+01
9.879548E+01
9.879548E+01
3.057691E+02
3.057691E+02
3.057691E+02
3.057691E+02
3.057691E+02
3.057691E+02
3.057691E+02
3.057691E+02
3.057691E+02
3.057691E+02
3.057691E+02
3.057691E+02
3.057691E+02
3.057691E+02
3.057691E+02
3.057691E+02
3.057691E+02
3.057691E+02
3.057691E+02
3.057691E+02
3.057691E+02
3.057691E+02
3.588649E+02
3.057691E+02
3.057691E+02
3.057691E+02
3.057691E+02
2.592585E+02
3.057691E+02
3.057691E+02
3.057691E+02
3.057691E+02
3.057691E+02
3.057691E+02
3.057691E+02
3.057691E+02
3.057691E+02
3.057691E+02
3.057691E+02
3.057691E+02
3.057691E+02
3.057691E+02
3.057691E+02
3.057691E+02
5.503870E+02
5.503870E+02
5.503870E+02
5.503870E+02
5.503870E+02
5.503870E+02
5.503870E+02
5.503870E+02
5.503870E+02
5.503870E+02
5.503870E+02
5.503870E+02
5.503870E+02
5.503870E+02
5.503870E+02
5.503870E+02
5.503870E+02
5.503870E+02
5.503870E+02
5.503870E+02
5.503870E+02
5.503870E+02
6.034828E+02
5.503870E+02
5.503870E+02
5.503870E+02
5.503870E+02
5.038764E+02
5.503870E+02
5.503870E+02
5.503870E+02
5.503870E+02
5.503870E+02
5.503870E+02
5.503870E+02
5.503870E+02
5.503870E+02
5.503870E+02
5.503870E+02
5.503870E+02
5.503870E+02
5.503870E+02
5.503870E+02
5.503870E+02
9.762541E+01
9.762541E+01
9.762541E+01
9.762541E+01
9.762541E+01
9.762541E+01
9.762541E+01
9.762541E+01
9.762541E+01
9.762541E+01
9.762541E+01
9.762541E+01
9.762541E+01
9.762541E+01
9.762541E+01
9.762541E+01
9.762541E+01
9.762541E+01
9.762541E+01
9.762541E+01
9.762541E+01
9.762541E+01
1.507212E+02
9.762541E+01
9.762541E+01
9.762541E+01
9.762541E+01
5.111477E+01
9.762541E+01
9.762541E+01
9.762541E+01
9.762541E+01
9.762541E+01
9.762541E+01
9.762541E+01
9.762541E+01
9.762541E+01
9.762541E+01
9.762541E+01
9.762541E+01
9.762541E+01
9.762541E+01
9.762541E+01
9.762541E+01
2.533800E+02
2.533800E+02
2.533800E+02
2.533800E+02
2.533800E+02
2.533800E+02
2.533800E+02
2.533800E+02
2.533800E+02
2.533800E+02
2.533800E+02
2.533800E+02
2.533800E+02
2.533800E+02
2.533800E+02
2.533800E+02
2.533800E+02
2.533800E+02
2.533800E+02
2.533800E+02
2.533800E+02
2.533800E+02
3.064758E+02
2.533800E+02
2.533800E+02
2.533800E+02
2.533800E+02
2.068694E+02
2.533800E+02
2.533800E+02
2.533800E+02
2.533800E+02
2.533800E+02
2.533800E+02
2.533800E+02
2.533800E+02
2.533800E+02
2.533800E+02
2.533800E+02
2.533800E+02
2.533800E+02
2.533800E+02
2.533800E+02
2.533800E+02
6.724107E+02
6.724107E+02
6.724107E+02
6.724107E+02
6.724107E+02
6.724107E+02
6.724107E+02
6.724107E+02
6.724107E+02
6.724107E+02
6.724107E+02
6.724107E+02
6.724107E+02
6.724107E+02
6.724107E+02
6.724107E+02
6.724107E+02
6.724107E+02
6.724107E+02
6.724107E+02
6.724107E+02
6.724107E+02
7.255065E+02
6.724107E+02
6.724107E+02
6.724107E+02
6.724107E+02
6.259001E+02
6.724107E+02
6.724107E+02
6.724107E+02
6.724107E+02
6.724107E+02
6.724107E+02
6.724107E+02
6.724107E+02
6.724107E+02
6.724107E+02
6.724107E+02
6.724107E+02
6.724107E+02
6.724107E+02
6.724107E+02
6.724107E+02
9.960641E+01
9.960641E+01
9.960641E+01
9.960641E+01
9.960641E+01
9.960641E+01
9.960641E+01
9.960641E+01
9.960641E+01
9.960641E+01
9.960641E+01
9.960641E+01
9.960641E+01
9.960641E+01
9.960641E+01
9.960641E+01
9.960641E+01
9.960641E+01
9.960641E+01
9.960641E+01
9.960641E+01
9.960641E+01
1.527022E+02
9.960641E+01
9.960641E+01
9.960641E+01
9.960641E+01
5.309577E+01
9.960641E+01
9.960641E+01
9.960641E+01
9.960641E+01
9.960641E+01
9.960641E+01
9.960641E+01
9.960641E+01
9.960641E+01
9.960641E+01
9.960641E+01
9.960641E+01
9.960641E+01
9.960641E+01
9.960641E+01
9.960641E+01
3.519706E+02
3.519706E+02
3.519706E+02
3.519706E+02
3.519706E+02
3.519706E+02
3.519706E+02
3.519706E+02
3.519706E+02
3.519706E+02
3.519706E+02
3.519706E+02
3.519706E+02
3.519706E+02
3.519706E+02
3.519706E+02
3.519706E+02
3.519706E+02
3.519706E+02
3.519706E+02
3.519706E+02
3.519706E+02
4.050664E+02
3.519706E+02
3.519706E+02
3.519706E+02
3.519706E+02
3.054600E+02
3.519706E+02
3.519706E+02
3.519706E+02
3.519706E+02
3.519706E+02
3.519706E+02
3.519706E+02
3.519706E+02
3.519706E+02
3.519706E+02
3.519706E+02
3.519706E+02
3.519706E+02
3.519706E+02
3.519706E+02
3.519706E+02
4.083488E+02
4.083488E+02
4.083488E+02
4.083488E+02
4.083488E+02
4.083488E+02
4.083488E+02
4.083488E+02
4.083488E+02
4.083488E+02
4.083488E+02
4.083488E+02
4.083488E+02
4.083488E+02
4.083488E+02
4.083488E+02
4.083488E+02
4.083488E+02
4.083488E+02
4.083488E+02
4.083488E+02
4.083488E+02
4.614446E+02
4.083488E+02
4.083488E+02
4.083488E+02
4.083488E+02
3.618382E+02
4.083488E+02
4.083488E+02
4.083488E+02
4.083488E+02
4.083488E+02
4.083488E+02
4.083488E+02
4.083488E+02
4.083488E+02
4.083488E+02
4.083488E+02
4.083488E+02
4.083488E+02
4.083488E+02
4.083488E+02
4.083488E+02
1.502818E+02
1.502818E+02
1.502818E+02
1.502818E+02
1.502818E+02
1.502818E+02
1.502818E+02
1.502818E+02
1.502818E+02
1.502818E+02
1.502818E+02
1.502818E+02
1.502818E+02
1.502818E+02
1.502818E+02
1.502818E+02
1.502818E+02
1.502818E+02
1.502818E+02
1.502818E+02
1.502818E+02
1.502818E+02
2.033776E+02
1.502818E+02
1.502818E+02
1.502818E+02
1.502818E+02
1.037712E+02
1.502818E+02
1.502818E+02
1.502818E+02
1.502818E+02
1.502818E+02
1.502818E+02
1.502818E+02
1.502818E+02
1.502818E+02
1.502818E+02
1.502818E+02
1.502818E+02
1.502818E+02
1.502818E+02
1.502818E+02
1.502818E+02
9.960641E+01
9.960641E+01
9.960641E+01
9.960641E+01
9.960641E+01
9.960641E+01
9.960641E+01
9.960641E+01
9.960641E+01
9.960641E+01
9.960641E+01
9.960641E+01
9.960641E+01
9.960641E+01
9.960641E+01
9.960641E+01
9.960641E+01
9.960641E+01
9.960641E+01
9.960641E+01
9.960641E+01
9.960641E+01
1.527022E+02
9.960641E+01
9.960641E+01
9.960641E+01
9.960641E+01
5.309577E+01
9.960641E+01
9.960641E+01
9.960641E+01
9.960641E+01
9.960641E+01
9.960641E+01
9.960641E+01
9.960641E+01
9.960641E+01
9.960641E+01
9.960641E+01
9.960641E+01
9.960641E+01
9.960641E+01
9.960641E+01
9.960641E+01
2.041761E+02
2.041761E+02
2.041761E+02
2.041761E+02
2.041761E+02
2.041761E+02
2.041761E+02
2.041761E+02
2.041761E+02
2.041761E+02
2.041761E+02
2.041761E+02
2.041761E+02
2.041761E+02
2.041761E+02
2.041761E+02
2.041761E+02
2.041761E+02
2.041761E+02
2.041761E+02
2.041761E+02
2.041761E+02
2.572719E+02
2.041761E+02
2.041761E+02
2.041761E+02
2.041761E+02
1.576655E+02
2.041761E+02
2.041761E+02
2.041761E+02
2.041761E+02
2.041761E+02
2.041761E+02
2.041761E+02
2.041761E+02
2.041761E+02
2.041761E+02
2.041761E+02
2.041761E+02
2.041761E+02
2.041761E+02
2.041761E+02
2.041761E+02
9.790166E+01
9.790166E+01
9.790166E+01
9.790166E+01
9.790166E+01
9.790166E+01
9.790166E+01
9.790166E+01
9.790166E+01
9.790166E+01
9.790166E+01
9.790166E+01
9.790166E+01
9.790166E+01
9.790166E+01
9.790166E+01
9.790166E+01
9.790166E+01
9.790166E+01
9.790166E+01
9.790166E+01
9.790166E+01
1.509974E+02
9.790166E+01
9.790166E+01
9.790166E+01
9.790166E+01
5.139102E+01
9.790166E+01
9.790166E+01
9.790166E+01
9.790166E+01
9.790166E+01
9.790166E+01
9.790166E+01
9.790166E+01
9.790166E+01
9.790166E+01
9.790166E+01
9.790166E+01
9.790166E+01
9.790166E+01
9.790166E+01
9.790166E+01
9.716406E+01
9.716406E+01
9.716406E+01
9.716406E+01
9.716406E+01
9.716406E+01
9.716406E+01
9.716406E+01
9.716406E+01
9.716406E+01
9.716406E+01
9.716406E+01
9.716406E+01
9.716406E+01
9.716406E+01
9.716406E+01
9.716406E+01
9.716406E+01
9.716406E+01
9.716406E+01
9.716406E+01
9.716406E+01
1.502598E+02
9.716406E+01
9.716406E+01
9.716406E+01
9.716406E+01
5.065343E+01
9.716406E+01
9.716406E+01
9.716406E+01
9.716406E+01
9.716406E+01
9.716406E+01
9.716406E+01
9.716406E+01
9.716406E+01
9.716406E+01
9.716406E+01
9.716406E+01
9.716406E+01
9.716406E+01
9.716406E+01
9.716406E+01
4.651064E+01
4.651064E+01
4.651064E+01
4.651064E+01
4.651064E+01
4.651064E+01
4.651064E+01
4.651064E+01
4.651064E+01
4.651064E+01
4.651064E+01
4.651064E+01
4.651064E+01
4.651064E+01
4.651064E+01
4.651064E+01
4.651064E+01
4.651064E+01
4.651064E+01
4.651064E+01
4.651064E+01
4.651064E+01
9.960641E+01
4.651064E+01
4.651064E+01
4.651064E+01
4.651064E+01
0.000000E+00
4.651064E+01
4.651064E+01
4.651064E+01
4.651064E+01
4.651064E+01
4.651064E+01
4.651064E+01
4.651064E+01
4.651064E+01
4.651064E+01
4.651064E+01
4.651064E+01
4.651064E+01
4.651064E+01
4.651064E+01
4.651064E+01
7.203974E+02
7.203974E+02
7.203974E+02
7.203974E+02
7.203974E+02
7.203974E+02
7.203974E+02
7.203974E+02
7.203974E+02
7.203974E+02
7.203974E+02
7.203974E+02
7.203974E+02
7.203974E+02
7.203974E+02
7.203974E+02
7.203974E+02
7.203974E+02
7.203974E+02
7.203974E+02
7.203974E+02
7.203974E+02
7.734932E+02
7.203974E+02
7.203974E+02
7.203974E+02
7.203974E+02
6.738868E+02
7.203974E+02
7.203974E+02
7.203974E+02
7.203974E+02
7.203974E+02
7.203974E+02
7.203974E+02
7.203974E+02
7.203974E+02
7.203974E+02
7.203974E+02
7.203974E+02
7.203974E+02
7.203974E+02
7.203974E+02
7.203974E+02
2.556792E+02
2.556792E+02
2.556792E+02
2.556792E+02
2.556792E+02
2.556792E+02
2.556792E+02
2.556792E+02
2.556792E+02
2.556792E+02
2.556792E+02
2.556792E+02
2.556792E+02
2.556792E+02
2.556792E+02
2.556792E+02
2.556792E+02
2.556792E+02
2.556792E+02
2.556792E+02
2.556792E+02
2.556792E+02
3.087750E+02
2.556792E+02
2.556792E+02
2.556792E+02
2.556792E+02
2.091686E+02
2.556792E+02
2.556792E+02
2.556792E+02
2.556792E+02
2.556792E+02
2.556792E+02
2.556792E+02
2.556792E+02
2.556792E+02
2.556792E+02
2.556792E+02
2.556792E+02
2.556792E+02
2.556792E+02
2.556792E+02
2.556792E+02
2.518029E+02
2.518029E+02
2.518029E+02
2.518029E+02
2.518029E+02
2.518029E+02
2.518029E+02
2.518029E+02
2.518029E+02
2.518029E+02
2.518029E+02
2.518029E+02
2.518029E+02
2.518029E+02
2.518029E+02
2.518029E+02
2.518029E+02
2.518029E+02
2.518029E+02
2.518029E+02
2.518029E+02
2.518029E+02
3.048986E+02
2.518029E+02
2.518029E+02
2.518029E+02
2.518029E+02
2.052922E+02
2.518029E+02
2.518029E+02
2.518029E+02
2.518029E+02
2.518029E+02
2.518029E+02
2.518029E+02
2.518029E+02
2.518029E+02
2.518029E+02
2.518029E+02
2.518029E+02
2.518029E+02
2.518029E+02
2.518029E+02
2.518029E+02
4.604850E+02
4.604850E+02
4.604850E+02
4.604850E+02
4.604850E+02
4.604850E+02
4.604850E+02
4.604850E+02
4.604850E+02
4.604850E+02
4.604850E+02
4.604850E+02
4.604850E+02
4.604850E+02
4.604850E+02
4.604850E+02
4.604850E+02
4.604850E+02
4.604850E+02
4.604850E+02
4.604850E+02
4.604850E+02
5.135807E+02
4.604850E+02
4.604850E+02
4.604850E+02
4.604850E+02
4.139743E+02
4.604850E+02
4.604850E+02
4.604850E+02
4.604850E+02
4.604850E+02
4.604850E+02
4.604850E+02
4.604850E+02
4.604850E+02
4.604850E+02
4.604850E+02
4.604850E+02
4.604850E+02
4.604850E+02
4.604850E+02
4.604850E+02
2.042631E+02
2.042631E+02
2.042631E+02
2.042631E+02
2.042631E+02
2.042631E+02
2.042631E+02
2.042631E+02
2.042631E+02
2.042631E+02
2.042631E+02
2.042631E+02
2.042631E+02
2.042631E+02
2.042631E+02
2.042631E+02
2.042631E+02
2.042631E+02
2.042631E+02
2.042631E+02
2.042631E+02
2.042631E+02
2.573589E+02
2.042631E+02
2.042631E+02
2.042631E+02
2.042631E+02
1.577525E+02
2.042631E+02
2.042631E+02
2.042631E+02
2.042631E+02
2.042631E+02
2.042631E+02
2.042631E+02
2.042631E+02
2.042631E+02
2.042631E+02
2.042631E+02
2.042631E+02
2.042631E+02
2.042631E+02
2.042631E+02
2.042631E+02
1.494110E+02
1.494110E+02
1.494110E+02
1.494110E+02
1.494110E+02
1.494110E+02
1.494110E+02
1.494110E+02
1.494110E+02
1.494110E+02
1.494110E+02
1.494110E+02
1.494110E+02
1.494110E+02
1.494110E+02
1.494110E+02
1.494110E+02
1.494110E+02
1.494110E+02
1.494110E+02
1.494110E+02
1.494110E+02
2.025068E+02
1.494110E+02
1.494110E+02
1.494110E+02
1.494110E+02
1.029003E+02
1.494110E+02
1.494110E+02
1.494110E+02
1.494110E+02
1.494110E+02
1.494110E+02
1.494110E+02
1.494110E+02
1.494110E+02
1.494110E+02
1.494110E+02
1.494110E+02
1.494110E+02
1.494110E+02
1.494110E+02
1.494110E+02
1.518112E+02
1.518112E+02
1.518112E+02
1.518112E+02
1.518112E+02
1.518112E+02
1.518112E+02
1.518112E+02
1.518112E+02
1.518112E+02
1.518112E+02
1.518112E+02
1.518112E+02
1.518112E+02
1.518112E+02
1.518112E+02
1.518112E+02
1.518112E+02
1.518112E+02
1.518112E+02
1.518112E+02
1.518112E+02
2.049070E+02
1.518112E+02
1.518112E+02
1.518112E+02
1.518112E+02
1.053006E+02
1.518112E+02
1.518112E+02
1.518112E+02
1.518112E+02
1.518112E+02
1.518112E+02
1.518112E+02
1.518112E+02
1.518112E+02
1.518112E+02
1.518112E+02
1.518112E+02
1.518112E+02
1.518112E+02
1.518112E+02
1.518112E+02
4.651064E+01
4.651064E+01
4.651064E+01
4.651064E+01
4.651064E+01
4.651064E+01
4.651064E+01
4.651064E+01
4.651064E+01
4.651064E+01
4.651064E+01
4.651064E+01
4.651064E+01
4.651064E+01
4.651064E+01
4.651064E+01
4.651064E+01
4.651064E+01
4.651064E+01
4.651064E+01
4.651064E+01
4.651064E+01
9.960641E+01
4.651064E+01
4.651064E+01
4.651064E+01
4.651064E+01
0.000000E+00
4.651064E+01
4.651064E+01
4.651064E+01
4.651064E+01
4.651064E+01
4.651064E+01
4.651064E+01
4.651064E+01
4.651064E+01
4.651064E+01
4.651064E+01
4.651064E+01
4.651064E+01
4.651064E+01
4.651064E+01
4.651064E+01
4.593885E+02
4.593885E+02
4.593885E+02
4.593885E+02
4.593885E+02
4.593885E+02
4.593885E+02
4.593885E+02
4.593885E+02
4.593885E+02
4.593885E+02
4.593885E+02
4.593885E+02
4.593885E+02
4.593885E+02
4.593885E+02
4.593885E+02
4.593885E+02
4.593885E+02
4.593885E+02
4.593885E+02
4.593885E+02
5.124843E+02
4.593885E+02
4.593885E+02
4.593885E+02
4.593885E+02
4.128779E+02
4.593885E+02
4.593885E+02
4.593885E+02
4.593885E+02
4.593885E+02
4.593885E+02
4.593885E+02
4.593885E+02
4.593885E+02
4.593885E+02
4.593885E+02
4.593885E+02
4.593885E+02
4.593885E+02
4.593885E+02
4.593885E+02
9.810233E+01
9.810233E+01
9.810233E+01
9.810233E+01
9.810233E+01
9.810233E+01
9.810233E+01
9.810233E+01
9.810233E+01
9.810233E+01
9.810233E+01
9.810233E+01
9.810233E+01
9.810233E+01
9.810233E+01
9.810233E+01
9.810233E+01
9.810233E+01
9.810233E+01
9.810233E+01
9.810233E+01
9.810233E+01
1.511981E+02
9.810233E+01
9.810233E+01
9.810233E+01
9.810233E+01
5.159170E+01
9.810233E+01
9.810233E+01
9.810233E+01
9.810233E+01
9.810233E+01
9.810233E+01
9.810233E+01
9.810233E+01
9.810233E+01
9.810233E+01
9.810233E+01
9.810233E+01
9.810233E+01
9.810233E+01
9.810233E+01
9.810233E+01
9.718604E+01
9.718604E+01
9.718604E+01
9.718604E+01
9.718604E+01
9.718604E+01
9.718604E+01
9.718604E+01
9.718604E+01
9.718604E+01
9.718604E+01
9.718604E+01
9.718604E+01
9.718604E+01
9.718604E+01
9.718604E+01
9.718604E+01
9.718604E+01
9.718604E+01
9.718604E+01
9.718604E+01
9.718604E+01
1.502818E+02
9.718604E+01
9.718604E+01
9.718604E+01
9.718604E+01
5.067540E+01
9.718604E+01
9.718604E+01
9.718604E+01
9.718604E+01
9.718604E+01
9.718604E+01
9.718604E+01
9.718604E+01
9.718604E+01
9.718604E+01
9.718604E+01
9.718604E+01
9.718604E+01
9.718604E+01
9.718604E+01
9.718604E+01
2.056802E+02
2.056802E+02
2.056802E+02
2.056802E+02
2.056802E+02
2.056802E+02
2.056802E+02
2.056802E+02
2.056802E+02
2.056802E+02
2.056802E+02
2.056802E+02
2.056802E+02
2.056802E+02
2.056802E+02
2.056802E+02
2.056802E+02
2.056802E+02
2.056802E+02
2.056802E+02
2.056802E+02
2.056802E+02
2.587759E+02
2.056802E+02
2.056802E+02
2.056802E+02
2.056802E+02
1.591695E+02
2.056802E+02
2.056802E+02
2.056802E+02
2.056802E+02
2.056802E+02
2.056802E+02
2.056802E+02
2.056802E+02
2.056802E+02
2.056802E+02
2.056802E+02
2.056802E+02
2.056802E+02
2.056802E+02
2.056802E+02
2.056802E+02
2.514235E+02
2.514235E+02
2.514235E+02
2.514235E+02
2.514235E+02
2.514235E+02
2.514235E+02
2.514235E+02
2.514235E+02
2.514235E+02
2.514235E+02
2.514235E+02
2.514235E+02
2.514235E+02
2.514235E+02
2.514235E+02
2.514235E+02
2.514235E+02
2.514235E+02
2.514235E+02
2.514235E+02
2.514235E+02
3.045193E+02
2.514235E+02
2.514235E+02
2.514235E+02
2.514235E+02
2.049129E+02
2.514235E+02
2.514235E+02
2.514235E+02
2.514235E+02
2.514235E+02
2.514235E+02
2.514235E+02
2.514235E+02
2.514235E+02
2.514235E+02
2.514235E+02
2.514235E+02
2.514235E+02
2.514235E+02
2.514235E+02
2.514235E+02
9.920094E+01
9.920094E+01
9.920094E+01
9.920094E+01
9.920094E+01
9.920094E+01
9.920094E+01
9.920094E+01
9.920094E+01
9.920094E+01
9.920094E+01
9.920094E+01
9.920094E+01
9.920094E+01
9.920094E+01
9.920094E+01
9.920094E+01
9.920094E+01
9.920094E+01
9.920094E+01
9.920094E+01
9.920094E+01
1.522967E+02
9.920094E+01
9.920094E+01
9.920094E+01
9.920094E+01
5.269031E+01
9.920094E+01
9.920094E+01
9.920094E+01
9.920094E+01
9.920094E+01
9.920094E+01
9.920094E+01
9.920094E+01
9.920094E+01
9.920094E+01
9.920094E+01
9.920094E+01
9.920094E+01
9.920094E+01
9.920094E+01
9.920094E+01
2.546398E+02
2.546398E+02
2.546398E+02
2.546398E+02
2.546398E+02
2.546398E+02
2.546398E+02
2.546398E+02
2.546398E+02
2.546398E+02
2.546398E+02
2.546398E+02
2.546398E+02
2.546398E+02
2.546398E+02
2.546398E+02
2.546398E+02
2.546398E+02
2.546398E+02
2.546398E+02
2.546398E+02
2.546398E+02
3.077356E+02
2.546398E+02
2.546398E+02
2.546398E+02
2.546398E+02
2.081291E+02
2.546398E+02
2.546398E+02
2.546398E+02
2.546398E+02
2.546398E+02
2.546398E+02
2.546398E+02
2.546398E+02
2.546398E+02
2.546398E+02
2.546398E+02
2.546398E+02
2.546398E+02
2.546398E+02
2.546398E+02
2.546398E+02
4.157074E+02
4.157074E+02
4.157074E+02
4.157074E+02
4.157074E+02
4.157074E+02
4.157074E+02
4.157074E+02
4.157074E+02
4.157074E+02
4.157074E+02
4.157074E+02
4.157074E+02
4.157074E+02
4.157074E+02
4.157074E+02
4.157074E+02
4.157074E+02
4.157074E+02
4.157074E+02
4.157074E+02
4.157074E+02
4.688032E+02
4.157074E+02
4.157074E+02
4.157074E+02
4.157074E+02
3.691968E+02
4.157074E+02
4.157074E+02
4.157074E+02
4.157074E+02
4.157074E+02
4.157074E+02
4.157074E+02
4.157074E+02
4.157074E+02
4.157074E+02
4.157074E+02
4.157074E+02
4.157074E+02
4.157074E+02
4.157074E+02
4.157074E+02
4.037818E+02
4.037818E+02
4.037818E+02
4.037818E+02
4.037818E+02
4.037818E+02
4.037818E+02
4.037818E+02
4.037818E+02
4.037818E+02
4.037818E+02
4.037818E+02
4.037818E+02
4.037818E+02
4.037818E+02
4.037818E+02
4.037818E+02
4.037818E+02
4.037818E+02
4.037818E+02
4.037818E+02
4.037818E+02
4.568775E+02
4.037818E+02
4.037818E+02
4.037818E+02
4.037818E+02
3.572711E+02
4.037818E+02
4.037818E+02
4.037818E+02
4.037818E+02
4.037818E+02
4.037818E+02
4.037818E+02
4.037818E+02
4.037818E+02
4.037818E+02
4.037818E+02
4.037818E+02
4.037818E+02
4.037818E+02
4.037818E+02
4.037818E+02
2.567123E+02
2.567123E+02
2.567123E+02
2.567123E+02
2.567123E+02
2.567123E+02
2.567123E+02
2.567123E+02
2.567123E+02
2.567123E+02
2.567123E+02
2.567123E+02
2.567123E+02
2.567123E+02
2.567123E+02
2.567123E+02
2.567123E+02
2.567123E+02
2.567123E+02
2.567123E+02
2.567123E+02
2.567123E+02
3.098080E+02
2.567123E+02
2.567123E+02
2.567123E+02
2.567123E+02
2.102016E+02
2.567123E+02
2.567123E+02
2.567123E+02
2.567123E+02
2.567123E+02
2.567123E+02
2.567123E+02
2.567123E+02
2.567123E+02
2.567123E+02
2.567123E+02
2.567123E+02
2.567123E+02
2.567123E+02
2.567123E+02
2.567123E+02
4.651064E+01
4.651064E+01
4.651064E+01
4.651064E+01
4.651064E+01
4.651064E+01
4.651064E+01
4.651064E+01
4.651064E+01
4.651064E+01
4.651064E+01
4.651064E+01
4.651064E+01
4.651064E+01
4.651064E+01
4.651064E+01
4.651064E+01
4.651064E+01
4.651064E+01
4.651064E+01
4.651064E+01
4.651064E+01
9.960641E+01
4.651064E+01
4.651064E+01
4.651064E+01
4.651064E+01
0.000000E+00
4.651064E+01
4.651064E+01
4.651064E+01
4.651064E+01
4.651064E+01
4.651064E+01
4.651064E+01
4.651064E+01
4.651064E+01
4.651064E+01
4.651064E+01
4.651064E+01
4.651064E+01
4.651064E+01
4.651064E+01
4.651064E+01
2.009385E+02
2.009385E+02
2.009385E+02
2.009385E+02
2.009385E+02
2.009385E+02
2.009385E+02
2.009385E+02
2.009385E+02
2.009385E+02
2.009385E+02
2.009385E+02
2.009385E+02
2.009385E+02
2.009385E+02
2.009385E+02
2.009385E+02
2.009385E+02
2.009385E+02
2.009385E+02
2.009385E+02
2.009385E+02
2.540343E+02
2.009385E+02
2.009385E+02
2.009385E+02
2.009385E+02
1.544279E+02
2.009385E+02
2.009385E+02
2.009385E+02
2.009385E+02
2.009385E+02
2.009385E+02
2.009385E+02
2.009385E+02
2.009385E+02
2.009385E+02
2.009385E+02
2.009385E+02
2.009385E+02
2.009385E+02
2.009385E+02
2.009385E+02
2.534170E+02
2.534170E+02
2.534170E+02
2.534170E+02
2.534170E+02
2.534170E+02
2.534170E+02
2.534170E+02
2.534170E+02
2.534170E+02
2.534170E+02
2.534170E+02
2.534170E+02
2.534170E+02
2.534170E+02
2.534170E+02
2.534170E+02
2.534170E+02
2.534170E+02
2.534170E+02
2.534170E+02
2.534170E+02
3.065128E+02
2.534170E+02
2.534170E+02
2.534170E+02
2.534170E+02
2.069064E+02
2.534170E+02
2.534170E+02
2.534170E+02
2.534170E+02
2.534170E+02
2.534170E+02
2.534170E+02
2.534170E+02
2.534170E+02
2.534170E+02
2.534170E+02
2.534170E+02
2.534170E+02
2.534170E+02
2.534170E+02
2.534170E+02
9.712150E+01
9.712150E+01
9.712150E+01
9.712150E+01
9.712150E+01
9.712150E+01
9.712150E+01
9.712150E+01
9.712150E+01
9.712150E+01
9.712150E+01
9.712150E+01
9.712150E+01
9.712150E+01
9.712150E+01
9.712150E+01
9.712150E+01
9.712150E+01
9.712150E+01
9.712150E+01
9.712150E+01
9.712150E+01
1.502173E+02
9.712150E+01
9.712150E+01
9.712150E+01
9.712150E+01
5.061087E+01
9.712150E+01
9.712150E+01
9.712150E+01
9.712150E+01
9.712150E+01
9.712150E+01
9.712150E+01
9.712150E+01
9.712150E+01
9.712150E+01
9.712150E+01
9.712150E+01
9.712150E+01
9.712150E+01
9.712150E+01
9.712150E+01
2.542460E+02
2.542460E+02
2.542460E+02
2.542460E+02
2.542460E+02
2.542460E+02
2.542460E+02
2.542460E+02
2.542460E+02
2.542460E+02
2.542460E+02
2.542460E+02
2.542460E+02
2.542460E+02
2.542460E+02
2.542460E+02
2.542460E+02
2.542460E+02
2.542460E+02
2.542460E+02
2.542460E+02
2.542460E+02
3.073418E+02
2.542460E+02
2.542460E+02
2.542460E+02
2.542460E+02
2.077354E+02
2.542460E+02
2.542460E+02
2.542460E+02
2.542460E+02
2.542460E+02
2.542460E+02
2.542460E+02
2.542460E+02
2.542460E+02
2.542460E+02
2.542460E+02
2.542460E+02
2.542460E+02
2.542460E+02
2.542460E+02
2.542460E+02
1.524302E+02
1.524302E+02
1.524302E+02
1.524302E+02
1.524302E+02
1.524302E+02
1.524302E+02
1.524302E+02
1.524302E+02
1.524302E+02
1.524302E+02
1.524302E+02
1.524302E+02
1.524302E+02
1.524302E+02
1.524302E+02
1.524302E+02
1.524302E+02
1.524302E+02
1.524302E+02
1.524302E+02
1.524302E+02
2.055260E+02
1.524302E+02
1.524302E+02
1.524302E+02
1.524302E+02
1.059196E+02
1.524302E+02
1.524302E+02
1.524302E+02
1.524302E+02
1.524302E+02
1.524302E+02
1.524302E+02
1.524302E+02
1.524302E+02
1.524302E+02
1.524302E+02
1.524302E+02
1.524302E+02
1.524302E+02
1.524302E+02
1.524302E+02
2.579650E+02
2.579650E+02
2.579650E+02
2.579650E+02
2.579650E+02
2.579650E+02
2.579650E+02
2.579650E+02
2.579650E+02
2.579650E+02
2.579650E+02
2.579650E+02
2.579650E+02
2.579650E+02
2.579650E+02
2.579650E+02
2.579650E+02
2.579650E+02
2.579650E+02
2.579650E+02
2.579650E+02
2.579650E+02
3.110608E+02
2.579650E+02
2.579650E+02
2.579650E+02
2.579650E+02
2.114544E+02
2.579650E+02
2.579650E+02
2.579650E+02
2.579650E+02
2.579650E+02
2.579650E+02
2.579650E+02
2.579650E+02
2.579650E+02
2.579650E+02
2.579650E+02
2.579650E+02
2.579650E+02
2.579650E+02
2.579650E+02
2.579650E+02
4.104925E+02
4.104925E+02
4.104925E+02
4.104925E+02
4.104925E+02
4.104925E+02
4.104925E+02
4.104925E+02
4.104925E+02
4.104925E+02
4.104925E+02
4.104925E+02
4.104925E+02
4.104925E+02
4.104925E+02
4.104925E+02
4.104925E+02
4.104925E+02
4.104925E+02
4.104925E+02
4.104925E+02
4.104925E+02
4.635883E+02
4.104925E+02
4.104925E+02
4.104925E+02
4.104925E+02
3.639819E+02
4.104925E+02
4.104925E+02
4.104925E+02
4.104925E+02
4.104925E+02
4.104925E+02
4.104925E+02
4.104925E+02
4.104925E+02
4.104925E+02
4.104925E+02
4.104925E+02
4.104925E+02
4.104925E+02
4.104925E+02
4.104925E+02
