2.566517E+02
4.660255E+02
2.041113E+02
5.604288E+02
4.591883E+02
3.078117E+02
2.546777E+02
5.202791E+02
1.514699E+02
2.025245E+02
4.647480E+02
7.321817E+02
4.667324E+02
1.573350E+02
2.587494E+02
2.050094E+02
5.194730E+02
4.661651E+02
2.542722E+02
3.050013E+02
2.039108E+02
3.615712E+02
3.092749E+02
2.566517E+02
3.107302E+02
2.052099E+02
2.042937E+02
2.049868E+02
2.568341E+02
5.733618E+02
1.514699E+02
3.618546E+02
2.590371E+02
2.052099E+02
2.566517E+02
2.041983E+02
3.043685E+02
4.607596E+02
4.090358E+02
6.703044E+02
2.036231E+02
3.084177E+02
5.707116E+02
3.630375E+02
1.514699E+02
4.153912E+02
4.599443E+02
3.080993E+02
2.054976E+02
2.041983E+02
2.559839E+02
4.143026E+02
3.059145E+02
3.122889E+02
3.092749E+02
3.632888E+02
2.054976E+02
1.514699E+02
3.212368E+02
3.102666E+02
2.052099E+02
6.189429E+02
3.111903E+02
2.585263E+02
1.514699E+02
6.701788E+02
2.047217E+02
4.097097E+02
1.514699E+02
1.514699E+02
2.580563E+02
3.099035E+02
3.091980E+02
3.588631E+02
2.566700E+02
4.660645E+02
5.635997E+02
2.557763E+02
3.101686E+02
1.519582E+02
4.145003E+02
2.044986E+02
3.589325E+02
5.604031E+02
3.078241E+02
0.000000E+00
4.197373E+02
2.517857E+02
6.081032E+02
4.129001E+02
2.615235E+02
2.083895E+02
4.614500E+02
1.051818E+02
1.562364E+02
5.124224E+02
7.798561E+02
4.204443E+02
2.050094E+02
3.064238E+02
1.587213E+02
5.671474E+02
5.138395E+02
2.079841E+02
2.587132E+02
1.576227E+02
3.152831E+02
2.629868E+02
2.103636E+02
2.644421E+02
2.528844E+02
2.519681E+02
2.526612E+02
2.105459E+02
6.210362E+02
1.051818E+02
3.155665E+02
3.067115E+02
1.463808E+02
1.065036E+02
2.518728E+02
4.591219E+02
5.084340E+02
3.627477E+02
6.240163E+02
1.573350E+02
3.560921E+02
5.244235E+02
3.167494E+02
1.051818E+02
4.630657E+02
5.076188E+02
2.618112E+02
2.531720E+02
2.518728E+02
2.096958E+02
3.680145E+02
2.596264E+02
3.599633E+02
2.629868E+02
3.170007E+02
2.531720E+02
1.051818E+02
4.708096E+02
3.579410E+02
2.528844E+02
5.726548E+02
3.588647E+02
3.062007E+02
1.051818E+02
7.178532E+02
1.584336E+02
3.634216E+02
1.051818E+02
1.051818E+02
3.057307E+02
2.636154E+02
2.629098E+02
3.125750E+02
3.043444E+02
5.137390E+02
5.173116E+02
2.094882E+02
3.578430E+02
1.996326E+02
4.621747E+02
1.582105E+02
4.066069E+02
5.141150E+02
2.615360E+02
4.197373E+02
0.000000E+00
4.611595E+02
7.133307E+02
6.222739E+02
3.695991E+02
4.177633E+02
6.743221E+02
3.145555E+02
3.656101E+02
7.217961E+02
9.892298E+02
6.298180E+02
4.143831E+02
5.157975E+02
3.680950E+02
6.723748E+02
7.232132E+02
3.160596E+02
4.680869E+02
3.669964E+02
4.205105E+02
4.723605E+02
4.197373E+02
4.738158E+02
4.622581E+02
4.613418E+02
4.620349E+02
4.199197E+02
7.262637E+02
3.145555E+02
5.249402E+02
5.160852E+02
4.622581E+02
4.197373E+02
4.612465E+02
6.684956E+02
6.136615E+02
5.721214E+02
8.333900E+02
3.667087E+02
5.654658E+02
7.337972E+02
5.261231E+02
3.145555E+02
6.724394E+02
7.169925E+02
3.698867E+02
4.625458E+02
4.612465E+02
4.190695E+02
5.773882E+02
4.690001E+02
5.693370E+02
4.723605E+02
5.263744E+02
4.625458E+02
3.145555E+02
6.801833E+02
5.673147E+02
4.622581E+02
7.820285E+02
5.682384E+02
5.155744E+02
3.145555E+02
7.200755E+02
3.678073E+02
4.714971E+02
3.145555E+02
3.145555E+02
5.151044E+02
4.729891E+02
3.709854E+02
5.219487E+02
5.137181E+02
7.231127E+02
6.225391E+02
4.188619E+02
5.672167E+02
4.090063E+02
5.674021E+02
3.675842E+02
6.159806E+02
7.234887E+02
4.709097E+02
2.517857E+02
4.611595E+02
0.000000E+00
4.606238E+02
4.543223E+02
1.986393E+02
1.455053E+02
4.204742E+02
1.466039E+02
1.976585E+02
3.649430E+02
6.323767E+02
4.618664E+02
1.524690E+02
1.589444E+02
2.001434E+02
4.196680E+02
3.663601E+02
1.450999E+02
3.001353E+02
1.990448E+02
3.567052E+02
3.044089E+02
1.474794E+02
3.058642E+02
1.054050E+02
1.044887E+02
1.051818E+02
2.519681E+02
4.735568E+02
1.466039E+02
3.569886E+02
1.592321E+02
1.054050E+02
2.517857E+02
1.043934E+02
3.116425E+02
3.609546E+02
2.998635E+02
6.654384E+02
9.445077E+01
2.086127E+02
5.658456E+02
3.581715E+02
1.466039E+02
3.155863E+02
3.601393E+02
3.032333E+02
1.056926E+02
1.043934E+02
2.511179E+02
4.094366E+02
3.010485E+02
2.124839E+02
3.044089E+02
3.584228E+02
1.056926E+02
1.466039E+02
4.182692E+02
2.104616E+02
1.054050E+02
6.140769E+02
1.070789E+02
1.587213E+02
1.466039E+02
5.703738E+02
1.998557E+02
4.048437E+02
1.466039E+02
1.466039E+02
1.582513E+02
3.050375E+02
3.043320E+02
3.539971E+02
5.255864E+01
2.619532E+02
5.587337E+02
2.509103E+02
2.103636E+02
5.215317E+01
3.146953E+02
1.996326E+02
2.591275E+02
5.555371E+02
1.986517E+02
6.081032E+02
7.133307E+02
4.606238E+02
0.000000E+00
7.112035E+02
6.592631E+02
6.061291E+02
7.767916E+02
5.029214E+02
5.539760E+02
6.161432E+02
9.886942E+02
8.181838E+02
5.087864E+02
5.152619E+02
5.564609E+02
5.667219E+02
7.226776E+02
6.057237E+02
6.564528E+02
5.553622E+02
6.088764E+02
6.607264E+02
6.081032E+02
6.621817E+02
4.617224E+02
4.608061E+02
4.614993E+02
6.082855E+02
6.206107E+02
5.029214E+02
7.133061E+02
5.155496E+02
4.617224E+02
6.081032E+02
4.607108E+02
6.679599E+02
3.014934E+02
7.604873E+02
9.223197E+02
5.550746E+02
5.649301E+02
9.221631E+02
7.144890E+02
5.029214E+02
6.719037E+02
6.167220E+02
6.595508E+02
4.620101E+02
4.607108E+02
6.074354E+02
7.657540E+02
6.573660E+02
5.688013E+02
6.607264E+02
7.147403E+02
4.620101E+02
5.029214E+02
7.745867E+02
5.667791E+02
4.617224E+02
9.703944E+02
5.677027E+02
5.150387E+02
5.029214E+02
7.231088E+02
5.561732E+02
7.611612E+02
5.029214E+02
5.029214E+02
5.145687E+02
6.613550E+02
6.606494E+02
6.115844E+02
5.131824E+02
7.225770E+02
5.076213E+02
6.072277E+02
5.666811E+02
4.084706E+02
4.617492E+02
5.559500E+02
5.148564E+02
8.121198E+02
6.592755E+02
4.129001E+02
6.222739E+02
4.543223E+02
7.112035E+02
0.000000E+00
4.640601E+02
4.109261E+02
7.704901E+02
3.077183E+02
3.587729E+02
6.178057E+02
9.823927E+02
6.229808E+02
4.075459E+02
5.089603E+02
3.612578E+02
6.687255E+02
7.163760E+02
4.105206E+02
4.612497E+02
3.601592E+02
5.178196E+02
4.655233E+02
4.129001E+02
4.669786E+02
4.554209E+02
4.545046E+02
4.551977E+02
4.130825E+02
8.235727E+02
3.077183E+02
5.181030E+02
5.092480E+02
4.554209E+02
4.129001E+02
4.544093E+02
5.645051E+02
5.143811E+02
4.604025E+02
7.271166E+02
3.598715E+02
5.586286E+02
7.269600E+02
5.192859E+02
3.077183E+02
6.656022E+02
7.101553E+02
4.643477E+02
4.557086E+02
4.544093E+02
4.122323E+02
5.705510E+02
4.621629E+02
5.624998E+02
4.655233E+02
5.195372E+02
4.557086E+02
3.077183E+02
6.733461E+02
5.604775E+02
4.554209E+02
7.751913E+02
5.614012E+02
5.087372E+02
3.077183E+02
8.209536E+02
3.609701E+02
5.659581E+02
3.077183E+02
3.077183E+02
5.082672E+02
4.661519E+02
4.654464E+02
5.151115E+02
5.068809E+02
7.162755E+02
6.204119E+02
4.120247E+02
5.603795E+02
4.021691E+02
6.647112E+02
3.607470E+02
6.091434E+02
6.194983E+02
4.640725E+02
2.615235E+02
3.695991E+02
1.986393E+02
6.592631E+02
4.640601E+02
0.000000E+00
1.552431E+02
6.191135E+02
1.563417E+02
2.073963E+02
5.635824E+02
8.310161E+02
4.716042E+02
2.561693E+02
3.575837E+02
2.098812E+02
6.183073E+02
5.649994E+02
5.353947E+01
3.098731E+02
2.087826E+02
3.664430E+02
3.141467E+02
1.572172E+02
3.156020E+02
3.040443E+02
3.031280E+02
3.038211E+02
2.617059E+02
6.721961E+02
1.563417E+02
3.667264E+02
3.578714E+02
3.040443E+02
2.615235E+02
3.030327E+02
5.102818E+02
5.595939E+02
3.096013E+02
6.751762E+02
1.041886E+02
4.072520E+02
5.755834E+02
3.679093E+02
1.563417E+02
5.142256E+02
5.587787E+02
2.116730E+02
3.043320E+02
3.030327E+02
2.608557E+02
4.191744E+02
3.107863E+02
4.111232E+02
3.141467E+02
3.681606E+02
3.043320E+02
1.563417E+02
5.219695E+02
4.091009E+02
3.040443E+02
6.238147E+02
3.057183E+02
3.573606E+02
1.563417E+02
7.690132E+02
2.095935E+02
3.132833E+02
1.563417E+02
1.563417E+02
3.568906E+02
3.147753E+02
2.127716E+02
3.637349E+02
2.511980E+02
4.605925E+02
5.684715E+02
2.606481E+02
4.090029E+02
2.507925E+02
5.133346E+02
2.093704E+02
4.577668E+02
5.652749E+02
2.083895E+02
2.083895E+02
4.177633E+02
1.455053E+02
6.061291E+02
4.109261E+02
1.552431E+02
0.000000E+00
5.659795E+02
1.032077E+02
5.215317E+01
5.104484E+02
7.778821E+02
4.184702E+02
2.030353E+02
3.044497E+02
1.567472E+02
5.651733E+02
5.118654E+02
1.017037E+02
2.567391E+02
1.556486E+02
3.133090E+02
2.610127E+02
1.040832E+02
2.624680E+02
2.509103E+02
2.499940E+02
2.506871E+02
2.085719E+02
6.190621E+02
1.032077E+02
3.135924E+02
3.047374E+02
2.509103E+02
2.083895E+02
2.498987E+02
4.571478E+02
5.064599E+02
2.564673E+02
6.220422E+02
5.105456E+01
3.541180E+02
5.224494E+02
3.147753E+02
1.032077E+02
4.610916E+02
5.056447E+02
2.598371E+02
2.511980E+02
2.498987E+02
2.077217E+02
3.660404E+02
2.576523E+02
3.579892E+02
2.610127E+02
3.150266E+02
2.511980E+02
1.032077E+02
4.688355E+02
3.559669E+02
2.509103E+02
5.706807E+02
2.525843E+02
3.042266E+02
1.032077E+02
7.158792E+02
1.564595E+02
3.614475E+02
1.032077E+02
1.032077E+02
3.037566E+02
2.616413E+02
2.609358E+02
3.106009E+02
1.980640E+02
4.074585E+02
5.153375E+02
2.075141E+02
3.558689E+02
1.976585E+02
4.602006E+02
1.562364E+02
4.046328E+02
5.121409E+02
1.552555E+02
4.614500E+02
6.743221E+02
4.204742E+02
7.767916E+02
7.704901E+02
6.191135E+02
5.659795E+02
0.000000E+00
4.627717E+02
5.138263E+02
6.811108E+02
9.485445E+02
7.780342E+02
4.686368E+02
4.751122E+02
5.163112E+02
7.358358E+02
6.825279E+02
5.655740E+02
6.163032E+02
5.152126E+02
6.728730E+02
6.205767E+02
5.679536E+02
6.220320E+02
4.215728E+02
4.206565E+02
4.213496E+02
5.681359E+02
7.897246E+02
4.627717E+02
6.731564E+02
4.753999E+02
3.150692E+02
5.679536E+02
4.205612E+02
6.278103E+02
6.771224E+02
7.203377E+02
9.816062E+02
5.149249E+02
4.210495E+02
8.820134E+02
6.743393E+02
4.627717E+02
6.317541E+02
6.763072E+02
6.194012E+02
4.218604E+02
4.205612E+02
5.672857E+02
7.256044E+02
6.172164E+02
5.286517E+02
6.205767E+02
6.745907E+02
4.218604E+02
4.627717E+02
7.344370E+02
5.266294E+02
4.215728E+02
9.302447E+02
5.275531E+02
4.748891E+02
4.627717E+02
7.835365E+02
5.160235E+02
7.210115E+02
4.627717E+02
4.627717E+02
4.744191E+02
6.212053E+02
6.204998E+02
6.701650E+02
4.730328E+02
6.824274E+02
8.749015E+02
5.670781E+02
5.265314E+02
3.683210E+02
6.308631E+02
5.158004E+02
5.752953E+02
8.717049E+02
6.191259E+02
1.051818E+02
3.145555E+02
1.466039E+02
5.029214E+02
3.077183E+02
1.563417E+02
1.032077E+02
4.627717E+02
0.000000E+00
5.105456E+01
4.072406E+02
6.746743E+02
3.152624E+02
9.982759E+01
2.012420E+02
5.353947E+01
4.619656E+02
4.086577E+02
1.028023E+02
1.535314E+02
5.244085E+01
2.101013E+02
1.578050E+02
1.051818E+02
1.592603E+02
1.477025E+02
1.467863E+02
1.474794E+02
1.053641E+02
5.158544E+02
0.000000E+00
2.103847E+02
2.015297E+02
1.477025E+02
1.051818E+02
1.466909E+02
3.539401E+02
4.032522E+02
2.575659E+02
5.188345E+02
5.215317E+01
2.509103E+02
4.192417E+02
2.115676E+02
0.000000E+00
3.578838E+02
4.024369E+02
1.566294E+02
1.479902E+02
1.466909E+02
1.045140E+02
2.628326E+02
1.544446E+02
2.547815E+02
1.578050E+02
2.118189E+02
1.479902E+02
0.000000E+00
3.656278E+02
2.527592E+02
1.477025E+02
4.674730E+02
2.536829E+02
2.010189E+02
0.000000E+00
6.126714E+02
5.325178E+01
2.582398E+02
0.000000E+00
0.000000E+00
2.005489E+02
1.584336E+02
1.577280E+02
2.073932E+02
1.991626E+02
4.085572E+02
4.121298E+02
1.043063E+02
2.526612E+02
9.445077E+01
3.569929E+02
5.302864E+01
3.014251E+02
4.089332E+02
1.563542E+02
1.562364E+02
3.656101E+02
1.976585E+02
5.539760E+02
3.587729E+02
2.073963E+02
5.215317E+01
5.138263E+02
5.105456E+01
0.000000E+00
4.582952E+02
7.257289E+02
3.663170E+02
1.508821E+02
2.522966E+02
1.045940E+02
5.130201E+02
4.597123E+02
1.538568E+02
2.045860E+02
1.034954E+02
2.611558E+02
2.088595E+02
1.562364E+02
2.103148E+02
1.987571E+02
1.978408E+02
1.985340E+02
1.564187E+02
5.669090E+02
5.105456E+01
2.614392E+02
2.525843E+02
1.987571E+02
1.562364E+02
1.977455E+02
4.049946E+02
4.543068E+02
3.086205E+02
5.698890E+02
1.032077E+02
3.019648E+02
4.702962E+02
2.626222E+02
5.105456E+01
4.089384E+02
4.534915E+02
2.076840E+02
1.990448E+02
1.977455E+02
1.555685E+02
3.138872E+02
2.054992E+02
3.058360E+02
2.088595E+02
2.628735E+02
1.990448E+02
5.105456E+01
4.166824E+02
3.038138E+02
1.987571E+02
5.185275E+02
3.047374E+02
2.520734E+02
5.105456E+01
6.637260E+02
1.043063E+02
3.092943E+02
5.105456E+01
5.105456E+01
2.516034E+02
2.094882E+02
2.087826E+02
2.584478E+02
2.502171E+02
4.596117E+02
4.631844E+02
1.553609E+02
3.037158E+02
1.455053E+02
4.080474E+02
1.040832E+02
3.524797E+02
4.599878E+02
2.074087E+02
5.124224E+02
7.217961E+02
3.649430E+02
6.161432E+02
6.178057E+02
5.635824E+02
5.104484E+02
6.811108E+02
4.072406E+02
4.582952E+02
0.000000E+00
8.930134E+02
7.225031E+02
4.131057E+02
4.195811E+02
4.607801E+02
5.751874E+02
6.269968E+02
5.100429E+02
5.607720E+02
4.596815E+02
6.173419E+02
5.650456E+02
5.124224E+02
5.665009E+02
3.660416E+02
3.651254E+02
3.658185E+02
5.126048E+02
6.290762E+02
4.072406E+02
6.176253E+02
4.198688E+02
3.660416E+02
5.124224E+02
3.650300E+02
4.751259E+02
4.193208E+02
6.648065E+02
9.260751E+02
4.593938E+02
4.692494E+02
8.264823E+02
6.188082E+02
4.072406E+02
5.762229E+02
6.207760E+02
5.638700E+02
3.663293E+02
3.650300E+02
5.117546E+02
6.700733E+02
5.616852E+02
4.731206E+02
5.650456E+02
6.190595E+02
3.663293E+02
4.072406E+02
6.789059E+02
4.710983E+02
3.660416E+02
8.747136E+02
4.720220E+02
4.193580E+02
4.072406E+02
8.310105E+02
4.604924E+02
6.654804E+02
4.072406E+02
4.072406E+02
4.188880E+02
5.656742E+02
5.649687E+02
5.089412E+02
4.175017E+02
6.268963E+02
7.142532E+02
5.115470E+02
4.710003E+02
3.127899E+02
4.702147E+02
4.602693E+02
5.197642E+02
7.190206E+02
5.635948E+02
7.798561E+02
9.892298E+02
6.323767E+02
9.886942E+02
9.823927E+02
8.310161E+02
7.778821E+02
9.485445E+02
6.746743E+02
7.257289E+02
8.930134E+02
0.000000E+00
8.890094E+02
6.805394E+02
6.870148E+02
7.282138E+02
9.477384E+02
8.944305E+02
7.774766E+02
8.282057E+02
7.271152E+02
8.847756E+02
8.324793E+02
7.798561E+02
8.339346E+02
6.334753E+02
6.325590E+02
6.332522E+02
7.800385E+02
1.001627E+03
6.746743E+02
8.850590E+02
6.873025E+02
6.334753E+02
7.798561E+02
6.324637E+02
8.397128E+02
8.890250E+02
9.322402E+02
1.193509E+03
7.268275E+02
7.366831E+02
1.093916E+03
8.862419E+02
6.746743E+02
8.436566E+02
8.882097E+02
8.313037E+02
6.337630E+02
6.324637E+02
7.791883E+02
9.375070E+02
8.291189E+02
7.405543E+02
8.324793E+02
8.864932E+02
6.337630E+02
6.746743E+02
9.463396E+02
7.385320E+02
6.334753E+02
1.142147E+03
7.394557E+02
6.867917E+02
6.746743E+02
1.098444E+03
7.279261E+02
9.329141E+02
6.746743E+02
6.746743E+02
6.863217E+02
8.331079E+02
8.324023E+02
8.820675E+02
6.849354E+02
8.943299E+02
9.841196E+02
7.789807E+02
7.384340E+02
5.802236E+02
7.400812E+02
7.277030E+02
7.871979E+02
1.083608E+03
8.310285E+02
4.204443E+02
6.298180E+02
4.618664E+02
8.181838E+02
6.229808E+02
4.716042E+02
4.184702E+02
7.780342E+02
3.152624E+02
3.663170E+02
7.225031E+02
8.890094E+02
0.000000E+00
4.150900E+02
5.165045E+02
3.688019E+02
7.772280E+02
7.239201E+02
4.180647E+02
4.687939E+02
3.677033E+02
5.253637E+02
4.730674E+02
4.204443E+02
4.745227E+02
4.629650E+02
4.620487E+02
4.627419E+02
4.206266E+02
8.311169E+02
3.152624E+02
5.256471E+02
5.167921E+02
4.629650E+02
4.204443E+02
4.619534E+02
6.692025E+02
7.185147E+02
5.728284E+02
8.340969E+02
3.674156E+02
5.661727E+02
7.345041E+02
5.268300E+02
3.152624E+02
6.731463E+02
7.176994E+02
4.718919E+02
4.632527E+02
4.619534E+02
4.197764E+02
5.780951E+02
4.697071E+02
5.700439E+02
4.730674E+02
5.270814E+02
4.632527E+02
3.152624E+02
6.808902E+02
5.680216E+02
4.629650E+02
7.827354E+02
5.689453E+02
5.162813E+02
3.152624E+02
9.279339E+02
3.685142E+02
5.735022E+02
3.152624E+02
3.152624E+02
5.158113E+02
4.736960E+02
4.729905E+02
5.226557E+02
5.144250E+02
7.238196E+02
7.273922E+02
4.195688E+02
5.679237E+02
4.097132E+02
6.722553E+02
3.682911E+02
6.166875E+02
7.241957E+02
4.716166E+02
2.050094E+02
4.143831E+02
1.524690E+02
5.087864E+02
4.075459E+02
2.561693E+02
2.030353E+02
4.686368E+02
9.982759E+01
1.508821E+02
4.131057E+02
6.805394E+02
4.150900E+02
0.000000E+00
2.071071E+02
1.533671E+02
4.678306E+02
4.145227E+02
2.026299E+02
2.533590E+02
1.522684E+02
3.099288E+02
2.576326E+02
2.050094E+02
2.590879E+02
1.535676E+02
1.526513E+02
1.533445E+02
2.051917E+02
5.217195E+02
9.982759E+01
3.102123E+02
2.073947E+02
1.535676E+02
2.050094E+02
1.525560E+02
3.598051E+02
4.091173E+02
3.573935E+02
6.186620E+02
1.519808E+02
2.567753E+02
5.190692E+02
3.113952E+02
9.982759E+01
3.637489E+02
4.083020E+02
2.564570E+02
1.538553E+02
1.525560E+02
2.043416E+02
3.626602E+02
2.542722E+02
2.606465E+02
2.576326E+02
3.116465E+02
1.538553E+02
9.982759E+01
3.714928E+02
2.586242E+02
1.535676E+02
5.673005E+02
2.595479E+02
2.068839E+02
9.982759E+01
6.185365E+02
1.530794E+02
3.580674E+02
9.982759E+01
9.982759E+01
2.064139E+02
2.582612E+02
2.575556E+02
3.072208E+02
2.050276E+02
4.144222E+02
5.119574E+02
2.041339E+02
2.585263E+02
1.003158E+02
3.628579E+02
1.528562E+02
3.072901E+02
5.087608E+02
2.561817E+02
3.064238E+02
5.157975E+02
1.589444E+02
5.152619E+02
5.089603E+02
3.575837E+02
3.044497E+02
4.751122E+02
2.012420E+02
2.522966E+02
4.195811E+02
6.870148E+02
5.165045E+02
2.071071E+02
0.000000E+00
2.547815E+02
4.743061E+02
4.209982E+02
3.040443E+02
3.547734E+02
2.536829E+02
4.113433E+02
3.590470E+02
3.064238E+02
3.605023E+02
1.600430E+02
1.591267E+02
1.598199E+02
3.066061E+02
5.281949E+02
2.012420E+02
4.116267E+02
2.138702E+02
1.600430E+02
3.064238E+02
1.590314E+02
3.662805E+02
4.155927E+02
4.588079E+02
7.200765E+02
2.533952E+02
2.632508E+02
6.204837E+02
4.128096E+02
2.012420E+02
3.702243E+02
4.147774E+02
3.578714E+02
1.603307E+02
1.590314E+02
3.057560E+02
4.640747E+02
3.556866E+02
2.671220E+02
3.590470E+02
4.130609E+02
1.603307E+02
2.012420E+02
4.729073E+02
2.650997E+02
1.600430E+02
6.687150E+02
2.660234E+02
2.133594E+02
2.012420E+02
6.250119E+02
2.544938E+02
4.594818E+02
2.012420E+02
2.012420E+02
2.128894E+02
3.596756E+02
3.589700E+02
4.086352E+02
2.115031E+02
4.208976E+02
6.133718E+02
3.055484E+02
2.650017E+02
1.067912E+02
3.693334E+02
2.542707E+02
3.137656E+02
6.101752E+02
3.575962E+02
1.587213E+02
3.680950E+02
2.001434E+02
5.564609E+02
3.612578E+02
2.098812E+02
1.567472E+02
5.163112E+02
5.353947E+01
1.045940E+02
4.607801E+02
7.282138E+02
3.688019E+02
1.533671E+02
2.547815E+02
0.000000E+00
5.155050E+02
4.621972E+02
1.563417E+02
2.070709E+02
1.059803E+02
2.636407E+02
2.113445E+02
1.587213E+02
2.127997E+02
2.012420E+02
2.003257E+02
2.010189E+02
1.589036E+02
5.693939E+02
5.353947E+01
2.639241E+02
2.550692E+02
2.012420E+02
1.587213E+02
2.002304E+02
4.074795E+02
4.567917E+02
3.111054E+02
5.723739E+02
1.056926E+02
3.044497E+02
4.727811E+02
2.651071E+02
5.353947E+01
4.114233E+02
4.559764E+02
2.101689E+02
2.015297E+02
2.002304E+02
1.580534E+02
3.163721E+02
2.079841E+02
3.083209E+02
2.113445E+02
2.653584E+02
2.015297E+02
5.353947E+01
4.191673E+02
3.062987E+02
2.012420E+02
5.210124E+02
3.072223E+02
2.545583E+02
5.353947E+01
6.662109E+02
1.067912E+02
3.117792E+02
5.353947E+01
5.353947E+01
2.540883E+02
2.119731E+02
2.112675E+02
2.609327E+02
2.527020E+02
4.620966E+02
4.656693E+02
1.578458E+02
3.062007E+02
1.479902E+02
4.105323E+02
1.065681E+02
3.549646E+02
4.624727E+02
2.098936E+02
5.671474E+02
6.723748E+02
4.196680E+02
5.667219E+02
6.687255E+02
6.183073E+02
5.651733E+02
7.358358E+02
4.619656E+02
5.130201E+02
5.751874E+02
9.477384E+02
7.772280E+02
4.678306E+02
4.743061E+02
5.155050E+02
0.000000E+00
6.817217E+02
5.647678E+02
6.154970E+02
5.144064E+02
5.679206E+02
6.197706E+02
5.671474E+02
6.212258E+02
4.207666E+02
4.198503E+02
4.205434E+02
5.673297E+02
5.796549E+02
4.619656E+02
6.723502E+02
4.745937E+02
4.207666E+02
5.671474E+02
4.197550E+02
6.270041E+02
4.670527E+02
7.195315E+02
9.808000E+02
5.141187E+02
5.239743E+02
8.812072E+02
6.735332E+02
4.619656E+02
6.309479E+02
6.755010E+02
5.115160E+02
4.210543E+02
4.197550E+02
5.664795E+02
7.247982E+02
6.164102E+02
5.278455E+02
6.197706E+02
6.737845E+02
4.210543E+02
4.619656E+02
7.336308E+02
5.258232E+02
4.207666E+02
9.294385E+02
5.267469E+02
4.740829E+02
4.619656E+02
7.815892E+02
5.152174E+02
7.202053E+02
4.619656E+02
4.619656E+02
4.736129E+02
6.203992E+02
6.196936E+02
6.693588E+02
4.722266E+02
6.816212E+02
6.648318E+02
5.662719E+02
5.257253E+02
3.675148E+02
4.207934E+02
5.149942E+02
5.744891E+02
8.708988E+02
6.183197E+02
5.138395E+02
7.232132E+02
3.663601E+02
7.226776E+02
7.163760E+02
5.649994E+02
5.118654E+02
6.825279E+02
4.086577E+02
4.597123E+02
6.269968E+02
8.944305E+02
7.239201E+02
4.145227E+02
4.209982E+02
4.621972E+02
6.817217E+02
0.000000E+00
5.114600E+02
5.621891E+02
4.610985E+02
6.187590E+02
5.664627E+02
5.138395E+02
5.679180E+02
3.674587E+02
3.665424E+02
3.672356E+02
5.140218E+02
7.356106E+02
4.086577E+02
6.190424E+02
4.212859E+02
3.674587E+02
5.138395E+02
3.664471E+02
5.736962E+02
6.230084E+02
6.662236E+02
9.274922E+02
4.608109E+02
4.706664E+02
8.278994E+02
6.202253E+02
4.086577E+02
5.776400E+02
6.221931E+02
5.652871E+02
3.677464E+02
3.664471E+02
5.131717E+02
6.714903E+02
5.631023E+02
4.745376E+02
5.664627E+02
6.204766E+02
3.677464E+02
4.086577E+02
6.803230E+02
4.725154E+02
3.674587E+02
8.761307E+02
4.734390E+02
4.207750E+02
4.086577E+02
8.324276E+02
4.619095E+02
6.668975E+02
4.086577E+02
4.086577E+02
4.203050E+02
5.670913E+02
5.663857E+02
6.160509E+02
4.189187E+02
6.283133E+02
8.207875E+02
5.129640E+02
4.724174E+02
3.142069E+02
5.767490E+02
4.616863E+02
5.211813E+02
8.175909E+02
5.650118E+02
2.079841E+02
3.160596E+02
1.450999E+02
6.057237E+02
4.105206E+02
5.353947E+01
1.017037E+02
5.655740E+02
1.028023E+02
1.538568E+02
5.100429E+02
7.774766E+02
4.180647E+02
2.026299E+02
3.040443E+02
1.563417E+02
5.647678E+02
5.114600E+02
0.000000E+00
2.563337E+02
1.552431E+02
3.129035E+02
2.606073E+02
1.036777E+02
2.620625E+02
2.505048E+02
2.495885E+02
2.502817E+02
2.081664E+02
6.186567E+02
1.028023E+02
3.131869E+02
3.043320E+02
2.505048E+02
2.079841E+02
2.494932E+02
4.567423E+02
5.060545E+02
2.560618E+02
6.216367E+02
5.064909E+01
3.537125E+02
5.220439E+02
3.143699E+02
1.028023E+02
4.606861E+02
5.052392E+02
1.581335E+02
2.507925E+02
2.494932E+02
2.073162E+02
3.656349E+02
2.572469E+02
3.575837E+02
2.606073E+02
3.146212E+02
2.507925E+02
1.028023E+02
4.684301E+02
3.555615E+02
2.505048E+02
5.702752E+02
2.521788E+02
3.038211E+02
1.028023E+02
7.154737E+02
1.560540E+02
2.597439E+02
1.028023E+02
1.028023E+02
3.033511E+02
2.612359E+02
1.592321E+02
3.101955E+02
1.976585E+02
4.070531E+02
5.149321E+02
2.071086E+02
3.554635E+02
1.972530E+02
4.597951E+02
1.558309E+02
4.042274E+02
5.117355E+02
1.548501E+02
2.587132E+02
4.680869E+02
3.001353E+02
6.564528E+02
4.612497E+02
3.098731E+02
2.567391E+02
6.163032E+02
1.535314E+02
2.045860E+02
5.607720E+02
8.282057E+02
4.687939E+02
2.533590E+02
3.547734E+02
2.070709E+02
6.154970E+02
5.621891E+02
2.563337E+02
0.000000E+00
2.059723E+02
3.636327E+02
3.113364E+02
2.587132E+02
3.127917E+02
3.012340E+02
3.003177E+02
3.010108E+02
2.588955E+02
6.693858E+02
1.535314E+02
3.639161E+02
3.550611E+02
3.012340E+02
2.587132E+02
3.002224E+02
5.074715E+02
5.567836E+02
4.110973E+02
6.723659E+02
2.056846E+02
4.044417E+02
5.727731E+02
3.650990E+02
1.535314E+02
5.114153E+02
5.559684E+02
3.101608E+02
3.015216E+02
3.002224E+02
2.580454E+02
4.163641E+02
3.079760E+02
4.083129E+02
3.113364E+02
3.653503E+02
3.015216E+02
1.535314E+02
5.191592E+02
4.062906E+02
3.012340E+02
6.210044E+02
4.072143E+02
3.545503E+02
1.535314E+02
7.662028E+02
2.067832E+02
4.117712E+02
1.535314E+02
1.535314E+02
3.540803E+02
3.119650E+02
3.112594E+02
3.609246E+02
3.526940E+02
5.620886E+02
5.656612E+02
2.578378E+02
4.061926E+02
2.479822E+02
5.105243E+02
2.065601E+02
4.549565E+02
5.624646E+02
3.098856E+02
1.576227E+02
3.669964E+02
1.990448E+02
5.553622E+02
3.601592E+02
2.087826E+02
1.556486E+02
5.152126E+02
5.244085E+01
1.034954E+02
4.596815E+02
7.271152E+02
3.677033E+02
1.522684E+02
2.536829E+02
1.059803E+02
5.144064E+02
4.610985E+02
1.552431E+02
2.059723E+02
0.000000E+00
2.625421E+02
2.102458E+02
1.576227E+02
2.117011E+02
2.001434E+02
1.992271E+02
1.999203E+02
1.578050E+02
5.682953E+02
5.244085E+01
2.628255E+02
2.539705E+02
2.001434E+02
1.576227E+02
1.991318E+02
4.063809E+02
4.556931E+02
3.100068E+02
5.712753E+02
1.045940E+02
3.033511E+02
4.716825E+02
2.640084E+02
5.244085E+01
4.103247E+02
4.548778E+02
2.090703E+02
2.004311E+02
1.991318E+02
1.569548E+02
3.152735E+02
2.068855E+02
3.072223E+02
2.102458E+02
2.642598E+02
2.004311E+02
5.244085E+01
4.180686E+02
3.052001E+02
2.001434E+02
5.199138E+02
3.061237E+02
2.534597E+02
5.244085E+01
6.651123E+02
1.056926E+02
3.106806E+02
5.244085E+01
5.244085E+01
2.529897E+02
2.108744E+02
2.101689E+02
2.598341E+02
2.516034E+02
4.609980E+02
4.645707E+02
1.567472E+02
3.051021E+02
1.468916E+02
4.094337E+02
1.054695E+02
3.538659E+02
4.613741E+02
2.087950E+02
3.152831E+02
4.205105E+02
3.567052E+02
6.088764E+02
5.178196E+02
3.664430E+02
3.133090E+02
6.728730E+02
2.101013E+02
2.611558E+02
6.173419E+02
8.847756E+02
5.253637E+02
3.099288E+02
4.113433E+02
2.636407E+02
5.679206E+02
6.187590E+02
3.129035E+02
3.636327E+02
2.625421E+02
0.000000E+00
3.679062E+02
3.152831E+02
3.693615E+02
3.578038E+02
3.568875E+02
3.575807E+02
3.154654E+02
6.218094E+02
2.101013E+02
4.204859E+02
4.116310E+02
3.578038E+02
3.152831E+02
3.567922E+02
5.640413E+02
5.092072E+02
4.676672E+02
7.289357E+02
2.622544E+02
4.610115E+02
6.293429E+02
4.216689E+02
2.101013E+02
5.679851E+02
6.125382E+02
3.667307E+02
3.580915E+02
3.567922E+02
3.146152E+02
4.729339E+02
3.645459E+02
4.648827E+02
3.679062E+02
4.219202E+02
3.580915E+02
2.101013E+02
5.757291E+02
4.628605E+02
3.578038E+02
6.775742E+02
4.637841E+02
4.111201E+02
2.101013E+02
7.186264E+02
2.633530E+02
4.683410E+02
2.101013E+02
2.101013E+02
4.106501E+02
3.685349E+02
3.678293E+02
4.174945E+02
4.092638E+02
6.186584E+02
5.180848E+02
3.144076E+02
4.627625E+02
3.045520E+02
4.629479E+02
2.631299E+02
5.115264E+02
6.190345E+02
3.664554E+02
2.629868E+02
4.723605E+02
3.044089E+02
6.607264E+02
4.655233E+02
3.141467E+02
2.610127E+02
6.205767E+02
1.578050E+02
2.088595E+02
5.650456E+02
8.324793E+02
4.730674E+02
2.576326E+02
3.590470E+02
2.113445E+02
6.197706E+02
5.664627E+02
2.606073E+02
3.113364E+02
2.102458E+02
3.679062E+02
0.000000E+00
2.629868E+02
3.170653E+02
3.055075E+02
3.045912E+02
3.052844E+02
2.631691E+02
6.736594E+02
1.578050E+02
3.681897E+02
3.593347E+02
3.055075E+02
2.629868E+02
3.044959E+02
5.117450E+02
5.610572E+02
4.153709E+02
6.766394E+02
2.099582E+02
4.087153E+02
5.770466E+02
3.693726E+02
1.578050E+02
5.156888E+02
5.602419E+02
3.144344E+02
3.057952E+02
3.044959E+02
2.623190E+02
4.206376E+02
3.122496E+02
4.125865E+02
3.156100E+02
3.696239E+02
3.057952E+02
1.578050E+02
5.234328E+02
4.105642E+02
3.055075E+02
6.252779E+02
4.114879E+02
3.588239E+02
1.578050E+02
7.704764E+02
2.110568E+02
4.160448E+02
1.578050E+02
1.578050E+02
3.583539E+02
3.162386E+02
3.155330E+02
3.651982E+02
3.569676E+02
5.663621E+02
5.699348E+02
2.621113E+02
4.104662E+02
2.522558E+02
5.147979E+02
2.108336E+02
4.592301E+02
5.667382E+02
3.141591E+02
2.103636E+02
4.197373E+02
1.474794E+02
6.081032E+02
4.129001E+02
1.572172E+02
1.040832E+02
5.679536E+02
1.051818E+02
1.562364E+02
5.124224E+02
7.798561E+02
4.204443E+02
2.050094E+02
3.064238E+02
1.587213E+02
5.671474E+02
5.138395E+02
1.036777E+02
2.587132E+02
1.576227E+02
3.152831E+02
2.629868E+02
0.000000E+00
2.644421E+02
2.528844E+02
2.519681E+02
2.526612E+02
2.105459E+02
6.210362E+02
1.051818E+02
3.155665E+02
3.067115E+02
2.528844E+02
2.103636E+02
2.518728E+02
4.591219E+02
5.084340E+02
2.584414E+02
6.240163E+02
5.302864E+01
3.560921E+02
5.244235E+02
3.167494E+02
1.051818E+02
4.630657E+02
5.076188E+02
2.618112E+02
2.531720E+02
2.518728E+02
2.096958E+02
3.680145E+02
2.596264E+02
3.599633E+02
2.629868E+02
3.170007E+02
2.531720E+02
1.051818E+02
4.708096E+02
3.579410E+02
2.528844E+02
5.726548E+02
2.545583E+02
3.062007E+02
1.051818E+02
7.178532E+02
1.584336E+02
3.634216E+02
1.051818E+02
1.051818E+02
3.057307E+02
2.636154E+02
2.629098E+02
3.125750E+02
2.000380E+02
4.094326E+02
5.173116E+02
2.094882E+02
3.578430E+02
1.996326E+02
4.621747E+02
1.582105E+02
4.066069E+02
5.141150E+02
1.572296E+02
2.644421E+02
4.738158E+02
3.058642E+02
6.621817E+02
4.669786E+02
3.156020E+02
2.624680E+02
6.220320E+02
1.592603E+02
2.103148E+02
5.665009E+02
8.339346E+02
4.745227E+02
2.590879E+02
3.605023E+02
2.127997E+02
6.212258E+02
5.679180E+02
2.620625E+02
3.127917E+02
2.117011E+02
3.693615E+02
3.170653E+02
2.644421E+02
0.000000E+00
3.069628E+02
3.060465E+02
3.067397E+02
1.585671E+02
6.751147E+02
1.592603E+02
3.696449E+02
3.607900E+02
3.069628E+02
2.644421E+02
3.059512E+02
5.132003E+02
5.625125E+02
4.168262E+02
6.780947E+02
2.114134E+02
4.101706E+02
5.785019E+02
2.647706E+02
1.592603E+02
5.171441E+02
5.616972E+02
3.158897E+02
3.072505E+02
3.059512E+02
2.637743E+02
3.160356E+02
3.137049E+02
4.140418E+02
3.170653E+02
3.710792E+02
3.072505E+02
1.592603E+02
5.248881E+02
4.120195E+02
3.069628E+02
6.267332E+02
4.129431E+02
3.602791E+02
1.592603E+02
7.719317E+02
2.125121E+02
4.175001E+02
1.592603E+02
1.592603E+02
3.598091E+02
3.176939E+02
3.169883E+02
3.666535E+02
3.584228E+02
5.678174E+02
5.713901E+02
2.635666E+02
4.119215E+02
2.537110E+02
5.162531E+02
2.122889E+02
4.606854E+02
5.681935E+02
3.156144E+02
2.528844E+02
4.622581E+02
1.054050E+02
4.617224E+02
4.554209E+02
3.040443E+02
2.509103E+02
4.215728E+02
1.477025E+02
1.987571E+02
3.660416E+02
6.334753E+02
4.629650E+02
1.535676E+02
1.600430E+02
2.012420E+02
4.207666E+02
3.674587E+02
2.505048E+02
3.012340E+02
2.001434E+02
3.578038E+02
3.055075E+02
2.528844E+02
3.069628E+02
0.000000E+00
1.055873E+02
1.062804E+02
2.530667E+02
4.746554E+02
1.477025E+02
3.580872E+02
1.603307E+02
1.065036E+02
2.528844E+02
1.054920E+02
3.127411E+02
3.620532E+02
4.052685E+02
6.665370E+02
1.998557E+02
2.097113E+02
5.669442E+02
3.592701E+02
1.477025E+02
3.166849E+02
3.612380E+02
3.043320E+02
1.067912E+02
1.054920E+02
2.522165E+02
4.105352E+02
3.021472E+02
2.135825E+02
3.055075E+02
3.595215E+02
1.067912E+02
1.477025E+02
4.193678E+02
2.115602E+02
1.065036E+02
6.151755E+02
2.124839E+02
1.598199E+02
1.477025E+02
5.714724E+02
2.009543E+02
4.059423E+02
1.477025E+02
1.477025E+02
1.593499E+02
3.061361E+02
3.054306E+02
3.550958E+02
1.579636E+02
3.673582E+02
5.598323E+02
2.520089E+02
2.114622E+02
5.325178E+01
3.157939E+02
2.007312E+02
2.602261E+02
5.566358E+02
3.040567E+02
2.519681E+02
4.613418E+02
1.044887E+02
4.608061E+02
4.545046E+02
3.031280E+02
2.499940E+02
4.206565E+02
1.467863E+02
1.978408E+02
3.651254E+02
6.325590E+02
4.620487E+02
1.526513E+02
1.591267E+02
2.003257E+02
4.198503E+02
3.665424E+02
2.495885E+02
3.003177E+02
1.992271E+02
3.568875E+02
3.045912E+02
2.519681E+02
3.060465E+02
1.055873E+02
0.000000E+00
1.053641E+02
2.521504E+02
4.737391E+02
1.467863E+02
3.571709E+02
1.594144E+02
1.055873E+02
2.519681E+02
1.045757E+02
3.118248E+02
3.611369E+02
4.043522E+02
6.656207E+02
1.989394E+02
2.087950E+02
5.660279E+02
3.583539E+02
1.467863E+02
3.157686E+02
3.603217E+02
3.034157E+02
1.058750E+02
1.045757E+02
2.513002E+02
4.096189E+02
3.012309E+02
2.126662E+02
3.045912E+02
3.586052E+02
1.058750E+02
1.467863E+02
4.184515E+02
2.106439E+02
1.055873E+02
6.142592E+02
2.115676E+02
1.589036E+02
1.467863E+02
5.705562E+02
2.000380E+02
4.050260E+02
1.467863E+02
1.467863E+02
1.584336E+02
3.052199E+02
3.045143E+02
3.541795E+02
1.570473E+02
3.664419E+02
5.589161E+02
2.510926E+02
2.105459E+02
5.233549E+01
3.148776E+02
1.998149E+02
2.593098E+02
5.557195E+02
3.031404E+02
2.526612E+02
4.620349E+02
1.051818E+02
4.614993E+02
4.551977E+02
3.038211E+02
2.506871E+02
4.213496E+02
1.474794E+02
1.985340E+02
3.658185E+02
6.332522E+02
4.627419E+02
1.533445E+02
1.598199E+02
2.010189E+02
4.205434E+02
3.672356E+02
2.502817E+02
3.010108E+02
1.999203E+02
3.575807E+02
3.052844E+02
2.526612E+02
3.067397E+02
1.062804E+02
1.053641E+02
0.000000E+00
2.528435E+02
4.744323E+02
1.474794E+02
3.578641E+02
1.601076E+02
1.062804E+02
2.526612E+02
1.052688E+02
3.125179E+02
3.618301E+02
4.050453E+02
6.663139E+02
1.996326E+02
2.094882E+02
5.667211E+02
3.590470E+02
1.474794E+02
3.164617E+02
3.610148E+02
3.041088E+02
1.065681E+02
1.052688E+02
2.519934E+02
4.103121E+02
3.019240E+02
2.133594E+02
3.052844E+02
3.592983E+02
1.065681E+02
1.474794E+02
4.191447E+02
2.113371E+02
1.062804E+02
6.149524E+02
2.122607E+02
1.595967E+02
1.474794E+02
5.712493E+02
2.007312E+02
4.057192E+02
1.474794E+02
1.474794E+02
1.591267E+02
3.059130E+02
3.052074E+02
3.548726E+02
1.577404E+02
3.671350E+02
5.596092E+02
2.517857E+02
2.112391E+02
5.302864E+01
3.155708E+02
2.005080E+02
2.600030E+02
5.564126E+02
3.038336E+02
2.105459E+02
4.199197E+02
2.519681E+02
6.082855E+02
4.130825E+02
2.617059E+02
2.085719E+02
5.681359E+02
1.053641E+02
1.564187E+02
5.126048E+02
7.800385E+02
4.206266E+02
2.051917E+02
3.066061E+02
1.589036E+02
5.673297E+02
5.140218E+02
2.081664E+02
2.588955E+02
1.578050E+02
3.154654E+02
2.631691E+02
2.105459E+02
1.585671E+02
2.530667E+02
2.521504E+02
2.528435E+02
0.000000E+00
6.212185E+02
1.053641E+02
3.157488E+02
3.068938E+02
2.530667E+02
2.105459E+02
2.520551E+02
4.593042E+02
5.086163E+02
3.629300E+02
6.241986E+02
1.575173E+02
3.562744E+02
5.246058E+02
2.108744E+02
1.053641E+02
4.632480E+02
5.078011E+02
2.619935E+02
2.533544E+02
2.520551E+02
2.098781E+02
2.621395E+02
2.598087E+02
3.601456E+02
1.584981E+02
3.171830E+02
2.533544E+02
1.053641E+02
4.709919E+02
3.581233E+02
2.530667E+02
5.728371E+02
3.590470E+02
3.063830E+02
1.053641E+02
7.180356E+02
1.586159E+02
3.636039E+02
1.053641E+02
1.053641E+02
3.059130E+02
2.637977E+02
2.630922E+02
3.127573E+02
3.045267E+02
5.139213E+02
5.174939E+02
2.096705E+02
3.580253E+02
1.998149E+02
4.623570E+02
1.583928E+02
4.067892E+02
5.142973E+02
2.617183E+02
6.210362E+02
7.262637E+02
4.735568E+02
6.206107E+02
8.235727E+02
6.721961E+02
6.190621E+02
7.897246E+02
5.158544E+02
5.669090E+02
6.290762E+02
1.001627E+03
8.311169E+02
5.217195E+02
5.281949E+02
5.693939E+02
5.796549E+02
7.356106E+02
6.186567E+02
6.693858E+02
5.682953E+02
6.218094E+02
6.736594E+02
6.210362E+02
6.751147E+02
4.746554E+02
4.737391E+02
4.744323E+02
6.212185E+02
0.000000E+00
5.158544E+02
7.262391E+02
5.284826E+02
4.746554E+02
6.210362E+02
4.736438E+02
6.808929E+02
5.209416E+02
7.734203E+02
1.034689E+03
5.680076E+02
5.778632E+02
9.350961E+02
7.274220E+02
5.158544E+02
6.848367E+02
7.293898E+02
6.724838E+02
4.749431E+02
4.736438E+02
6.203684E+02
7.786871E+02
6.702990E+02
5.817344E+02
6.736594E+02
7.276733E+02
4.749431E+02
5.158544E+02
7.875197E+02
5.797121E+02
4.746554E+02
9.833274E+02
5.806357E+02
5.279717E+02
5.158544E+02
8.354780E+02
5.691062E+02
7.740942E+02
5.158544E+02
5.158544E+02
5.275017E+02
6.742880E+02
6.735824E+02
7.232476E+02
5.261155E+02
7.355100E+02
7.187207E+02
6.201608E+02
5.796141E+02
4.214036E+02
4.746822E+02
5.688830E+02
6.283780E+02
9.247876E+02
6.722086E+02
1.051818E+02
3.145555E+02
1.466039E+02
5.029214E+02
3.077183E+02
1.563417E+02
1.032077E+02
4.627717E+02
0.000000E+00
5.105456E+01
4.072406E+02
6.746743E+02
3.152624E+02
9.982759E+01
2.012420E+02
5.353947E+01
4.619656E+02
4.086577E+02
1.028023E+02
1.535314E+02
5.244085E+01
2.101013E+02
1.578050E+02
1.051818E+02
1.592603E+02
1.477025E+02
1.467863E+02
1.474794E+02
1.053641E+02
5.158544E+02
0.000000E+00
2.103847E+02
2.015297E+02
1.477025E+02
1.051818E+02
1.466909E+02
3.539401E+02
4.032522E+02
2.575659E+02
5.188345E+02
5.215317E+01
2.509103E+02
4.192417E+02
2.115676E+02
0.000000E+00
3.578838E+02
4.024369E+02
1.566294E+02
1.479902E+02
1.466909E+02
1.045140E+02
2.628326E+02
1.544446E+02
2.547815E+02
1.578050E+02
2.118189E+02
1.479902E+02
0.000000E+00
3.656278E+02
2.527592E+02
1.477025E+02
4.674730E+02
2.536829E+02
2.010189E+02
0.000000E+00
6.126714E+02
5.325178E+01
2.582398E+02
0.000000E+00
0.000000E+00
2.005489E+02
1.584336E+02
1.577280E+02
2.073932E+02
1.991626E+02
4.085572E+02
4.121298E+02
1.043063E+02
2.526612E+02
9.445077E+01
3.569929E+02
5.302864E+01
3.014251E+02
4.089332E+02
1.563542E+02
3.155665E+02
5.249402E+02
3.569886E+02
7.133061E+02
5.181030E+02
3.667264E+02
3.135924E+02
6.731564E+02
2.103847E+02
2.614392E+02
6.176253E+02
8.850590E+02
5.256471E+02
3.102123E+02
4.116267E+02
2.639241E+02
6.723502E+02
6.190424E+02
3.131869E+02
3.639161E+02
2.628255E+02
4.204859E+02
3.681897E+02
3.155665E+02
3.696449E+02
3.580872E+02
3.571709E+02
3.578641E+02
3.157488E+02
7.262391E+02
2.103847E+02
0.000000E+00
4.119144E+02
3.580872E+02
3.155665E+02
3.570756E+02
5.643247E+02
6.136369E+02
4.679506E+02
7.292191E+02
2.625378E+02
4.612950E+02
6.296263E+02
4.219523E+02
2.103847E+02
5.682685E+02
6.128216E+02
3.670141E+02
3.583749E+02
3.570756E+02
3.148987E+02
4.732173E+02
3.648293E+02
4.651662E+02
2.621324E+02
4.222036E+02
3.583749E+02
2.103847E+02
5.760125E+02
4.631439E+02
3.580872E+02
6.778576E+02
4.640675E+02
4.114035E+02
2.103847E+02
8.230561E+02
2.636365E+02
3.625672E+02
2.103847E+02
2.103847E+02
4.109335E+02
1.556821E+02
3.681127E+02
4.177779E+02
4.095472E+02
6.189418E+02
6.225145E+02
3.146910E+02
4.630459E+02
3.048354E+02
5.673776E+02
2.634133E+02
5.118098E+02
6.193179E+02
3.667388E+02
3.067115E+02
5.160852E+02
1.592321E+02
5.155496E+02
5.092480E+02
3.578714E+02
3.047374E+02
4.753999E+02
2.015297E+02
2.525843E+02
4.198688E+02
6.873025E+02
5.167921E+02
2.073947E+02
2.138702E+02
2.550692E+02
4.745937E+02
4.212859E+02
3.043320E+02
3.550611E+02
2.539705E+02
4.116310E+02
3.593347E+02
3.067115E+02
3.607900E+02
1.603307E+02
1.594144E+02
1.601076E+02
3.068938E+02
5.284826E+02
2.015297E+02
4.119144E+02
0.000000E+00
1.603307E+02
3.067115E+02
1.593191E+02
3.665682E+02
4.158804E+02
4.590956E+02
7.203642E+02
2.536829E+02
2.635384E+02
6.207714E+02
4.130973E+02
2.015297E+02
3.705120E+02
4.150651E+02
3.581591E+02
1.606184E+02
1.593191E+02
3.060437E+02
4.643623E+02
3.559743E+02
2.674096E+02
3.593347E+02
4.133486E+02
1.606184E+02
2.015297E+02
4.731950E+02
2.653874E+02
1.603307E+02
6.690027E+02
2.663110E+02
2.136470E+02
2.015297E+02
6.252996E+02
2.547815E+02
4.597695E+02
2.015297E+02
2.015297E+02
2.131770E+02
3.599633E+02
3.592577E+02
4.089229E+02
2.117907E+02
4.211853E+02
6.136595E+02
3.058360E+02
2.652894E+02
1.070789E+02
3.696210E+02
2.545583E+02
3.140533E+02
6.104629E+02
3.578838E+02
1.463808E+02
4.622581E+02
1.054050E+02
4.617224E+02
4.554209E+02
3.040443E+02
2.509103E+02
3.150692E+02
1.477025E+02
1.987571E+02
3.660416E+02
6.334753E+02
4.629650E+02
1.535676E+02
1.600430E+02
2.012420E+02
4.207666E+02
3.674587E+02
2.505048E+02
3.012340E+02
2.001434E+02
3.578038E+02
3.055075E+02
2.528844E+02
3.069628E+02
1.065036E+02
1.055873E+02
1.062804E+02
2.530667E+02
4.746554E+02
1.477025E+02
3.580872E+02
1.603307E+02
0.000000E+00
2.528844E+02
1.054920E+02
3.127411E+02
3.620532E+02
4.052685E+02
6.665370E+02
1.998557E+02
2.097113E+02
5.669442E+02
3.592701E+02
1.477025E+02
3.166849E+02
3.612380E+02
3.043320E+02
1.067912E+02
1.054920E+02
2.522165E+02
4.105352E+02
3.021472E+02
2.135825E+02
3.055075E+02
3.595215E+02
1.067912E+02
1.477025E+02
4.193678E+02
2.115602E+02
1.065036E+02
6.151755E+02
2.124839E+02
1.598199E+02
1.477025E+02
5.714724E+02
2.009543E+02
4.059423E+02
1.477025E+02
1.477025E+02
1.593499E+02
3.061361E+02
3.054306E+02
3.550958E+02
1.579636E+02
3.673582E+02
5.598323E+02
2.520089E+02
2.114622E+02
5.325178E+01
3.157939E+02
2.007312E+02
2.602261E+02
5.566358E+02
3.040567E+02
1.065036E+02
4.197373E+02
2.517857E+02
6.081032E+02
4.129001E+02
2.615235E+02
2.083895E+02
5.679536E+02
1.051818E+02
1.562364E+02
5.124224E+02
7.798561E+02
4.204443E+02
2.050094E+02
3.064238E+02
1.587213E+02
5.671474E+02
5.138395E+02
2.079841E+02
2.587132E+02
1.576227E+02
3.152831E+02
2.629868E+02
2.103636E+02
2.644421E+02
2.528844E+02
2.519681E+02
2.526612E+02
2.105459E+02
6.210362E+02
1.051818E+02
3.155665E+02
3.067115E+02
2.528844E+02
0.000000E+00
2.518728E+02
4.591219E+02
5.084340E+02
3.627477E+02
6.240163E+02
1.573350E+02
3.560921E+02
5.244235E+02
3.167494E+02
1.051818E+02
4.630657E+02
5.076188E+02
2.618112E+02
2.531720E+02
2.518728E+02
2.096958E+02
3.680145E+02
2.596264E+02
3.599633E+02
2.629868E+02
3.170007E+02
2.531720E+02
1.051818E+02
4.708096E+02
3.579410E+02
2.528844E+02
5.726548E+02
3.588647E+02
3.062007E+02
1.051818E+02
7.178532E+02
1.584336E+02
3.634216E+02
1.051818E+02
1.051818E+02
3.057307E+02
2.636154E+02
2.629098E+02
3.125750E+02
3.043444E+02
5.137390E+02
5.173116E+02
2.094882E+02
3.578430E+02
1.996326E+02
4.621747E+02
1.582105E+02
4.066069E+02
5.141150E+02
2.615360E+02
2.518728E+02
4.612465E+02
1.043934E+02
4.607108E+02
4.544093E+02
3.030327E+02
2.498987E+02
4.205612E+02
1.466909E+02
1.977455E+02
3.650300E+02
6.324637E+02
4.619534E+02
1.525560E+02
1.590314E+02
2.002304E+02
4.197550E+02
3.664471E+02
2.494932E+02
3.002224E+02
1.991318E+02
3.567922E+02
3.044959E+02
2.518728E+02
3.059512E+02
1.054920E+02
1.045757E+02
1.052688E+02
2.520551E+02
4.736438E+02
1.466909E+02
3.570756E+02
1.593191E+02
1.054920E+02
2.518728E+02
0.000000E+00
2.072491E+02
3.610416E+02
4.042569E+02
6.655254E+02
1.988441E+02
2.086997E+02
5.659326E+02
3.582585E+02
1.466909E+02
3.156733E+02
3.602264E+02
3.033204E+02
1.057796E+02
1.044804E+02
2.512049E+02
4.095236E+02
3.011356E+02
2.125709E+02
3.044959E+02
3.585099E+02
1.057796E+02
1.466909E+02
4.183562E+02
2.105486E+02
1.054920E+02
6.141639E+02
2.114723E+02
1.588083E+02
1.466909E+02
5.704608E+02
1.999427E+02
4.049307E+02
1.466909E+02
1.466909E+02
1.583383E+02
3.051245E+02
3.044190E+02
3.540842E+02
1.569520E+02
3.663466E+02
5.588207E+02
2.509973E+02
2.104506E+02
5.224018E+01
3.147823E+02
1.997196E+02
2.592145E+02
5.556241E+02
3.030451E+02
4.591219E+02
6.684956E+02
3.116425E+02
6.679599E+02
5.645051E+02
5.102818E+02
4.571478E+02
6.278103E+02
3.539401E+02
4.049946E+02
4.751259E+02
8.397128E+02
6.692025E+02
3.598051E+02
3.662805E+02
4.074795E+02
6.270041E+02
5.736962E+02
4.567423E+02
5.074715E+02
4.063809E+02
5.640413E+02
5.117450E+02
4.591219E+02
5.132003E+02
3.127411E+02
3.118248E+02
3.125179E+02
4.593042E+02
6.808929E+02
3.539401E+02
5.643247E+02
3.665682E+02
3.127411E+02
4.591219E+02
2.072491E+02
0.000000E+00
4.711375E+02
6.115060E+02
8.727745E+02
4.060932E+02
4.159488E+02
7.731817E+02
5.655077E+02
3.539401E+02
5.229224E+02
5.674755E+02
5.105695E+02
3.130288E+02
3.117295E+02
4.584540E+02
6.167727E+02
5.083847E+02
4.198200E+02
5.117450E+02
5.657590E+02
3.130288E+02
3.539401E+02
6.256053E+02
4.177977E+02
3.127411E+02
8.214130E+02
4.187214E+02
3.660574E+02
3.539401E+02
7.777099E+02
4.071918E+02
6.121798E+02
3.539401E+02
3.539401E+02
3.655874E+02
5.123736E+02
5.116681E+02
5.613333E+02
3.642011E+02
5.735957E+02
7.660699E+02
4.582464E+02
4.176997E+02
2.594893E+02
5.220314E+02
4.069687E+02
4.664636E+02
6.657200E+02
5.102942E+02
5.084340E+02
6.136615E+02
3.609546E+02
3.014934E+02
5.143811E+02
5.595939E+02
5.064599E+02
6.771224E+02
4.032522E+02
4.543068E+02
4.193208E+02
8.890250E+02
7.185147E+02
4.091173E+02
4.155927E+02
4.567917E+02
4.670527E+02
6.230084E+02
5.060545E+02
5.567836E+02
4.556931E+02
5.092072E+02
5.610572E+02
5.084340E+02
5.625125E+02
3.620532E+02
3.611369E+02
3.618301E+02
5.086163E+02
5.209416E+02
4.032522E+02
6.136369E+02
4.158804E+02
3.620532E+02
5.084340E+02
3.610416E+02
4.711375E+02
0.000000E+00
6.608181E+02
8.226505E+02
4.554054E+02
4.652610E+02
8.224939E+02
6.148198E+02
4.032522E+02
5.722345E+02
6.167876E+02
5.598816E+02
3.623409E+02
3.610416E+02
5.077662E+02
6.660849E+02
5.576968E+02
4.691322E+02
5.610572E+02
6.150711E+02
3.623409E+02
4.032522E+02
6.749175E+02
4.671099E+02
3.620532E+02
8.707252E+02
4.680335E+02
4.153695E+02
4.032522E+02
6.234396E+02
4.565040E+02
6.614920E+02
4.032522E+02
4.032522E+02
4.148995E+02
5.616858E+02
5.609802E+02
6.106454E+02
4.135132E+02
6.229078E+02
5.066823E+02
5.075585E+02
4.670119E+02
3.088014E+02
3.620800E+02
4.562808E+02
5.157758E+02
7.150322E+02
5.596064E+02
3.627477E+02
5.721214E+02
2.998635E+02
7.604873E+02
4.604025E+02
3.096013E+02
2.564673E+02
7.203377E+02
2.575659E+02
3.086205E+02
6.648065E+02
9.322402E+02
5.728284E+02
3.573935E+02
4.588079E+02
3.111054E+02
7.195315E+02
6.662236E+02
2.560618E+02
4.110973E+02
3.100068E+02
4.676672E+02
4.153709E+02
2.584414E+02
4.168262E+02
4.052685E+02
4.043522E+02
4.050453E+02
3.629300E+02
7.734203E+02
2.575659E+02
4.679506E+02
4.590956E+02
4.052685E+02
3.627477E+02
4.042569E+02
6.115060E+02
6.608181E+02
0.000000E+00
6.772367E+02
2.054127E+02
5.084762E+02
6.768076E+02
4.691335E+02
2.575659E+02
6.154498E+02
6.600029E+02
4.141953E+02
4.055561E+02
4.042569E+02
3.620799E+02
5.203986E+02
4.120105E+02
5.123474E+02
4.153709E+02
4.693848E+02
4.055561E+02
2.575659E+02
6.231937E+02
5.103251E+02
4.052685E+02
7.250389E+02
4.069424E+02
4.585848E+02
2.575659E+02
8.702373E+02
3.108177E+02
5.158057E+02
2.575659E+02
2.575659E+02
4.581148E+02
4.159995E+02
4.152939E+02
4.649591E+02
3.524221E+02
5.618167E+02
6.696957E+02
3.618723E+02
5.102271E+02
3.520167E+02
6.145588E+02
3.105945E+02
5.589910E+02
5.673354E+02
3.096137E+02
6.240163E+02
8.333900E+02
6.654384E+02
9.223197E+02
7.271166E+02
6.751762E+02
6.220422E+02
9.816062E+02
5.188345E+02
5.698890E+02
9.260751E+02
1.193509E+03
8.340969E+02
6.186620E+02
7.200765E+02
5.723739E+02
9.808000E+02
9.274922E+02
6.216367E+02
6.723659E+02
5.712753E+02
7.289357E+02
6.766394E+02
6.240163E+02
6.780947E+02
6.665370E+02
6.656207E+02
6.663139E+02
6.241986E+02
1.034689E+03
5.188345E+02
7.292191E+02
7.203642E+02
6.665370E+02
6.240163E+02
6.655254E+02
8.727745E+02
8.226505E+02
6.772367E+02
0.000000E+00
5.709876E+02
7.697447E+02
9.380761E+02
7.304021E+02
5.188345E+02
8.767183E+02
9.212714E+02
6.754639E+02
6.668247E+02
6.655254E+02
6.233484E+02
7.816671E+02
6.732791E+02
7.736159E+02
6.766394E+02
7.306534E+02
6.668247E+02
5.188345E+02
8.844623E+02
7.715937E+02
6.665370E+02
9.863074E+02
7.725173E+02
7.198533E+02
5.188345E+02
1.032070E+03
5.720862E+02
7.770742E+02
5.188345E+02
5.188345E+02
7.193833E+02
6.772681E+02
6.765625E+02
6.191487E+02
7.179970E+02
9.273916E+02
8.315281E+02
6.231408E+02
7.714957E+02
6.132852E+02
8.758273E+02
5.718631E+02
8.202596E+02
8.286040E+02
6.751886E+02
1.573350E+02
3.667087E+02
9.445077E+01
5.550746E+02
3.598715E+02
1.041886E+02
5.105456E+01
5.149249E+02
5.215317E+01
1.032077E+02
4.593938E+02
7.268275E+02
3.674156E+02
1.519808E+02
2.533952E+02
1.056926E+02
5.141187E+02
4.608109E+02
5.064909E+01
2.056846E+02
1.045940E+02
2.622544E+02
2.099582E+02
5.302864E+01
2.114134E+02
1.998557E+02
1.989394E+02
1.996326E+02
1.575173E+02
5.680076E+02
5.215317E+01
2.625378E+02
2.536829E+02
1.998557E+02
1.573350E+02
1.988441E+02
4.060932E+02
4.554054E+02
2.054127E+02
5.709876E+02
0.000000E+00
3.030635E+02
4.713948E+02
2.637208E+02
5.215317E+01
4.100370E+02
4.545901E+02
2.087826E+02
2.001434E+02
1.988441E+02
1.566672E+02
3.149858E+02
2.065978E+02
3.069347E+02
2.099582E+02
2.639721E+02
2.001434E+02
5.215317E+01
4.177810E+02
3.049124E+02
1.998557E+02
5.196261E+02
2.015297E+02
2.531720E+02
5.215317E+01
6.648246E+02
1.054050E+02
3.103930E+02
5.215317E+01
5.215317E+01
2.527020E+02
2.105868E+02
2.098812E+02
2.595464E+02
1.470094E+02
3.564040E+02
4.642830E+02
1.564595E+02
3.048144E+02
1.466039E+02
4.091460E+02
1.051818E+02
3.535783E+02
4.610864E+02
1.042010E+02
3.560921E+02
5.654658E+02
2.086127E+02
5.649301E+02
5.586286E+02
4.072520E+02
3.541180E+02
4.210495E+02
2.509103E+02
3.019648E+02
4.692494E+02
7.366831E+02
5.661727E+02
2.567753E+02
2.632508E+02
3.044497E+02
5.239743E+02
4.706664E+02
3.537125E+02
4.044417E+02
3.033511E+02
4.610115E+02
4.087153E+02
3.560921E+02
4.101706E+02
2.097113E+02
2.087950E+02
2.094882E+02
3.562744E+02
5.778632E+02
2.509103E+02
4.612950E+02
2.635384E+02
2.097113E+02
3.560921E+02
2.086997E+02
4.159488E+02
4.652610E+02
5.084762E+02
7.697447E+02
3.030635E+02
0.000000E+00
6.701519E+02
4.624779E+02
2.509103E+02
4.198926E+02
4.644457E+02
4.075397E+02
2.099990E+02
2.086997E+02
3.554243E+02
5.137429E+02
4.053549E+02
3.167902E+02
4.087153E+02
4.627292E+02
2.099990E+02
2.509103E+02
5.225755E+02
3.147679E+02
2.097113E+02
7.183832E+02
3.156916E+02
2.630276E+02
2.509103E+02
6.746802E+02
3.041621E+02
5.091501E+02
2.509103E+02
2.509103E+02
2.625576E+02
4.093439E+02
4.086383E+02
4.583035E+02
2.611713E+02
4.705659E+02
6.630401E+02
3.552166E+02
3.146700E+02
1.564595E+02
4.190016E+02
3.039389E+02
3.634338E+02
6.598435E+02
4.072644E+02
5.244235E+02
7.337972E+02
5.658456E+02
9.221631E+02
7.269600E+02
5.755834E+02
5.224494E+02
8.820134E+02
4.192417E+02
4.702962E+02
8.264823E+02
1.093916E+03
7.345041E+02
5.190692E+02
6.204837E+02
4.727811E+02
8.812072E+02
8.278994E+02
5.220439E+02
5.727731E+02
4.716825E+02
6.293429E+02
5.770466E+02
5.244235E+02
5.785019E+02
5.669442E+02
5.660279E+02
5.667211E+02
5.246058E+02
9.350961E+02
4.192417E+02
6.296263E+02
6.207714E+02
5.669442E+02
5.244235E+02
5.659326E+02
7.731817E+02
8.224939E+02
6.768076E+02
9.380761E+02
4.713948E+02
6.701519E+02
0.000000E+00
6.308093E+02
4.192417E+02
7.771255E+02
8.216786E+02
5.758711E+02
5.672319E+02
5.659326E+02
5.237556E+02
6.820743E+02
5.736863E+02
6.740231E+02
5.770466E+02
6.310606E+02
5.672319E+02
4.192417E+02
7.848695E+02
6.720009E+02
5.669442E+02
8.867146E+02
6.729245E+02
6.202605E+02
4.192417E+02
1.031913E+03
4.724934E+02
4.748609E+02
4.192417E+02
4.192417E+02
6.197905E+02
5.776753E+02
5.769697E+02
6.266349E+02
6.184042E+02
8.277988E+02
8.313715E+02
5.235480E+02
6.719029E+02
5.136924E+02
7.762345E+02
4.722703E+02
7.206668E+02
8.281749E+02
5.755958E+02
3.167494E+02
5.261231E+02
3.581715E+02
7.144890E+02
5.192859E+02
3.679093E+02
3.147753E+02
6.743393E+02
2.115676E+02
2.626222E+02
6.188082E+02
8.862419E+02
5.268300E+02
3.113952E+02
4.128096E+02
2.651071E+02
6.735332E+02
6.202253E+02
3.143699E+02
3.650990E+02
2.640084E+02
4.216689E+02
3.693726E+02
3.167494E+02
2.647706E+02
3.592701E+02
3.583539E+02
3.590470E+02
2.108744E+02
7.274220E+02
2.115676E+02
4.219523E+02
4.130973E+02
3.592701E+02
3.167494E+02
3.582585E+02
5.655077E+02
6.148198E+02
4.691335E+02
7.304021E+02
2.637208E+02
4.624779E+02
6.308093E+02
0.000000E+00
2.115676E+02
5.694514E+02
6.140045E+02
3.681970E+02
3.595578E+02
3.582585E+02
3.160816E+02
3.683430E+02
3.660122E+02
4.663491E+02
3.693726E+02
4.233865E+02
3.595578E+02
2.115676E+02
5.771954E+02
4.643268E+02
3.592701E+02
6.790406E+02
4.652505E+02
4.125865E+02
2.115676E+02
8.242390E+02
2.648194E+02
4.698074E+02
2.115676E+02
2.115676E+02
4.121165E+02
3.700012E+02
3.692956E+02
4.189608E+02
4.107302E+02
6.201247E+02
6.236974E+02
3.158739E+02
4.642288E+02
3.060184E+02
5.685605E+02
2.645962E+02
5.129927E+02
6.205008E+02
3.679217E+02
1.051818E+02
3.145555E+02
1.466039E+02
5.029214E+02
3.077183E+02
1.563417E+02
1.032077E+02
4.627717E+02
0.000000E+00
5.105456E+01
4.072406E+02
6.746743E+02
3.152624E+02
9.982759E+01
2.012420E+02
5.353947E+01
4.619656E+02
4.086577E+02
1.028023E+02
1.535314E+02
5.244085E+01
2.101013E+02
1.578050E+02
1.051818E+02
1.592603E+02
1.477025E+02
1.467863E+02
1.474794E+02
1.053641E+02
5.158544E+02
0.000000E+00
2.103847E+02
2.015297E+02
1.477025E+02
1.051818E+02
1.466909E+02
3.539401E+02
4.032522E+02
2.575659E+02
5.188345E+02
5.215317E+01
2.509103E+02
4.192417E+02
2.115676E+02
0.000000E+00
3.578838E+02
4.024369E+02
1.566294E+02
1.479902E+02
1.466909E+02
1.045140E+02
2.628326E+02
1.544446E+02
2.547815E+02
1.578050E+02
2.118189E+02
1.479902E+02
0.000000E+00
3.656278E+02
2.527592E+02
1.477025E+02
4.674730E+02
2.536829E+02
2.010189E+02
0.000000E+00
6.126714E+02
5.325178E+01
2.582398E+02
0.000000E+00
0.000000E+00
2.005489E+02
1.584336E+02
1.577280E+02
2.073932E+02
1.991626E+02
4.085572E+02
4.121298E+02
1.043063E+02
2.526612E+02
9.445077E+01
3.569929E+02
5.302864E+01
3.014251E+02
4.089332E+02
1.563542E+02
4.630657E+02
6.724394E+02
3.155863E+02
6.719037E+02
6.656022E+02
5.142256E+02
4.610916E+02
6.317541E+02
3.578838E+02
4.089384E+02
5.762229E+02
8.436566E+02
6.731463E+02
3.637489E+02
3.702243E+02
4.114233E+02
6.309479E+02
5.776400E+02
4.606861E+02
5.114153E+02
4.103247E+02
5.679851E+02
5.156888E+02
4.630657E+02
5.171441E+02
3.166849E+02
3.157686E+02
3.164617E+02
4.632480E+02
6.848367E+02
3.578838E+02
5.682685E+02
3.705120E+02
3.166849E+02
4.630657E+02
3.156733E+02
5.229224E+02
5.722345E+02
6.154498E+02
8.767183E+02
4.100370E+02
4.198926E+02
7.771255E+02
5.694514E+02
3.578838E+02
0.000000E+00
5.714193E+02
5.145133E+02
3.169725E+02
3.156733E+02
4.623978E+02
6.207165E+02
5.123285E+02
4.237638E+02
5.156888E+02
5.697028E+02
3.169725E+02
3.578838E+02
6.295491E+02
4.217415E+02
3.166849E+02
8.253568E+02
4.226652E+02
3.700012E+02
3.578838E+02
7.816537E+02
4.111356E+02
6.161236E+02
3.578838E+02
3.578838E+02
3.695312E+02
5.163174E+02
5.156119E+02
5.652771E+02
3.681449E+02
5.775395E+02
7.700136E+02
4.621902E+02
4.216435E+02
2.634331E+02
5.259752E+02
4.109125E+02
3.633285E+02
7.668171E+02
5.142380E+02
5.076188E+02
7.169925E+02
3.601393E+02
6.167220E+02
7.101553E+02
5.587787E+02
5.056447E+02
6.763072E+02
4.024369E+02
4.534915E+02
6.207760E+02
8.882097E+02
7.176994E+02
4.083020E+02
4.147774E+02
4.559764E+02
6.755010E+02
6.221931E+02
5.052392E+02
5.559684E+02
4.548778E+02
6.125382E+02
5.602419E+02
5.076188E+02
5.616972E+02
3.612380E+02
3.603217E+02
3.610148E+02
5.078011E+02
7.293898E+02
4.024369E+02
6.128216E+02
4.150651E+02
3.612380E+02
5.076188E+02
3.602264E+02
5.674755E+02
6.167876E+02
6.600029E+02
9.212714E+02
4.545901E+02
4.644457E+02
8.216786E+02
6.140045E+02
4.024369E+02
5.714193E+02
0.000000E+00
5.590664E+02
3.615256E+02
3.602264E+02
5.069509E+02
6.652696E+02
5.568816E+02
3.618133E+02
5.602419E+02
6.142559E+02
3.615256E+02
4.024369E+02
6.741022E+02
4.662946E+02
3.612380E+02
8.699099E+02
4.672183E+02
4.145543E+02
4.024369E+02
8.262068E+02
4.556887E+02
6.606767E+02
4.024369E+02
4.024369E+02
4.140843E+02
5.608705E+02
5.601650E+02
6.098302E+02
4.126980E+02
6.220926E+02
8.145667E+02
5.067433E+02
4.661966E+02
3.079862E+02
5.705283E+02
4.554656E+02
5.149605E+02
7.116354E+02
5.587911E+02
2.618112E+02
3.698867E+02
3.032333E+02
6.595508E+02
4.643477E+02
2.116730E+02
2.598371E+02
6.194012E+02
1.566294E+02
2.076840E+02
5.638700E+02
8.313037E+02
4.718919E+02
2.564570E+02
3.578714E+02
2.101689E+02
5.115160E+02
5.652871E+02
1.581335E+02
3.101608E+02
2.090703E+02
3.667307E+02
3.144344E+02
2.618112E+02
3.158897E+02
3.043320E+02
3.034157E+02
3.041088E+02
2.619935E+02
6.724838E+02
1.566294E+02
3.670141E+02
3.581591E+02
3.043320E+02
2.618112E+02
3.033204E+02
5.105695E+02
5.598816E+02
4.141953E+02
6.754639E+02
2.087826E+02
4.075397E+02
5.758711E+02
3.681970E+02
1.566294E+02
5.145133E+02
5.590664E+02
0.000000E+00
3.046196E+02
3.033204E+02
2.611434E+02
4.194621E+02
3.110740E+02
4.114109E+02
3.144344E+02
3.684483E+02
3.046196E+02
1.566294E+02
5.222572E+02
4.093886E+02
3.043320E+02
6.241024E+02
4.103123E+02
3.576483E+02
1.566294E+02
7.693008E+02
2.098812E+02
3.135710E+02
1.566294E+02
1.566294E+02
3.571783E+02
3.150630E+02
2.130592E+02
3.640226E+02
3.557920E+02
5.651866E+02
5.687592E+02
2.609358E+02
4.092906E+02
2.510802E+02
5.136223E+02
2.096581E+02
4.580545E+02
5.655626E+02
3.129836E+02
2.531720E+02
4.625458E+02
1.056926E+02
4.620101E+02
4.557086E+02
3.043320E+02
2.511980E+02
4.218604E+02
1.479902E+02
1.990448E+02
3.663293E+02
6.337630E+02
4.632527E+02
1.538553E+02
1.603307E+02
2.015297E+02
4.210543E+02
3.677464E+02
2.507925E+02
3.015216E+02
2.004311E+02
3.580915E+02
3.057952E+02
2.531720E+02
3.072505E+02
1.067912E+02
1.058750E+02
1.065681E+02
2.533544E+02
4.749431E+02
1.479902E+02
3.583749E+02
1.606184E+02
1.067912E+02
2.531720E+02
1.057796E+02
3.130288E+02
3.623409E+02
4.055561E+02
6.668247E+02
2.001434E+02
2.099990E+02
5.672319E+02
3.595578E+02
1.479902E+02
3.169725E+02
3.615256E+02
3.046196E+02
0.000000E+00
1.057796E+02
2.525042E+02
4.108229E+02
3.024348E+02
1.067912E+02
3.057952E+02
3.598091E+02
1.070789E+02
1.479902E+02
4.196555E+02
2.118479E+02
1.067912E+02
6.154632E+02
2.127716E+02
1.601076E+02
1.479902E+02
5.717601E+02
2.012420E+02
4.062300E+02
1.479902E+02
1.479902E+02
1.596376E+02
3.064238E+02
3.057183E+02
3.553834E+02
1.582513E+02
3.676459E+02
5.601200E+02
2.522966E+02
2.117499E+02
5.353947E+01
3.160816E+02
2.010189E+02
2.605138E+02
5.569234E+02
3.043444E+02
2.518728E+02
4.612465E+02
1.043934E+02
4.607108E+02
4.544093E+02
3.030327E+02
2.498987E+02
4.205612E+02
1.466909E+02
1.977455E+02
3.650300E+02
6.324637E+02
4.619534E+02
1.525560E+02
1.590314E+02
2.002304E+02
4.197550E+02
3.664471E+02
2.494932E+02
3.002224E+02
1.991318E+02
3.567922E+02
3.044959E+02
2.518728E+02
3.059512E+02
1.054920E+02
1.045757E+02
1.052688E+02
2.520551E+02
4.736438E+02
1.466909E+02
3.570756E+02
1.593191E+02
1.054920E+02
2.518728E+02
1.044804E+02
3.117295E+02
3.610416E+02
4.042569E+02
6.655254E+02
1.988441E+02
2.086997E+02
5.659326E+02
3.582585E+02
1.466909E+02
3.156733E+02
3.602264E+02
3.033204E+02
1.057796E+02
0.000000E+00
2.512049E+02
4.095236E+02
3.011356E+02
2.125709E+02
3.044959E+02
3.585099E+02
1.057796E+02
1.466909E+02
4.183562E+02
2.105486E+02
1.054920E+02
6.141639E+02
2.114723E+02
1.588083E+02
1.466909E+02
5.704608E+02
1.999427E+02
4.049307E+02
1.466909E+02
1.466909E+02
1.583383E+02
3.051245E+02
3.044190E+02
3.540842E+02
1.569520E+02
3.663466E+02
5.588207E+02
2.509973E+02
2.104506E+02
5.224018E+01
3.147823E+02
1.997196E+02
2.592145E+02
5.556241E+02
3.030451E+02
2.096958E+02
4.190695E+02
2.511179E+02
6.074354E+02
4.122323E+02
2.608557E+02
2.077217E+02
5.672857E+02
1.045140E+02
1.555685E+02
5.117546E+02
7.791883E+02
4.197764E+02
2.043416E+02
3.057560E+02
1.580534E+02
5.664795E+02
5.131717E+02
2.073162E+02
2.580454E+02
1.569548E+02
3.146152E+02
2.623190E+02
2.096958E+02
2.637743E+02
2.522165E+02
2.513002E+02
2.519934E+02
2.098781E+02
6.203684E+02
1.045140E+02
3.148987E+02
3.060437E+02
2.522165E+02
2.096958E+02
2.512049E+02
4.584540E+02
5.077662E+02
3.620799E+02
6.233484E+02
1.566672E+02
3.554243E+02
5.237556E+02
3.160816E+02
1.045140E+02
4.623978E+02
5.069509E+02
2.611434E+02
2.525042E+02
2.512049E+02
0.000000E+00
3.673466E+02
2.589586E+02
3.592955E+02
2.623190E+02
3.163329E+02
2.525042E+02
1.045140E+02
4.701418E+02
3.572732E+02
2.522165E+02
5.719869E+02
3.581968E+02
3.055329E+02
1.045140E+02
7.171854E+02
1.577658E+02
3.627538E+02
1.045140E+02
1.045140E+02
3.050628E+02
2.629476E+02
2.622420E+02
3.119072E+02
3.036766E+02
5.130711E+02
5.166438E+02
2.088203E+02
3.571752E+02
1.989647E+02
4.615069E+02
1.575426E+02
4.059391E+02
5.134472E+02
2.608681E+02
3.680145E+02
5.773882E+02
4.094366E+02
7.657540E+02
5.705510E+02
4.191744E+02
3.660404E+02
7.256044E+02
2.628326E+02
3.138872E+02
6.700733E+02
9.375070E+02
5.780951E+02
3.626602E+02
4.640747E+02
3.163721E+02
7.247982E+02
6.714903E+02
3.656349E+02
4.163641E+02
3.152735E+02
4.729339E+02
4.206376E+02
3.680145E+02
3.160356E+02
4.105352E+02
4.096189E+02
4.103121E+02
2.621395E+02
7.786871E+02
2.628326E+02
4.732173E+02
4.643623E+02
4.105352E+02
3.680145E+02
4.095236E+02
6.167727E+02
6.660849E+02
5.203986E+02
7.816671E+02
3.149858E+02
5.137429E+02
6.820743E+02
3.683430E+02
2.628326E+02
6.207165E+02
6.652696E+02
4.194621E+02
4.108229E+02
4.095236E+02
3.673466E+02
0.000000E+00
4.172773E+02
5.176141E+02
4.206376E+02
4.746516E+02
4.108229E+02
2.628326E+02
6.284604E+02
5.155918E+02
4.105352E+02
6.281401E+02
5.165155E+02
4.638515E+02
2.628326E+02
8.755041E+02
3.160844E+02
5.210724E+02
2.628326E+02
2.628326E+02
4.633815E+02
4.212662E+02
4.205607E+02
4.702259E+02
4.619952E+02
6.713898E+02
6.749624E+02
3.671390E+02
5.154939E+02
3.572834E+02
6.198255E+02
3.158613E+02
5.642577E+02
6.717658E+02
4.191868E+02
2.596264E+02
4.690001E+02
3.010485E+02
6.573660E+02
4.621629E+02
3.107863E+02
2.576523E+02
6.172164E+02
1.544446E+02
2.054992E+02
5.616852E+02
8.291189E+02
4.697071E+02
2.542722E+02
3.556866E+02
2.079841E+02
6.164102E+02
5.631023E+02
2.572469E+02
3.079760E+02
2.068855E+02
3.645459E+02
3.122496E+02
2.596264E+02
3.137049E+02
3.021472E+02
3.012309E+02
3.019240E+02
2.598087E+02
6.702990E+02
1.544446E+02
3.648293E+02
3.559743E+02
3.021472E+02
2.596264E+02
3.011356E+02
5.083847E+02
5.576968E+02
4.120105E+02
6.732791E+02
2.065978E+02
4.053549E+02
5.736863E+02
3.660122E+02
1.544446E+02
5.123285E+02
5.568816E+02
3.110740E+02
3.024348E+02
3.011356E+02
2.589586E+02
4.172773E+02
0.000000E+00
4.092261E+02
3.122496E+02
3.662635E+02
3.024348E+02
1.544446E+02
5.200724E+02
4.072038E+02
3.021472E+02
6.219176E+02
4.081275E+02
3.554635E+02
1.544446E+02
7.671160E+02
2.076964E+02
4.126844E+02
1.544446E+02
1.544446E+02
3.549935E+02
3.128782E+02
3.121726E+02
3.618378E+02
3.536072E+02
5.630018E+02
5.665744E+02
2.587510E+02
4.071058E+02
2.488954E+02
5.114375E+02
2.074733E+02
4.558697E+02
5.633778E+02
3.107988E+02
3.599633E+02
5.693370E+02
2.124839E+02
5.688013E+02
5.624998E+02
4.111232E+02
3.579892E+02
5.286517E+02
2.547815E+02
3.058360E+02
4.731206E+02
7.405543E+02
5.700439E+02
2.606465E+02
2.671220E+02
3.083209E+02
5.278455E+02
4.745376E+02
3.575837E+02
4.083129E+02
3.072223E+02
4.648827E+02
4.125865E+02
3.599633E+02
4.140418E+02
2.135825E+02
2.126662E+02
2.133594E+02
3.601456E+02
5.817344E+02
2.547815E+02
4.651662E+02
2.674096E+02
2.135825E+02
3.599633E+02
2.125709E+02
4.198200E+02
4.691322E+02
5.123474E+02
7.736159E+02
3.069347E+02
3.167902E+02
6.740231E+02
4.663491E+02
2.547815E+02
4.237638E+02
3.618133E+02
4.114109E+02
1.067912E+02
2.125709E+02
3.592955E+02
5.176141E+02
4.092261E+02
0.000000E+00
4.125865E+02
4.666004E+02
2.138702E+02
2.547815E+02
5.264467E+02
3.186391E+02
2.135825E+02
7.222544E+02
3.195628E+02
2.668988E+02
2.547815E+02
6.785514E+02
3.080333E+02
5.130213E+02
2.547815E+02
2.547815E+02
2.664288E+02
4.132151E+02
4.125095E+02
4.621747E+02
2.650425E+02
4.744371E+02
6.669113E+02
3.590878E+02
3.185412E+02
1.603307E+02
4.228728E+02
3.078101E+02
3.673050E+02
6.637147E+02
4.111356E+02
2.629868E+02
4.723605E+02
3.044089E+02
6.607264E+02
4.655233E+02
3.141467E+02
2.610127E+02
6.205767E+02
1.578050E+02
2.088595E+02
5.650456E+02
8.324793E+02
4.730674E+02
2.576326E+02
3.590470E+02
2.113445E+02
6.197706E+02
5.664627E+02
2.606073E+02
3.113364E+02
2.102458E+02
3.679062E+02
3.156100E+02
2.629868E+02
3.170653E+02
3.055075E+02
3.045912E+02
3.052844E+02
1.584981E+02
6.736594E+02
1.578050E+02
2.621324E+02
3.593347E+02
3.055075E+02
2.629868E+02
3.044959E+02
5.117450E+02
5.610572E+02
4.153709E+02
6.766394E+02
2.099582E+02
4.087153E+02
5.770466E+02
3.693726E+02
1.578050E+02
5.156888E+02
5.602419E+02
3.144344E+02
3.057952E+02
3.044959E+02
2.623190E+02
4.206376E+02
3.122496E+02
4.125865E+02
0.000000E+00
3.696239E+02
3.057952E+02
1.578050E+02
5.234328E+02
4.105642E+02
3.055075E+02
6.252779E+02
4.114879E+02
3.588239E+02
1.578050E+02
7.704764E+02
2.110568E+02
3.099875E+02
1.578050E+02
1.578050E+02
3.583539E+02
2.101813E+02
3.155330E+02
3.651982E+02
3.569676E+02
5.663621E+02
5.699348E+02
2.621113E+02
4.104662E+02
2.522558E+02
5.147979E+02
2.108336E+02
4.592301E+02
5.667382E+02
3.141591E+02
3.170007E+02
5.263744E+02
3.584228E+02
7.147403E+02
5.195372E+02
3.681606E+02
3.150266E+02
6.745907E+02
2.118189E+02
2.628735E+02
6.190595E+02
8.864932E+02
5.270814E+02
3.116465E+02
4.130609E+02
2.653584E+02
6.737845E+02
6.204766E+02
3.146212E+02
3.653503E+02
2.642598E+02
4.219202E+02
3.696239E+02
3.170007E+02
3.710792E+02
3.595215E+02
3.586052E+02
3.592983E+02
3.171830E+02
7.276733E+02
2.118189E+02
4.222036E+02
4.133486E+02
3.595215E+02
3.170007E+02
3.585099E+02
5.657590E+02
6.150711E+02
4.693848E+02
7.306534E+02
2.639721E+02
4.627292E+02
6.310606E+02
4.233865E+02
2.118189E+02
5.697028E+02
6.142559E+02
3.684483E+02
3.598091E+02
3.585099E+02
3.163329E+02
4.746516E+02
3.662635E+02
4.666004E+02
3.696239E+02
0.000000E+00
3.598091E+02
2.118189E+02
5.774467E+02
4.645781E+02
3.595215E+02
6.792919E+02
4.655018E+02
4.128378E+02
2.118189E+02
8.244903E+02
2.650707E+02
4.700587E+02
2.118189E+02
2.118189E+02
4.123678E+02
3.702525E+02
3.695469E+02
4.192121E+02
4.109815E+02
6.203761E+02
6.239487E+02
3.161253E+02
4.644801E+02
3.062697E+02
5.688118E+02
2.648475E+02
5.132440E+02
6.207521E+02
3.681731E+02
2.531720E+02
4.625458E+02
1.056926E+02
4.620101E+02
4.557086E+02
3.043320E+02
2.511980E+02
4.218604E+02
1.479902E+02
1.990448E+02
3.663293E+02
6.337630E+02
4.632527E+02
1.538553E+02
1.603307E+02
2.015297E+02
4.210543E+02
3.677464E+02
2.507925E+02
3.015216E+02
2.004311E+02
3.580915E+02
3.057952E+02
2.531720E+02
3.072505E+02
1.067912E+02
1.058750E+02
1.065681E+02
2.533544E+02
4.749431E+02
1.479902E+02
3.583749E+02
1.606184E+02
1.067912E+02
2.531720E+02
1.057796E+02
3.130288E+02
3.623409E+02
4.055561E+02
6.668247E+02
2.001434E+02
2.099990E+02
5.672319E+02
3.595578E+02
1.479902E+02
3.169725E+02
3.615256E+02
3.046196E+02
1.070789E+02
1.057796E+02
2.525042E+02
4.108229E+02
3.024348E+02
2.138702E+02
3.057952E+02
3.598091E+02
0.000000E+00
1.479902E+02
4.196555E+02
2.118479E+02
1.067912E+02
6.154632E+02
2.127716E+02
1.601076E+02
1.479902E+02
5.717601E+02
2.012420E+02
4.062300E+02
1.479902E+02
1.479902E+02
1.596376E+02
3.064238E+02
3.057183E+02
3.553834E+02
1.582513E+02
3.676459E+02
5.601200E+02
2.522966E+02
2.117499E+02
5.353947E+01
3.160816E+02
2.010189E+02
2.605138E+02
5.569234E+02
3.043444E+02
1.051818E+02
3.145555E+02
1.466039E+02
5.029214E+02
3.077183E+02
1.563417E+02
1.032077E+02
4.627717E+02
0.000000E+00
5.105456E+01
4.072406E+02
6.746743E+02
3.152624E+02
9.982759E+01
2.012420E+02
5.353947E+01
4.619656E+02
4.086577E+02
1.028023E+02
1.535314E+02
5.244085E+01
2.101013E+02
1.578050E+02
1.051818E+02
1.592603E+02
1.477025E+02
1.467863E+02
1.474794E+02
1.053641E+02
5.158544E+02
0.000000E+00
2.103847E+02
2.015297E+02
1.477025E+02
1.051818E+02
1.466909E+02
3.539401E+02
4.032522E+02
2.575659E+02
5.188345E+02
5.215317E+01
2.509103E+02
4.192417E+02
2.115676E+02
0.000000E+00
3.578838E+02
4.024369E+02
1.566294E+02
1.479902E+02
1.466909E+02
1.045140E+02
2.628326E+02
1.544446E+02
2.547815E+02
1.578050E+02
2.118189E+02
1.479902E+02
0.000000E+00
3.656278E+02
2.527592E+02
1.477025E+02
4.674730E+02
2.536829E+02
2.010189E+02
0.000000E+00
6.126714E+02
5.325178E+01
2.582398E+02
0.000000E+00
0.000000E+00
2.005489E+02
1.584336E+02
1.577280E+02
2.073932E+02
1.991626E+02
4.085572E+02
4.121298E+02
1.043063E+02
2.526612E+02
9.445077E+01
3.569929E+02
5.302864E+01
3.014251E+02
4.089332E+02
1.563542E+02
4.708096E+02
6.801833E+02
4.182692E+02
7.745867E+02
6.733461E+02
5.219695E+02
4.688355E+02
7.344370E+02
3.656278E+02
4.166824E+02
6.789059E+02
9.463396E+02
6.808902E+02
3.714928E+02
4.729073E+02
4.191673E+02
7.336308E+02
6.803230E+02
4.684301E+02
5.191592E+02
4.180686E+02
5.757291E+02
5.234328E+02
4.708096E+02
5.248881E+02
4.193678E+02
4.184515E+02
4.191447E+02
4.709919E+02
7.875197E+02
3.656278E+02
5.760125E+02
4.731950E+02
4.193678E+02
4.708096E+02
4.183562E+02
6.256053E+02
6.749175E+02
6.231937E+02
8.844623E+02
4.177810E+02
5.225755E+02
7.848695E+02
5.771954E+02
3.656278E+02
6.295491E+02
6.741022E+02
5.222572E+02
4.196555E+02
4.183562E+02
4.701418E+02
6.284604E+02
5.200724E+02
5.264467E+02
5.234328E+02
5.774467E+02
4.196555E+02
3.656278E+02
0.000000E+00
5.244245E+02
4.193678E+02
8.331008E+02
5.253481E+02
4.726841E+02
3.656278E+02
8.843367E+02
4.188796E+02
6.238676E+02
3.656278E+02
3.656278E+02
4.722141E+02
5.240614E+02
5.233558E+02
5.730210E+02
4.708278E+02
6.802224E+02
7.777576E+02
4.699341E+02
5.243265E+02
3.661160E+02
6.286581E+02
4.186564E+02
5.730904E+02
7.745610E+02
5.219819E+02
3.579410E+02
5.673147E+02
2.104616E+02
5.667791E+02
5.604775E+02
4.091009E+02
3.559669E+02
5.266294E+02
2.527592E+02
3.038138E+02
4.710983E+02
7.385320E+02
5.680216E+02
2.586242E+02
2.650997E+02
3.062987E+02
5.258232E+02
4.725154E+02
3.555615E+02
4.062906E+02
3.052001E+02
4.628605E+02
4.105642E+02
3.579410E+02
4.120195E+02
2.115602E+02
2.106439E+02
2.113371E+02
3.581233E+02
5.797121E+02
2.527592E+02
4.631439E+02
2.653874E+02
2.115602E+02
3.579410E+02
2.105486E+02
4.177977E+02
4.671099E+02
5.103251E+02
7.715937E+02
3.049124E+02
3.147679E+02
6.720009E+02
4.643268E+02
2.527592E+02
4.217415E+02
4.662946E+02
4.093886E+02
2.118479E+02
2.105486E+02
3.572732E+02
5.155918E+02
4.072038E+02
3.186391E+02
4.105642E+02
4.645781E+02
2.118479E+02
2.527592E+02
5.244245E+02
0.000000E+00
2.115602E+02
7.202322E+02
3.175405E+02
2.648765E+02
2.527592E+02
6.765291E+02
3.060110E+02
5.109990E+02
2.527592E+02
2.527592E+02
2.644065E+02
4.111928E+02
4.104872E+02
4.601524E+02
2.630202E+02
4.724148E+02
6.648890E+02
3.570655E+02
3.165189E+02
1.583084E+02
4.208505E+02
3.057878E+02
3.652828E+02
6.616924E+02
4.091133E+02
2.528844E+02
4.622581E+02
1.054050E+02
4.617224E+02
4.554209E+02
3.040443E+02
2.509103E+02
4.215728E+02
1.477025E+02
1.987571E+02
3.660416E+02
6.334753E+02
4.629650E+02
1.535676E+02
1.600430E+02
2.012420E+02
4.207666E+02
3.674587E+02
2.505048E+02
3.012340E+02
2.001434E+02
3.578038E+02
3.055075E+02
2.528844E+02
3.069628E+02
1.065036E+02
1.055873E+02
1.062804E+02
2.530667E+02
4.746554E+02
1.477025E+02
3.580872E+02
1.603307E+02
1.065036E+02
2.528844E+02
1.054920E+02
3.127411E+02
3.620532E+02
4.052685E+02
6.665370E+02
1.998557E+02
2.097113E+02
5.669442E+02
3.592701E+02
1.477025E+02
3.166849E+02
3.612380E+02
3.043320E+02
1.067912E+02
1.054920E+02
2.522165E+02
4.105352E+02
3.021472E+02
2.135825E+02
3.055075E+02
3.595215E+02
1.067912E+02
1.477025E+02
4.193678E+02
2.115602E+02
0.000000E+00
6.151755E+02
2.124839E+02
1.598199E+02
1.477025E+02
5.714724E+02
2.009543E+02
4.059423E+02
1.477025E+02
1.477025E+02
1.593499E+02
3.061361E+02
3.054306E+02
3.550958E+02
1.579636E+02
3.673582E+02
5.598323E+02
2.520089E+02
2.114622E+02
5.325178E+01
3.157939E+02
2.007312E+02
2.602261E+02
5.566358E+02
3.040567E+02
5.726548E+02
7.820285E+02
6.140769E+02
9.703944E+02
7.751913E+02
6.238147E+02
5.706807E+02
9.302447E+02
4.674730E+02
5.185275E+02
8.747136E+02
1.142147E+03
7.827354E+02
5.673005E+02
6.687150E+02
5.210124E+02
9.294385E+02
8.761307E+02
5.702752E+02
6.210044E+02
5.199138E+02
6.775742E+02
6.252779E+02
5.726548E+02
6.267332E+02
6.151755E+02
6.142592E+02
6.149524E+02
5.728371E+02
9.833274E+02
4.674730E+02
6.778576E+02
6.690027E+02
6.151755E+02
5.726548E+02
6.141639E+02
8.214130E+02
8.707252E+02
7.250389E+02
9.863074E+02
5.196261E+02
7.183832E+02
8.867146E+02
6.790406E+02
4.674730E+02
8.253568E+02
8.699099E+02
6.241024E+02
6.154632E+02
6.141639E+02
5.719869E+02
6.281401E+02
6.219176E+02
7.222544E+02
6.252779E+02
6.792919E+02
6.154632E+02
4.674730E+02
8.331008E+02
7.202322E+02
6.151755E+02
0.000000E+00
7.211558E+02
6.684918E+02
4.674730E+02
1.080144E+03
5.207247E+02
7.257127E+02
4.674730E+02
4.674730E+02
6.680218E+02
6.259066E+02
6.252010E+02
6.748662E+02
6.666355E+02
8.760301E+02
8.796028E+02
5.717793E+02
7.201342E+02
5.619237E+02
8.244658E+02
5.205016E+02
7.688981E+02
8.764062E+02
6.238271E+02
3.588647E+02
5.682384E+02
1.070789E+02
5.677027E+02
5.614012E+02
3.057183E+02
2.525843E+02
5.275531E+02
2.536829E+02
3.047374E+02
4.720220E+02
7.394557E+02
5.689453E+02
2.595479E+02
2.660234E+02
3.072223E+02
5.267469E+02
4.734390E+02
2.521788E+02
4.072143E+02
3.061237E+02
4.637841E+02
4.114879E+02
2.545583E+02
4.129431E+02
2.124839E+02
2.115676E+02
2.122607E+02
3.590470E+02
5.806357E+02
2.536829E+02
4.640675E+02
2.663110E+02
2.124839E+02
3.588647E+02
2.114723E+02
4.187214E+02
4.680335E+02
4.069424E+02
7.725173E+02
2.015297E+02
3.156916E+02
6.729245E+02
4.652505E+02
2.536829E+02
4.226652E+02
4.672183E+02
4.103123E+02
2.127716E+02
2.114723E+02
3.581968E+02
5.165155E+02
4.081275E+02
3.195628E+02
4.114879E+02
4.655018E+02
2.127716E+02
2.536829E+02
5.253481E+02
3.175405E+02
2.124839E+02
7.211558E+02
0.000000E+00
2.658002E+02
2.536829E+02
6.774528E+02
3.069347E+02
5.119226E+02
2.536829E+02
2.536829E+02
2.653302E+02
4.121165E+02
4.114109E+02
4.610761E+02
1.596376E+02
3.690321E+02
6.658127E+02
3.579892E+02
3.174426E+02
1.592321E+02
4.217742E+02
3.067115E+02
3.662064E+02
6.626161E+02
3.057307E+02
3.062007E+02
5.155744E+02
1.587213E+02
5.150387E+02
5.087372E+02
3.573606E+02
3.042266E+02
4.748891E+02
2.010189E+02
2.520734E+02
4.193580E+02
6.867917E+02
5.162813E+02
2.068839E+02
2.133594E+02
2.545583E+02
4.740829E+02
4.207750E+02
3.038211E+02
3.545503E+02
2.534597E+02
4.111201E+02
3.588239E+02
3.062007E+02
3.602791E+02
1.598199E+02
1.589036E+02
1.595967E+02
3.063830E+02
5.279717E+02
2.010189E+02
4.114035E+02
2.136470E+02
1.598199E+02
3.062007E+02
1.588083E+02
3.660574E+02
4.153695E+02
4.585848E+02
7.198533E+02
2.531720E+02
2.630276E+02
6.202605E+02
4.125865E+02
2.010189E+02
3.700012E+02
4.145543E+02
3.576483E+02
1.601076E+02
1.588083E+02
3.055329E+02
4.638515E+02
3.554635E+02
2.668988E+02
3.588239E+02
4.128378E+02
1.601076E+02
2.010189E+02
4.726841E+02
2.648765E+02
1.598199E+02
6.684918E+02
2.658002E+02
0.000000E+00
2.010189E+02
6.247888E+02
2.542707E+02
4.592587E+02
2.010189E+02
2.010189E+02
2.126662E+02
3.594525E+02
3.587469E+02
4.084121E+02
2.112799E+02
4.206745E+02
6.131487E+02
3.053252E+02
2.647786E+02
1.065681E+02
3.691102E+02
2.540475E+02
3.135424E+02
6.099521E+02
3.573730E+02
1.051818E+02
3.145555E+02
1.466039E+02
5.029214E+02
3.077183E+02
1.563417E+02
1.032077E+02
4.627717E+02
0.000000E+00
5.105456E+01
4.072406E+02
6.746743E+02
3.152624E+02
9.982759E+01
2.012420E+02
5.353947E+01
4.619656E+02
4.086577E+02
1.028023E+02
1.535314E+02
5.244085E+01
2.101013E+02
1.578050E+02
1.051818E+02
1.592603E+02
1.477025E+02
1.467863E+02
1.474794E+02
1.053641E+02
5.158544E+02
0.000000E+00
2.103847E+02
2.015297E+02
1.477025E+02
1.051818E+02
1.466909E+02
3.539401E+02
4.032522E+02
2.575659E+02
5.188345E+02
5.215317E+01
2.509103E+02
4.192417E+02
2.115676E+02
0.000000E+00
3.578838E+02
4.024369E+02
1.566294E+02
1.479902E+02
1.466909E+02
1.045140E+02
2.628326E+02
1.544446E+02
2.547815E+02
1.578050E+02
2.118189E+02
1.479902E+02
0.000000E+00
3.656278E+02
2.527592E+02
1.477025E+02
4.674730E+02
2.536829E+02
2.010189E+02
0.000000E+00
6.126714E+02
5.325178E+01
2.582398E+02
0.000000E+00
0.000000E+00
2.005489E+02
1.584336E+02
1.577280E+02
2.073932E+02
1.991626E+02
4.085572E+02
4.121298E+02
1.043063E+02
2.526612E+02
9.445077E+01
3.569929E+02
5.302864E+01
3.014251E+02
4.089332E+02
1.563542E+02
7.178532E+02
7.200755E+02
5.703738E+02
7.231088E+02
8.209536E+02
7.690132E+02
7.158792E+02
7.835365E+02
6.126714E+02
6.637260E+02
8.310105E+02
1.098444E+03
9.279339E+02
6.185365E+02
6.250119E+02
6.662109E+02
7.815892E+02
8.324276E+02
7.154737E+02
7.662028E+02
6.651123E+02
7.186264E+02
7.704764E+02
7.178532E+02
7.719317E+02
5.714724E+02
5.705562E+02
5.712493E+02
7.180356E+02
8.354780E+02
6.126714E+02
8.230561E+02
6.252996E+02
5.714724E+02
7.178532E+02
5.704608E+02
7.777099E+02
6.234396E+02
8.702373E+02
1.032070E+03
6.648246E+02
6.746802E+02
1.031913E+03
8.242390E+02
6.126714E+02
7.816537E+02
8.262068E+02
7.693008E+02
5.717601E+02
5.704608E+02
7.171854E+02
8.755041E+02
7.671160E+02
6.785514E+02
7.704764E+02
8.244903E+02
5.717601E+02
6.126714E+02
8.843367E+02
6.765291E+02
5.714724E+02
1.080144E+03
6.774528E+02
6.247888E+02
6.126714E+02
0.000000E+00
6.659232E+02
8.709112E+02
6.126714E+02
6.126714E+02
6.243188E+02
7.711050E+02
7.703994E+02
8.200646E+02
6.229325E+02
8.323270E+02
7.169124E+02
7.169778E+02
6.764311E+02
5.182207E+02
6.766165E+02
6.657001E+02
7.251950E+02
1.021605E+03
7.690256E+02
1.584336E+02
3.678073E+02
1.998557E+02
5.561732E+02
3.609701E+02
2.095935E+02
1.564595E+02
5.160235E+02
5.325178E+01
1.043063E+02
4.604924E+02
7.279261E+02
3.685142E+02
1.530794E+02
2.544938E+02
1.067912E+02
5.152174E+02
4.619095E+02
1.560540E+02
2.067832E+02
1.056926E+02
2.633530E+02
2.110568E+02
1.584336E+02
2.125121E+02
2.009543E+02
2.000380E+02
2.007312E+02
1.586159E+02
5.691062E+02
5.325178E+01
2.636365E+02
2.547815E+02
2.009543E+02
1.584336E+02
1.999427E+02
4.071918E+02
4.565040E+02
3.108177E+02
5.720862E+02
1.054050E+02
3.041621E+02
4.724934E+02
2.648194E+02
5.325178E+01
4.111356E+02
4.556887E+02
2.098812E+02
2.012420E+02
1.999427E+02
1.577658E+02
3.160844E+02
2.076964E+02
3.080333E+02
2.110568E+02
2.650707E+02
2.012420E+02
5.325178E+01
4.188796E+02
3.060110E+02
2.009543E+02
5.207247E+02
3.069347E+02
2.542707E+02
5.325178E+01
6.659232E+02
0.000000E+00
3.114916E+02
5.325178E+01
5.325178E+01
2.538007E+02
2.116854E+02
2.109798E+02
2.606450E+02
2.524144E+02
4.618089E+02
4.653816E+02
1.575581E+02
3.059130E+02
1.477025E+02
4.102447E+02
1.062804E+02
3.546769E+02
4.621850E+02
2.096059E+02
3.634216E+02
4.714971E+02
4.048437E+02
7.611612E+02
5.659581E+02
3.132833E+02
3.614475E+02
7.210115E+02
2.582398E+02
3.092943E+02
6.654804E+02
9.329141E+02
5.735022E+02
3.580674E+02
4.594818E+02
3.117792E+02
7.202053E+02
6.668975E+02
2.597439E+02
4.117712E+02
3.106806E+02
4.683410E+02
4.160448E+02
3.634216E+02
4.175001E+02
4.059423E+02
4.050260E+02
4.057192E+02
3.636039E+02
7.740942E+02
2.582398E+02
3.625672E+02
4.597695E+02
4.059423E+02
3.634216E+02
4.049307E+02
6.121798E+02
6.614920E+02
5.158057E+02
7.770742E+02
3.103930E+02
5.091501E+02
4.748609E+02
4.698074E+02
2.582398E+02
6.161236E+02
6.606767E+02
3.135710E+02
4.062300E+02
4.049307E+02
3.627538E+02
5.210724E+02
4.126844E+02
5.130213E+02
3.099875E+02
4.700587E+02
4.062300E+02
2.582398E+02
6.238676E+02
5.109990E+02
4.059423E+02
7.257127E+02
5.119226E+02
4.592587E+02
2.582398E+02
8.709112E+02
3.114916E+02
0.000000E+00
2.582398E+02
2.582398E+02
4.587886E+02
3.106161E+02
3.146696E+02
4.656330E+02
4.574024E+02
6.667969E+02
6.703696E+02
3.625461E+02
5.109010E+02
3.526905E+02
6.152327E+02
3.112684E+02
5.596649E+02
6.671730E+02
4.145939E+02
1.051818E+02
3.145555E+02
1.466039E+02
5.029214E+02
3.077183E+02
1.563417E+02
1.032077E+02
4.627717E+02
0.000000E+00
5.105456E+01
4.072406E+02
6.746743E+02
3.152624E+02
9.982759E+01
2.012420E+02
5.353947E+01
4.619656E+02
4.086577E+02
1.028023E+02
1.535314E+02
5.244085E+01
2.101013E+02
1.578050E+02
1.051818E+02
1.592603E+02
1.477025E+02
1.467863E+02
1.474794E+02
1.053641E+02
5.158544E+02
0.000000E+00
2.103847E+02
2.015297E+02
1.477025E+02
1.051818E+02
1.466909E+02
3.539401E+02
4.032522E+02
2.575659E+02
5.188345E+02
5.215317E+01
2.509103E+02
4.192417E+02
2.115676E+02
0.000000E+00
3.578838E+02
4.024369E+02
1.566294E+02
1.479902E+02
1.466909E+02
1.045140E+02
2.628326E+02
1.544446E+02
2.547815E+02
1.578050E+02
2.118189E+02
1.479902E+02
0.000000E+00
3.656278E+02
2.527592E+02
1.477025E+02
4.674730E+02
2.536829E+02
2.010189E+02
0.000000E+00
6.126714E+02
5.325178E+01
2.582398E+02
0.000000E+00
0.000000E+00
2.005489E+02
1.584336E+02
1.577280E+02
2.073932E+02
1.991626E+02
4.085572E+02
4.121298E+02
1.043063E+02
2.526612E+02
9.445077E+01
3.569929E+02
5.302864E+01
3.014251E+02
4.089332E+02
1.563542E+02
1.051818E+02
3.145555E+02
1.466039E+02
5.029214E+02
3.077183E+02
1.563417E+02
1.032077E+02
4.627717E+02
0.000000E+00
5.105456E+01
4.072406E+02
6.746743E+02
3.152624E+02
9.982759E+01
2.012420E+02
5.353947E+01
4.619656E+02
4.086577E+02
1.028023E+02
1.535314E+02
5.244085E+01
2.101013E+02
1.578050E+02
1.051818E+02
1.592603E+02
1.477025E+02
1.467863E+02
1.474794E+02
1.053641E+02
5.158544E+02
0.000000E+00
2.103847E+02
2.015297E+02
1.477025E+02
1.051818E+02
1.466909E+02
3.539401E+02
4.032522E+02
2.575659E+02
5.188345E+02
5.215317E+01
2.509103E+02
4.192417E+02
2.115676E+02
0.000000E+00
3.578838E+02
4.024369E+02
1.566294E+02
1.479902E+02
1.466909E+02
1.045140E+02
2.628326E+02
1.544446E+02
2.547815E+02
1.578050E+02
2.118189E+02
1.479902E+02
0.000000E+00
3.656278E+02
2.527592E+02
1.477025E+02
4.674730E+02
2.536829E+02
2.010189E+02
0.000000E+00
6.126714E+02
5.325178E+01
2.582398E+02
0.000000E+00
0.000000E+00
2.005489E+02
1.584336E+02
1.577280E+02
2.073932E+02
1.991626E+02
4.085572E+02
4.121298E+02
1.043063E+02
2.526612E+02
9.445077E+01
3.569929E+02
5.302864E+01
3.014251E+02
4.089332E+02
1.563542E+02
3.057307E+02
5.151044E+02
1.582513E+02
5.145687E+02
5.082672E+02
3.568906E+02
3.037566E+02
4.744191E+02
2.005489E+02
2.516034E+02
4.188880E+02
6.863217E+02
5.158113E+02
2.064139E+02
2.128894E+02
2.540883E+02
4.736129E+02
4.203050E+02
3.033511E+02
3.540803E+02
2.529897E+02
4.106501E+02
3.583539E+02
3.057307E+02
3.598091E+02
1.593499E+02
1.584336E+02
1.591267E+02
3.059130E+02
5.275017E+02
2.005489E+02
4.109335E+02
2.131770E+02
1.593499E+02
3.057307E+02
1.583383E+02
3.655874E+02
4.148995E+02
4.581148E+02
7.193833E+02
2.527020E+02
2.625576E+02
6.197905E+02
4.121165E+02
2.005489E+02
3.695312E+02
4.140843E+02
3.571783E+02
1.596376E+02
1.583383E+02
3.050628E+02
4.633815E+02
3.549935E+02
2.664288E+02
3.583539E+02
4.123678E+02
1.596376E+02
2.005489E+02
4.722141E+02
2.644065E+02
1.593499E+02
6.680218E+02
2.653302E+02
2.126662E+02
2.005489E+02
6.243188E+02
2.538007E+02
4.587886E+02
2.005489E+02
2.005489E+02
0.000000E+00
3.589825E+02
3.582769E+02
4.079421E+02
2.108099E+02
4.202045E+02
6.126787E+02
3.048552E+02
2.643086E+02
1.060981E+02
3.686402E+02
2.535775E+02
3.130724E+02
6.094821E+02
3.569030E+02
2.636154E+02
4.729891E+02
3.050375E+02
6.613550E+02
4.661519E+02
3.147753E+02
2.616413E+02
6.212053E+02
1.584336E+02
2.094882E+02
5.656742E+02
8.331079E+02
4.736960E+02
2.582612E+02
3.596756E+02
2.119731E+02
6.203992E+02
5.670913E+02
2.612359E+02
3.119650E+02
2.108744E+02
3.685349E+02
3.162386E+02
2.636154E+02
3.176939E+02
3.061361E+02
3.052199E+02
3.059130E+02
2.637977E+02
6.742880E+02
1.584336E+02
1.556821E+02
3.599633E+02
3.061361E+02
2.636154E+02
3.051245E+02
5.123736E+02
5.616858E+02
4.159995E+02
6.772681E+02
2.105868E+02
4.093439E+02
5.776753E+02
3.700012E+02
1.584336E+02
5.163174E+02
5.608705E+02
3.150630E+02
3.064238E+02
3.051245E+02
2.629476E+02
4.212662E+02
3.128782E+02
4.132151E+02
2.101813E+02
3.702525E+02
3.064238E+02
1.584336E+02
5.240614E+02
4.111928E+02
3.061361E+02
6.259066E+02
4.121165E+02
3.594525E+02
1.584336E+02
7.711050E+02
2.116854E+02
3.106161E+02
1.584336E+02
1.584336E+02
3.589825E+02
0.000000E+00
3.161616E+02
3.658268E+02
3.575962E+02
5.669907E+02
5.705634E+02
2.627399E+02
4.110948E+02
2.528844E+02
5.154265E+02
2.114622E+02
4.598587E+02
5.673668E+02
3.147877E+02
2.629098E+02
3.709854E+02
3.043320E+02
6.606494E+02
4.654464E+02
2.127716E+02
2.609358E+02
6.204998E+02
1.577280E+02
2.087826E+02
5.649687E+02
8.324023E+02
4.729905E+02
2.575556E+02
3.589700E+02
2.112675E+02
6.196936E+02
5.663857E+02
1.592321E+02
3.112594E+02
2.101689E+02
3.678293E+02
3.155330E+02
2.629098E+02
3.169883E+02
3.054306E+02
3.045143E+02
3.052074E+02
2.630922E+02
6.735824E+02
1.577280E+02
3.681127E+02
3.592577E+02
3.054306E+02
2.629098E+02
3.044190E+02
5.116681E+02
5.609802E+02
4.152939E+02
6.765625E+02
2.098812E+02
4.086383E+02
5.769697E+02
3.692956E+02
1.577280E+02
5.156119E+02
5.601650E+02
2.130592E+02
3.057183E+02
3.044190E+02
2.622420E+02
4.205607E+02
3.121726E+02
4.125095E+02
3.155330E+02
3.695469E+02
3.057183E+02
1.577280E+02
5.233558E+02
4.104872E+02
3.054306E+02
6.252010E+02
4.114109E+02
3.587469E+02
1.577280E+02
7.703994E+02
2.109798E+02
3.146696E+02
1.577280E+02
1.577280E+02
3.582769E+02
3.161616E+02
0.000000E+00
3.651212E+02
3.568906E+02
5.662852E+02
5.698578E+02
2.620344E+02
4.103892E+02
2.521788E+02
5.147209E+02
2.107567E+02
4.591531E+02
5.666612E+02
3.140822E+02
3.125750E+02
5.219487E+02
3.539971E+02
6.115844E+02
5.151115E+02
3.637349E+02
3.106009E+02
6.701650E+02
2.073932E+02
2.584478E+02
5.089412E+02
8.820675E+02
5.226557E+02
3.072208E+02
4.086352E+02
2.609327E+02
6.693588E+02
6.160509E+02
3.101955E+02
3.609246E+02
2.598341E+02
4.174945E+02
3.651982E+02
3.125750E+02
3.666535E+02
3.550958E+02
3.541795E+02
3.548726E+02
3.127573E+02
7.232476E+02
2.073932E+02
4.177779E+02
4.089229E+02
3.550958E+02
3.125750E+02
3.540842E+02
5.613333E+02
6.106454E+02
4.649591E+02
6.191487E+02
2.595464E+02
4.583035E+02
6.266349E+02
4.189608E+02
2.073932E+02
5.652771E+02
6.098302E+02
3.640226E+02
3.553834E+02
3.540842E+02
3.119072E+02
4.702259E+02
3.618378E+02
4.621747E+02
3.651982E+02
4.192121E+02
3.553834E+02
2.073932E+02
5.730210E+02
4.601524E+02
3.550958E+02
6.748662E+02
4.610761E+02
4.084121E+02
2.073932E+02
8.200646E+02
2.606450E+02
4.656330E+02
2.073932E+02
2.073932E+02
4.079421E+02
3.658268E+02
3.651212E+02
0.000000E+00
4.065558E+02
6.159504E+02
5.207928E+02
3.116995E+02
4.600544E+02
3.018440E+02
5.643861E+02
2.604218E+02
5.088183E+02
6.163264E+02
3.637474E+02
3.043444E+02
5.137181E+02
5.255864E+01
5.131824E+02
5.068809E+02
2.511980E+02
1.980640E+02
4.730328E+02
1.991626E+02
2.502171E+02
4.175017E+02
6.849354E+02
5.144250E+02
2.050276E+02
2.115031E+02
2.527020E+02
4.722266E+02
4.189187E+02
1.976585E+02
3.526940E+02
2.516034E+02
4.092638E+02
3.569676E+02
2.000380E+02
3.584228E+02
1.579636E+02
1.570473E+02
1.577404E+02
3.045267E+02
5.261155E+02
1.991626E+02
4.095472E+02
2.117907E+02
1.579636E+02
3.043444E+02
1.569520E+02
3.642011E+02
4.135132E+02
3.524221E+02
7.179970E+02
1.470094E+02
2.611713E+02
6.184042E+02
4.107302E+02
1.991626E+02
3.681449E+02
4.126980E+02
3.557920E+02
1.582513E+02
1.569520E+02
3.036766E+02
4.619952E+02
3.536072E+02
2.650425E+02
3.569676E+02
4.109815E+02
1.582513E+02
1.991626E+02
4.708278E+02
2.630202E+02
1.579636E+02
6.666355E+02
1.596376E+02
2.112799E+02
1.991626E+02
6.229325E+02
2.524144E+02
4.574024E+02
1.991626E+02
1.991626E+02
2.108099E+02
3.575962E+02
3.568906E+02
4.065558E+02
0.000000E+00
3.145119E+02
6.112924E+02
3.034689E+02
2.629223E+02
1.047118E+02
3.672539E+02
2.521912E+02
3.116861E+02
6.080958E+02
2.512104E+02
5.137390E+02
7.231127E+02
2.619532E+02
7.225770E+02
7.162755E+02
4.605925E+02
4.074585E+02
6.824274E+02
4.085572E+02
4.596117E+02
6.268963E+02
8.943299E+02
7.238196E+02
4.144222E+02
4.208976E+02
4.620966E+02
6.816212E+02
6.283133E+02
4.070531E+02
5.620886E+02
4.609980E+02
6.186584E+02
5.663621E+02
4.094326E+02
5.678174E+02
3.673582E+02
3.664419E+02
3.671350E+02
5.139213E+02
7.355100E+02
4.085572E+02
6.189418E+02
4.211853E+02
3.673582E+02
5.137390E+02
3.663466E+02
5.735957E+02
6.229078E+02
5.618167E+02
9.273916E+02
3.564040E+02
4.705659E+02
8.277988E+02
6.201247E+02
4.085572E+02
5.775395E+02
6.220926E+02
5.651866E+02
3.676459E+02
3.663466E+02
5.130711E+02
6.713898E+02
5.630018E+02
4.744371E+02
5.663621E+02
6.203761E+02
3.676459E+02
4.085572E+02
6.802224E+02
4.724148E+02
3.673582E+02
8.760301E+02
3.690321E+02
4.206745E+02
4.085572E+02
8.323270E+02
4.618089E+02
6.667969E+02
4.085572E+02
4.085572E+02
4.202045E+02
5.669907E+02
5.662852E+02
6.159504E+02
3.145119E+02
0.000000E+00
8.206870E+02
5.128635E+02
4.723168E+02
3.141064E+02
5.766485E+02
4.615858E+02
5.210807E+02
8.174904E+02
4.606050E+02
5.173116E+02
6.225391E+02
5.587337E+02
5.076213E+02
6.204119E+02
5.684715E+02
5.153375E+02
8.749015E+02
4.121298E+02
4.631844E+02
7.142532E+02
9.841196E+02
7.273922E+02
5.119574E+02
6.133718E+02
4.656693E+02
6.648318E+02
8.207875E+02
5.149321E+02
5.656612E+02
4.645707E+02
5.180848E+02
5.699348E+02
5.173116E+02
5.713901E+02
5.598323E+02
5.589161E+02
5.596092E+02
5.174939E+02
7.187207E+02
4.121298E+02
6.225145E+02
6.136595E+02
5.598323E+02
5.173116E+02
5.588207E+02
7.660699E+02
5.066823E+02
6.696957E+02
8.315281E+02
4.642830E+02
6.630401E+02
8.313715E+02
6.236974E+02
4.121298E+02
7.700136E+02
8.145667E+02
5.687592E+02
5.601200E+02
5.588207E+02
5.166438E+02
6.749624E+02
5.665744E+02
6.669113E+02
5.699348E+02
6.239487E+02
5.601200E+02
4.121298E+02
7.777576E+02
6.648890E+02
5.598323E+02
8.796028E+02
6.658127E+02
6.131487E+02
4.121298E+02
7.169124E+02
4.653816E+02
6.703696E+02
4.121298E+02
4.121298E+02
6.126787E+02
5.705634E+02
5.698578E+02
5.207928E+02
6.112924E+02
8.206870E+02
0.000000E+00
5.164361E+02
6.647910E+02
5.065806E+02
4.571747E+02
4.651584E+02
7.135549E+02
8.210630E+02
5.684840E+02
2.094882E+02
4.188619E+02
2.509103E+02
6.072277E+02
4.120247E+02
2.606481E+02
2.075141E+02
5.670781E+02
1.043063E+02
1.553609E+02
5.115470E+02
7.789807E+02
4.195688E+02
2.041339E+02
3.055484E+02
1.578458E+02
5.662719E+02
5.129640E+02
2.071086E+02
2.578378E+02
1.567472E+02
3.144076E+02
2.621113E+02
2.094882E+02
2.635666E+02
2.520089E+02
2.510926E+02
2.517857E+02
2.096705E+02
6.201608E+02
1.043063E+02
3.146910E+02
3.058360E+02
2.520089E+02
2.094882E+02
2.509973E+02
4.582464E+02
5.075585E+02
3.618723E+02
6.231408E+02
1.564595E+02
3.552166E+02
5.235480E+02
3.158739E+02
1.043063E+02
4.621902E+02
5.067433E+02
2.609358E+02
2.522966E+02
2.509973E+02
2.088203E+02
3.671390E+02
2.587510E+02
3.590878E+02
2.621113E+02
3.161253E+02
2.522966E+02
1.043063E+02
4.699341E+02
3.570655E+02
2.520089E+02
5.717793E+02
3.579892E+02
3.053252E+02
1.043063E+02
7.169778E+02
1.575581E+02
3.625461E+02
1.043063E+02
1.043063E+02
3.048552E+02
2.627399E+02
2.620344E+02
3.116995E+02
3.034689E+02
5.128635E+02
5.164361E+02
0.000000E+00
3.569676E+02
1.987571E+02
4.612992E+02
1.573350E+02
4.057314E+02
5.132395E+02
2.606605E+02
3.578430E+02
5.672167E+02
2.103636E+02
5.666811E+02
5.603795E+02
4.090029E+02
3.558689E+02
5.265314E+02
2.526612E+02
3.037158E+02
4.710003E+02
7.384340E+02
5.679237E+02
2.585263E+02
2.650017E+02
3.062007E+02
5.257253E+02
4.724174E+02
3.554635E+02
4.061926E+02
3.051021E+02
4.627625E+02
4.104662E+02
3.578430E+02
4.119215E+02
2.114622E+02
2.105459E+02
2.112391E+02
3.580253E+02
5.796141E+02
2.526612E+02
4.630459E+02
2.652894E+02
2.114622E+02
3.578430E+02
2.104506E+02
4.176997E+02
4.670119E+02
5.102271E+02
7.714957E+02
3.048144E+02
3.146700E+02
6.719029E+02
4.642288E+02
2.526612E+02
4.216435E+02
4.661966E+02
4.092906E+02
2.117499E+02
2.104506E+02
3.571752E+02
5.154939E+02
4.071058E+02
3.185412E+02
4.104662E+02
4.644801E+02
2.117499E+02
2.526612E+02
5.243265E+02
3.165189E+02
2.114622E+02
7.201342E+02
3.174426E+02
2.647786E+02
2.526612E+02
6.764311E+02
3.059130E+02
5.109010E+02
2.526612E+02
2.526612E+02
2.643086E+02
4.110948E+02
4.103892E+02
4.600544E+02
2.629223E+02
4.723168E+02
6.647910E+02
3.569676E+02
0.000000E+00
1.582105E+02
4.207526E+02
3.056899E+02
3.651848E+02
6.615944E+02
4.090154E+02
1.996326E+02
4.090063E+02
5.215317E+01
4.084706E+02
4.021691E+02
2.507925E+02
1.976585E+02
3.683210E+02
9.445077E+01
1.455053E+02
3.127899E+02
5.802236E+02
4.097132E+02
1.003158E+02
1.067912E+02
1.479902E+02
3.675148E+02
3.142069E+02
1.972530E+02
2.479822E+02
1.468916E+02
3.045520E+02
2.522558E+02
1.996326E+02
2.537110E+02
5.325178E+01
5.233549E+01
5.302864E+01
1.998149E+02
4.214036E+02
9.445077E+01
3.048354E+02
1.070789E+02
5.325178E+01
1.996326E+02
5.224018E+01
2.594893E+02
3.088014E+02
3.520167E+02
6.132852E+02
1.466039E+02
1.564595E+02
5.136924E+02
3.060184E+02
9.445077E+01
2.634331E+02
3.079862E+02
2.510802E+02
5.353947E+01
5.224018E+01
1.989647E+02
3.572834E+02
2.488954E+02
1.603307E+02
2.522558E+02
3.062697E+02
5.353947E+01
9.445077E+01
3.661160E+02
1.583084E+02
5.325178E+01
5.619237E+02
1.592321E+02
1.065681E+02
9.445077E+01
5.182207E+02
1.477025E+02
3.526905E+02
9.445077E+01
9.445077E+01
1.060981E+02
2.528844E+02
2.521788E+02
3.018440E+02
1.047118E+02
3.141064E+02
5.065806E+02
1.987571E+02
1.582105E+02
0.000000E+00
2.625421E+02
1.474794E+02
2.069743E+02
5.033840E+02
2.508049E+02
4.621747E+02
5.674021E+02
3.146953E+02
4.617492E+02
6.647112E+02
5.133346E+02
4.602006E+02
6.308631E+02
3.569929E+02
4.080474E+02
4.702147E+02
7.400812E+02
6.722553E+02
3.628579E+02
3.693334E+02
4.105323E+02
4.207934E+02
5.767490E+02
4.597951E+02
5.105243E+02
4.094337E+02
4.629479E+02
5.147979E+02
4.621747E+02
5.162531E+02
3.157939E+02
3.148776E+02
3.155708E+02
4.623570E+02
4.746822E+02
3.569929E+02
5.673776E+02
3.696210E+02
3.157939E+02
4.621747E+02
3.147823E+02
5.220314E+02
3.620800E+02
6.145588E+02
8.758273E+02
4.091460E+02
4.190016E+02
7.762345E+02
5.685605E+02
3.569929E+02
5.259752E+02
5.705283E+02
5.136223E+02
3.160816E+02
3.147823E+02
4.615069E+02
6.198255E+02
5.114375E+02
4.228728E+02
5.147979E+02
5.688118E+02
3.160816E+02
3.569929E+02
6.286581E+02
4.208505E+02
3.157939E+02
8.244658E+02
4.217742E+02
3.691102E+02
3.569929E+02
6.766165E+02
4.102447E+02
6.152327E+02
3.569929E+02
3.569929E+02
3.686402E+02
5.154265E+02
5.147209E+02
5.643861E+02
3.672539E+02
5.766485E+02
4.571747E+02
4.612992E+02
4.207526E+02
2.625421E+02
0.000000E+00
4.100215E+02
4.695164E+02
7.659261E+02
5.133470E+02
1.582105E+02
3.675842E+02
1.996326E+02
5.559500E+02
3.607470E+02
2.093704E+02
1.562364E+02
5.158004E+02
5.302864E+01
1.040832E+02
4.602693E+02
7.277030E+02
3.682911E+02
1.528562E+02
2.542707E+02
1.065681E+02
5.149942E+02
4.616863E+02
1.558309E+02
2.065601E+02
1.054695E+02
2.631299E+02
2.108336E+02
1.582105E+02
2.122889E+02
2.007312E+02
1.998149E+02
2.005080E+02
1.583928E+02
5.688830E+02
5.302864E+01
2.634133E+02
2.545583E+02
2.007312E+02
1.582105E+02
1.997196E+02
4.069687E+02
4.562808E+02
3.105945E+02
5.718631E+02
1.051818E+02
3.039389E+02
4.722703E+02
2.645962E+02
5.302864E+01
4.109125E+02
4.554656E+02
2.096581E+02
2.010189E+02
1.997196E+02
1.575426E+02
3.158613E+02
2.074733E+02
3.078101E+02
2.108336E+02
2.648475E+02
2.010189E+02
5.302864E+01
4.186564E+02
3.057878E+02
2.007312E+02
5.205016E+02
3.067115E+02
2.540475E+02
5.302864E+01
6.657001E+02
1.062804E+02
3.112684E+02
5.302864E+01
5.302864E+01
2.535775E+02
2.114622E+02
2.107567E+02
2.604218E+02
2.521912E+02
4.615858E+02
4.651584E+02
1.573350E+02
3.056899E+02
1.474794E+02
4.100215E+02
0.000000E+00
3.544537E+02
4.619618E+02
2.093828E+02
4.066069E+02
6.159806E+02
2.591275E+02
5.148564E+02
6.091434E+02
4.577668E+02
4.046328E+02
5.752953E+02
3.014251E+02
3.524797E+02
5.197642E+02
7.871979E+02
6.166875E+02
3.072901E+02
3.137656E+02
3.549646E+02
5.744891E+02
5.211813E+02
4.042274E+02
4.549565E+02
3.538659E+02
5.115264E+02
4.592301E+02
4.066069E+02
4.606854E+02
2.602261E+02
2.593098E+02
2.600030E+02
4.067892E+02
6.283780E+02
3.014251E+02
5.118098E+02
3.140533E+02
2.602261E+02
4.066069E+02
2.592145E+02
4.664636E+02
5.157758E+02
5.589910E+02
8.202596E+02
3.535783E+02
3.634338E+02
7.206668E+02
5.129927E+02
3.014251E+02
3.633285E+02
5.149605E+02
4.580545E+02
2.605138E+02
2.592145E+02
4.059391E+02
5.642577E+02
4.558697E+02
3.673050E+02
4.592301E+02
5.132440E+02
2.605138E+02
3.014251E+02
5.730904E+02
3.652828E+02
2.602261E+02
7.688981E+02
3.662064E+02
3.135424E+02
3.014251E+02
7.251950E+02
3.546769E+02
5.596649E+02
3.014251E+02
3.014251E+02
3.130724E+02
4.598587E+02
4.591531E+02
5.088183E+02
3.116861E+02
5.210807E+02
7.135549E+02
4.057314E+02
3.651848E+02
2.069743E+02
4.695164E+02
3.544537E+02
0.000000E+00
7.103583E+02
4.577792E+02
5.141150E+02
7.234887E+02
5.555371E+02
8.121198E+02
6.194983E+02
5.652749E+02
5.121409E+02
8.717049E+02
4.089332E+02
4.599878E+02
7.190206E+02
1.083608E+03
7.241957E+02
5.087608E+02
6.101752E+02
4.624727E+02
8.708988E+02
8.175909E+02
5.117355E+02
5.624646E+02
4.613741E+02
6.190345E+02
5.667382E+02
5.141150E+02
5.681935E+02
5.566358E+02
5.557195E+02
5.564126E+02
5.142973E+02
9.247876E+02
4.089332E+02
6.193179E+02
6.104629E+02
5.566358E+02
5.141150E+02
5.556241E+02
6.657200E+02
7.150322E+02
5.673354E+02
8.286040E+02
4.610864E+02
6.598435E+02
8.281749E+02
6.205008E+02
4.089332E+02
7.668171E+02
7.116354E+02
5.655626E+02
5.569234E+02
5.556241E+02
5.134472E+02
6.717658E+02
5.633778E+02
6.637147E+02
5.667382E+02
6.207521E+02
5.569234E+02
4.089332E+02
7.745610E+02
6.616924E+02
5.566358E+02
8.764062E+02
6.626161E+02
6.099521E+02
4.089332E+02
1.021605E+03
4.621850E+02
6.671730E+02
4.089332E+02
4.089332E+02
6.094821E+02
5.673668E+02
5.666612E+02
6.163264E+02
6.080958E+02
8.174904E+02
8.210630E+02
5.132395E+02
6.615944E+02
5.033840E+02
7.659261E+02
4.619618E+02
7.103583E+02
0.000000E+00
5.652874E+02
2.615360E+02
4.709097E+02
1.986517E+02
6.592755E+02
4.640725E+02
2.083895E+02
1.552555E+02
6.191259E+02
1.563542E+02
2.074087E+02
5.635948E+02
8.310285E+02
4.716166E+02
2.561817E+02
3.575962E+02
2.098936E+02
6.183197E+02
5.650118E+02
1.548501E+02
3.098856E+02
2.087950E+02
3.664554E+02
3.141591E+02
1.572296E+02
3.156144E+02
3.040567E+02
3.031404E+02
3.038336E+02
2.617183E+02
6.722086E+02
1.563542E+02
3.667388E+02
3.578838E+02
3.040567E+02
2.615360E+02
3.030451E+02
5.102942E+02
5.596064E+02
3.096137E+02
6.751886E+02
1.042010E+02
4.072644E+02
5.755958E+02
3.679217E+02
1.563542E+02
5.142380E+02
5.587911E+02
3.129836E+02
3.043444E+02
3.030451E+02
2.608681E+02
4.191868E+02
3.107988E+02
4.111356E+02
3.141591E+02
3.681731E+02
3.043444E+02
1.563542E+02
5.219819E+02
4.091133E+02
3.040567E+02
6.238271E+02
3.057307E+02
3.573730E+02
1.563542E+02
7.690256E+02
2.096059E+02
4.145939E+02
1.563542E+02
1.563542E+02
3.569030E+02
3.147877E+02
3.140822E+02
3.637474E+02
2.512104E+02
4.606050E+02
5.684840E+02
2.606605E+02
4.090154E+02
2.508049E+02
5.133470E+02
2.093828E+02
4.577792E+02
5.652874E+02
0.000000E+00
