3.015839E+02
4.047890E+02
4.487982E+02
5.076738E+02
5.005414E+02
4.565334E+02
4.488822E+02
5.048604E+02
4.570331E+02
7.605931E+02
6.489890E+02
3.529066E+02
6.064162E+02
3.026825E+02
5.537723E+02
4.558196E+02
5.515277E+02
3.495834E+02
3.018716E+02
5.479314E+02
3.537539E+02
3.448298E+02
4.057541E+02
0.000000E+00
2.047726E+02
3.466315E+02
3.076574E+02
3.005250E+02
3.543667E+02
2.488658E+02
3.048440E+02
2.570167E+02
5.605767E+02
4.489726E+02
1.528902E+02
4.063998E+02
1.026661E+02
3.537559E+02
2.558032E+02
3.515113E+02
1.495670E+02
1.018552E+02
3.479150E+02
1.537375E+02
1.448134E+02
2.057377E+02
2.047726E+02
0.000000E+00
4.498366E+02
4.108625E+02
4.037301E+02
4.575718E+02
3.520709E+02
4.080491E+02
3.602218E+02
6.637818E+02
5.521777E+02
2.560953E+02
5.096049E+02
2.058712E+02
4.569610E+02
3.590083E+02
4.547164E+02
2.527721E+02
2.050603E+02
4.511201E+02
1.553751E+02
2.480185E+02
3.089428E+02
3.466315E+02
4.498366E+02
0.000000E+00
5.527214E+02
3.575297E+02
5.015809E+02
3.058705E+02
5.499080E+02
5.020807E+02
6.175814E+02
5.059773E+02
3.979542E+02
5.582374E+02
3.477301E+02
5.006919E+02
5.008672E+02
4.085159E+02
3.014046E+02
3.469192E+02
3.067917E+02
3.988015E+02
2.018181E+02
4.508016E+02
3.076574E+02
4.108625E+02
5.527214E+02
0.000000E+00
5.066149E+02
5.604566E+02
4.549557E+02
4.111990E+02
4.631066E+02
7.666666E+02
5.553276E+02
3.589801E+02
6.124897E+02
3.087560E+02
4.555057E+02
4.618931E+02
5.576012E+02
3.556569E+02
3.079451E+02
5.540049E+02
3.598274E+02
3.509033E+02
4.118276E+02
3.005250E+02
4.037301E+02
3.575297E+02
5.066149E+02
0.000000E+00
5.533242E+02
2.597640E+02
5.038015E+02
4.559743E+02
5.714749E+02
4.598708E+02
3.518478E+02
5.121309E+02
3.016236E+02
5.527134E+02
4.547607E+02
3.624095E+02
2.552981E+02
3.008127E+02
3.588132E+02
3.526951E+02
1.557116E+02
4.046952E+02
3.543667E+02
4.575718E+02
5.015809E+02
5.604566E+02
5.533242E+02
0.000000E+00
5.016650E+02
5.576431E+02
5.098159E+02
8.133759E+02
7.017718E+02
4.056894E+02
6.591990E+02
3.554653E+02
6.065550E+02
5.086024E+02
6.043105E+02
4.023662E+02
3.546543E+02
6.007142E+02
4.065367E+02
3.976126E+02
4.585368E+02
2.488658E+02
3.520709E+02
3.058705E+02
4.549557E+02
2.597640E+02
5.016650E+02
0.000000E+00
4.521423E+02
4.043151E+02
5.198157E+02
4.082116E+02
3.001885E+02
4.604717E+02
2.499644E+02
5.010542E+02
4.031015E+02
3.107503E+02
2.036389E+02
2.491535E+02
3.071540E+02
3.010358E+02
1.040524E+02
3.530360E+02
3.048440E+02
4.080491E+02
5.499080E+02
4.111990E+02
5.038015E+02
5.576431E+02
4.521423E+02
0.000000E+00
4.602932E+02
7.638532E+02
4.519683E+02
3.561667E+02
6.096763E+02
3.059426E+02
5.570324E+02
4.590797E+02
5.547878E+02
3.528435E+02
3.051317E+02
5.511915E+02
3.570140E+02
3.480899E+02
4.090142E+02
2.570167E+02
3.602218E+02
5.020807E+02
4.631066E+02
4.559743E+02
5.098159E+02
4.043151E+02
4.602932E+02
0.000000E+00
7.160260E+02
6.044219E+02
3.083395E+02
5.618491E+02
2.581154E+02
4.091840E+02
4.112524E+02
5.069605E+02
3.050162E+02
2.573044E+02
5.033643E+02
3.091868E+02
3.002627E+02
3.611869E+02
5.605767E+02
6.637818E+02
6.175814E+02
7.666666E+02
5.714749E+02
8.133759E+02
5.198157E+02
7.638532E+02
7.160260E+02
0.000000E+00
7.199225E+02
6.118995E+02
7.721826E+02
5.616753E+02
8.127651E+02
7.148124E+02
6.224612E+02
5.153498E+02
5.608644E+02
6.188649E+02
6.127468E+02
4.157633E+02
6.647469E+02
4.489726E+02
5.521777E+02
5.059773E+02
5.553276E+02
4.598708E+02
7.017718E+02
4.082116E+02
4.519683E+02
6.044219E+02
7.199225E+02
0.000000E+00
5.002953E+02
6.605785E+02
4.500712E+02
7.011610E+02
6.032083E+02
5.108571E+02
4.037457E+02
4.492603E+02
5.072608E+02
5.011426E+02
3.041592E+02
5.531428E+02
1.528902E+02
2.560953E+02
3.979542E+02
3.589801E+02
3.518478E+02
4.056894E+02
3.001885E+02
3.561667E+02
3.083395E+02
6.118995E+02
5.002953E+02
0.000000E+00
4.577226E+02
1.539888E+02
4.050786E+02
3.071259E+02
4.028340E+02
2.008897E+02
1.531779E+02
3.992377E+02
2.050603E+02
1.961361E+02
2.570604E+02
4.063998E+02
5.096049E+02
5.582374E+02
6.124897E+02
5.121309E+02
6.591990E+02
4.604717E+02
6.096763E+02
5.618491E+02
7.721826E+02
6.605785E+02
4.577226E+02
0.000000E+00
4.074984E+02
6.585882E+02
5.606355E+02
5.631172E+02
3.611729E+02
4.066875E+02
5.595209E+02
4.585699E+02
3.564193E+02
5.105700E+02
1.026661E+02
2.058712E+02
3.477301E+02
3.087560E+02
3.016236E+02
3.554653E+02
2.499644E+02
3.059426E+02
2.581154E+02
5.616753E+02
4.500712E+02
1.539888E+02
4.074984E+02
0.000000E+00
3.548545E+02
2.569018E+02
3.526099E+02
1.506656E+02
1.029538E+02
3.490136E+02
1.548361E+02
1.459120E+02
2.068363E+02
3.537559E+02
4.569610E+02
5.006919E+02
4.555057E+02
5.527134E+02
6.065550E+02
5.010542E+02
5.570324E+02
4.091840E+02
8.127651E+02
7.011610E+02
4.050786E+02
6.585882E+02
3.548545E+02
0.000000E+00
5.079916E+02
6.036997E+02
4.017554E+02
3.540436E+02
5.019755E+02
4.059259E+02
3.970018E+02
4.579261E+02
2.558032E+02
3.590083E+02
5.008672E+02
4.618931E+02
4.547607E+02
5.086024E+02
4.031015E+02
4.590797E+02
4.112524E+02
7.148124E+02
6.032083E+02
3.071259E+02
5.606355E+02
2.569018E+02
5.079916E+02
0.000000E+00
5.057470E+02
3.038027E+02
2.560909E+02
5.021507E+02
3.079732E+02
2.990491E+02
3.599734E+02
3.515113E+02
4.547164E+02
4.085159E+02
5.576012E+02
3.624095E+02
6.043105E+02
3.107503E+02
5.547878E+02
5.069605E+02
6.224612E+02
5.108571E+02
4.028340E+02
5.631172E+02
3.526099E+02
6.036997E+02
5.057470E+02
0.000000E+00
3.062844E+02
3.517990E+02
4.097995E+02
4.036813E+02
2.066979E+02
4.556815E+02
1.495670E+02
2.527721E+02
3.014046E+02
3.556569E+02
2.552981E+02
4.023662E+02
2.036389E+02
3.528435E+02
3.050162E+02
5.153498E+02
4.037457E+02
2.008897E+02
3.611729E+02
1.506656E+02
4.017554E+02
3.038027E+02
3.062844E+02
0.000000E+00
1.498547E+02
3.026881E+02
2.017370E+02
9.958649E+01
2.537372E+02
1.018552E+02
2.050603E+02
3.469192E+02
3.079451E+02
3.008127E+02
3.546543E+02
2.491535E+02
3.051317E+02
2.573044E+02
5.608644E+02
4.492603E+02
1.531779E+02
4.066875E+02
1.029538E+02
3.540436E+02
2.560909E+02
3.517990E+02
1.498547E+02
0.000000E+00
3.482027E+02
1.540252E+02
1.451011E+02
2.060254E+02
3.479150E+02
4.511201E+02
3.067917E+02
5.540049E+02
3.588132E+02
6.007142E+02
3.071540E+02
5.511915E+02
5.033643E+02
6.188649E+02
5.072608E+02
3.992377E+02
5.595209E+02
3.490136E+02
5.019755E+02
5.021507E+02
4.097995E+02
3.026881E+02
3.482027E+02
0.000000E+00
4.000850E+02
2.031016E+02
4.520852E+02
1.537375E+02
1.553751E+02
3.988015E+02
3.598274E+02
3.526951E+02
4.065367E+02
3.010358E+02
3.570140E+02
3.091868E+02
6.127468E+02
5.011426E+02
2.050603E+02
4.585699E+02
1.548361E+02
4.059259E+02
3.079732E+02
4.036813E+02
2.017370E+02
1.540252E+02
4.000850E+02
0.000000E+00
1.969834E+02
2.579077E+02
1.448134E+02
2.480185E+02
2.018181E+02
3.509033E+02
1.557116E+02
3.976126E+02
1.040524E+02
3.480899E+02
3.002627E+02
4.157633E+02
3.041592E+02
1.961361E+02
3.564193E+02
1.459120E+02
3.970018E+02
2.990491E+02
2.066979E+02
9.958649E+01
1.451011E+02
2.031016E+02
1.969834E+02
0.000000E+00
2.489836E+02
2.057377E+02
3.089428E+02
4.508016E+02
4.118276E+02
4.046952E+02
4.585368E+02
3.530360E+02
4.090142E+02
3.611869E+02
6.647469E+02
5.531428E+02
2.570604E+02
5.105700E+02
2.068363E+02
4.579261E+02
3.599734E+02
4.556815E+02
2.537372E+02
2.060254E+02
4.520852E+02
2.579077E+02
2.489836E+02
0.000000E+00
