4.496124E+02
5.040903E+02
5.627342E+02
6.504870E+02
3.505969E+02
8.027647E+02
3.019894E+02
5.050112E+02
7.057034E+02
5.623287E+02
2.508001E+02
9.076479E+02
2.495960E+02
4.019236E+02
4.617798E+02
4.504706E+02
1.505805E+02
7.005980E+02
1.019730E+02
4.079486E+02
5.056870E+02
3.623123E+02
5.078375E+01
7.076315E+02
3.528011E+02
5.051287E+02
5.649849E+02
5.536757E+02
2.537856E+02
8.038031E+02
2.051781E+02
5.111537E+02
6.088921E+02
4.655174E+02
1.539888E+02
8.108366E+02
4.946600E+02
5.491378E+02
7.068437E+02
5.074752E+02
3.956445E+02
6.597530E+02
3.470369E+02
6.530126E+02
6.526230E+02
6.073763E+02
2.958477E+02
7.646361E+02
4.556859E+02
6.080135E+02
6.678697E+02
6.565605E+02
3.566704E+02
8.069530E+02
3.080628E+02
6.140385E+02
7.117769E+02
5.684022E+02
2.568736E+02
9.137214E+02
4.485535E+02
6.008811E+02
6.607373E+02
4.613688E+02
3.495381E+02
7.114962E+02
3.009305E+02
6.069061E+02
7.046445E+02
5.612699E+02
2.497413E+02
7.185297E+02
5.023951E+02
5.568730E+02
7.145789E+02
6.037255E+02
4.033797E+02
8.555475E+02
3.547721E+02
6.607477E+02
7.584861E+02
6.151115E+02
3.035829E+02
9.604307E+02
3.968943E+02
5.492219E+02
6.090781E+02
4.097096E+02
2.978788E+02
6.598370E+02
2.492713E+02
5.552469E+02
6.529853E+02
5.096106E+02
1.980821E+02
6.668705E+02
4.528725E+02
6.052000E+02
5.645104E+02
6.537471E+02
3.538570E+02
7.035937E+02
3.052494E+02
6.112251E+02
7.089634E+02
5.655888E+02
2.540602E+02
9.109080E+02
4.050452E+02
5.573728E+02
6.172290E+02
6.059198E+02
3.060298E+02
8.560472E+02
2.574222E+02
5.633978E+02
6.611362E+02
5.177616E+02
2.062330E+02
8.630807E+02
7.086052E+02
8.609328E+02
9.207890E+02
7.214205E+02
6.095898E+02
9.715479E+02
5.609822E+02
8.669578E+02
9.646962E+02
8.213216E+02
5.097930E+02
9.785814E+02
4.985145E+02
7.493287E+02
7.086390E+02
6.098164E+02
4.979856E+02
6.596630E+02
4.493781E+02
7.553537E+02
8.530921E+02
7.097174E+02
3.981889E+02
7.684907E+02
3.009187E+02
4.532463E+02
5.131025E+02
5.017933E+02
2.019033E+02
7.519207E+02
1.532957E+02
4.592713E+02
5.570097E+02
4.136351E+02
1.021065E+02
7.589542E+02
5.544283E+02
7.067559E+02
7.666121E+02
6.620765E+02
4.554129E+02
9.122039E+02
4.068053E+02
7.127809E+02
8.105193E+02
6.671447E+02
3.556161E+02
9.192374E+02
2.506946E+02
4.030222E+02
4.628784E+02
4.515692E+02
1.516791E+02
7.016966E+02
1.030716E+02
4.090472E+02
5.067856E+02
3.634109E+02
5.188236E+01
7.087301E+02
5.017844E+02
6.541119E+02
7.139682E+02
7.026590E+02
4.027689E+02
8.531171E+02
3.541613E+02
6.601370E+02
5.600781E+02
6.145007E+02
3.029721E+02
9.598199E+02
4.038317E+02
5.561593E+02
6.160155E+02
6.047063E+02
3.048162E+02
8.548337E+02
2.562087E+02
5.621843E+02
6.599227E+02
5.165480E+02
2.050195E+02
8.618672E+02
4.995398E+02
6.518674E+02
7.117236E+02
5.123551E+02
4.005243E+02
7.624825E+02
3.519168E+02
6.578924E+02
7.556308E+02
6.122561E+02
3.007275E+02
7.695160E+02
2.975955E+02
4.499231E+02
5.097793E+02
4.052437E+02
1.985800E+02
6.553711E+02
1.499725E+02
4.559481E+02
5.536865E+02
4.103118E+02
9.878325E+01
6.624046E+02
2.498837E+02
4.022112E+02
4.620674E+02
4.507583E+02
1.508682E+02
7.008857E+02
1.022606E+02
4.082363E+02
5.059746E+02
3.626000E+02
5.107143E+01
7.079192E+02
4.959435E+02
6.482711E+02
7.081273E+02
5.087588E+02
3.969280E+02
7.588862E+02
3.483205E+02
6.542961E+02
6.539066E+02
6.086598E+02
2.971313E+02
7.659197E+02
3.017660E+02
4.540936E+02
5.139498E+02
5.026406E+02
2.027506E+02
7.527680E+02
1.541430E+02
4.601186E+02
5.578570E+02
4.144824E+02
1.029538E+02
7.598015E+02
2.928419E+02
4.451695E+02
5.050257E+02
3.056572E+02
1.938264E+02
5.557846E+02
1.452189E+02
4.511945E+02
5.489329E+02
4.055582E+02
9.402966E+01
5.628181E+02
3.537662E+02
5.060937E+02
5.659499E+02
5.546408E+02
2.547507E+02
8.047682E+02
2.061431E+02
5.121188E+02
6.098571E+02
4.664825E+02
1.549539E+02
8.118017E+02
