5.133895E+02
4.067678E+02
8.206862E+02
3.544927E+02
6.741325E+02
3.644378E+02
8.161384E+02
4.172417E+02
6.139533E+02
2.604064E+02
5.181973E+02
6.714928E+02
7.148438E+02
4.558876E+02
3.544927E+02
5.598060E+02
7.756640E+02
6.327776E+02
3.130382E+02
4.057746E+02
4.079718E+02
3.544927E+02
4.154330E+02
3.658729E+02
4.624118E+02
9.741021E+02
4.142662E+02
3.544927E+02
5.577564E+02
3.544927E+02
4.079718E+02
5.142941E+02
1.247477E+03
4.111272E+02
1.286092E+03
7.737871E+02
1.019803E+03
1.648597E+03
7.219645E+02
8.750891E+02
4.643242E+02
4.620986E+02
8.920219E+02
8.708728E+02
5.058288E+02
8.265449E+02
3.133747E+02
3.078094E+02
4.598414E+02
3.629497E+02
4.597769E+02
2.604064E+02
2.060259E+03
4.072786E+02
7.204080E+02
4.590231E+02
4.055440E+02
4.062978E+02
1.130883E+03
5.083846E+02
3.587495E+02
6.695316E+02
4.062372E+02
6.124862E+02
4.055440E+02
6.148460E+02
2.604064E+02
4.562610E+02
4.603241E+02
3.537025E+02
8.653355E+02
3.014274E+02
6.210671E+02
3.113725E+02
7.630731E+02
3.641764E+02
5.608879E+02
2.073411E+02
4.651320E+02
6.184274E+02
6.617784E+02
4.028222E+02
3.014274E+02
5.067406E+02
6.242305E+02
5.797122E+02
2.599728E+02
3.527092E+02
3.549064E+02
3.014274E+02
3.623676E+02
3.128075E+02
5.070612E+02
9.210367E+02
3.612009E+02
3.014274E+02
5.046911E+02
3.014274E+02
3.549064E+02
5.589435E+02
1.194411E+03
4.557765E+02
1.134659E+03
7.207218E+02
8.683694E+02
1.595531E+03
7.666139E+02
8.220237E+02
4.112589E+02
4.090333E+02
8.389565E+02
8.178074E+02
4.527634E+02
7.734795E+02
2.603093E+02
2.547440E+02
4.067761E+02
3.098844E+02
4.067115E+02
2.073411E+02
2.007193E+03
3.542133E+02
6.673426E+02
4.059577E+02
3.524787E+02
3.532325E+02
1.077818E+03
4.553192E+02
3.056841E+02
6.164662E+02
3.531718E+02
5.594208E+02
3.524787E+02
5.617806E+02
2.073411E+02
4.031956E+02
2.055801E+02
9.895843E+01
6.105915E+02
4.668335E+01
3.663231E+02
1.514343E+02
5.083290E+02
2.042382E+02
3.061439E+02
4.740294E+01
3.051938E+02
3.636834E+02
4.070344E+02
1.480782E+02
4.668335E+01
2.519966E+02
5.626604E+02
4.197740E+02
1.000347E+02
9.796518E+01
1.001624E+02
4.668335E+01
2.024295E+02
1.528694E+02
2.523172E+02
6.662927E+02
2.012627E+02
4.668335E+01
2.499471E+02
4.668335E+01
1.001624E+02
3.041994E+02
9.396674E+02
2.010325E+02
9.782828E+02
4.659777E+02
7.119934E+02
1.340787E+03
5.118698E+02
5.672797E+02
1.565148E+02
2.490951E+02
6.790184E+02
5.630634E+02
1.980194E+02
5.187355E+02
1.003712E+02
0.000000E+00
1.520320E+02
1.499462E+02
1.519675E+02
4.740294E+01
1.752449E+03
9.946926E+01
4.125986E+02
1.512137E+02
9.773466E+01
9.848843E+01
8.230741E+02
2.005752E+02
5.094008E+01
3.617222E+02
9.842780E+01
3.046768E+02
9.773466E+01
3.070366E+02
4.740294E+01
1.484516E+02
2.055801E+02
9.895843E+01
6.105915E+02
4.668335E+01
3.663231E+02
1.514343E+02
5.083290E+02
2.042382E+02
3.061439E+02
4.740294E+01
3.051938E+02
3.636834E+02
4.070344E+02
1.480782E+02
4.668335E+01
2.519966E+02
5.626604E+02
4.197740E+02
1.000347E+02
9.796518E+01
1.001624E+02
4.668335E+01
2.024295E+02
1.528694E+02
2.523172E+02
6.662927E+02
2.012627E+02
4.668335E+01
2.499471E+02
4.668335E+01
1.001624E+02
3.041994E+02
9.396674E+02
2.010325E+02
9.782828E+02
4.659777E+02
7.119934E+02
1.340787E+03
5.118698E+02
5.672797E+02
1.565148E+02
2.490951E+02
6.790184E+02
5.630634E+02
1.980194E+02
5.187355E+02
1.003712E+02
0.000000E+00
1.520320E+02
1.499462E+02
1.519675E+02
4.740294E+01
1.752449E+03
9.946926E+01
4.125986E+02
1.512137E+02
9.773466E+01
9.848843E+01
8.230741E+02
2.005752E+02
5.094008E+01
3.617222E+02
9.842780E+01
3.046768E+02
9.773466E+01
3.070366E+02
4.740294E+01
1.484516E+02
4.640858E+02
3.574642E+02
8.690973E+02
3.051891E+02
6.248288E+02
3.151342E+02
7.668348E+02
3.679381E+02
5.646496E+02
2.111028E+02
4.688937E+02
6.221891E+02
6.655401E+02
4.065840E+02
3.051891E+02
5.105023E+02
7.263603E+02
5.834739E+02
2.637346E+02
3.564709E+02
3.586682E+02
3.051891E+02
3.661293E+02
3.165693E+02
5.108229E+02
9.247984E+02
3.649626E+02
3.051891E+02
4.036919E+02
3.051891E+02
3.586682E+02
5.627052E+02
1.198173E+03
4.595382E+02
1.236789E+03
7.244835E+02
9.704992E+02
1.599293E+03
7.703756E+02
8.257854E+02
4.150206E+02
4.127950E+02
8.427182E+02
8.215691E+02
4.565252E+02
7.772413E+02
2.640710E+02
2.585058E+02
4.105378E+02
3.136461E+02
4.104732E+02
2.111028E+02
2.010955E+03
3.579750E+02
6.711043E+02
4.097195E+02
3.562404E+02
3.569942E+02
1.081580E+03
4.590809E+02
3.094458E+02
6.202280E+02
3.569336E+02
5.631825E+02
3.562404E+02
5.655423E+02
2.111028E+02
4.069573E+02
2.055801E+02
9.895843E+01
6.105915E+02
4.668335E+01
3.663231E+02
1.514343E+02
5.083290E+02
2.042382E+02
3.061439E+02
4.740294E+01
3.051938E+02
3.636834E+02
4.070344E+02
1.480782E+02
4.668335E+01
2.519966E+02
5.626604E+02
4.197740E+02
1.000347E+02
9.796518E+01
1.001624E+02
4.668335E+01
2.024295E+02
1.528694E+02
2.523172E+02
6.662927E+02
2.012627E+02
4.668335E+01
2.499471E+02
4.668335E+01
1.001624E+02
3.041994E+02
9.396674E+02
2.010325E+02
9.782828E+02
4.659777E+02
7.119934E+02
1.340787E+03
5.118698E+02
5.672797E+02
1.565148E+02
2.490951E+02
6.790184E+02
5.630634E+02
1.980194E+02
5.187355E+02
1.003712E+02
0.000000E+00
1.520320E+02
1.499462E+02
1.519675E+02
4.740294E+01
1.752449E+03
9.946926E+01
4.125986E+02
1.512137E+02
9.773466E+01
9.848843E+01
8.230741E+02
2.005752E+02
5.094008E+01
3.617222E+02
9.842780E+01
3.046768E+02
9.773466E+01
3.070366E+02
4.740294E+01
1.484516E+02
7.252532E+02
6.186316E+02
1.130265E+03
5.663565E+02
8.859962E+02
5.763016E+02
9.275083E+02
6.291055E+02
8.258171E+02
4.722702E+02
7.300611E+02
8.833566E+02
9.267075E+02
6.677514E+02
5.663565E+02
7.716698E+02
9.875277E+02
8.446413E+02
5.249020E+02
6.176383E+02
6.198356E+02
5.663565E+02
6.272967E+02
5.777367E+02
7.719903E+02
1.185966E+03
6.261300E+02
5.663565E+02
7.696202E+02
5.663565E+02
6.198356E+02
8.238726E+02
1.358847E+03
7.207056E+02
1.497956E+03
9.856509E+02
1.231667E+03
1.860461E+03
1.031543E+03
1.086953E+03
6.761880E+02
6.739624E+02
1.103886E+03
1.082737E+03
7.176926E+02
1.038409E+03
5.252385E+02
5.196732E+02
6.717052E+02
5.748135E+02
6.716407E+02
4.722702E+02
2.272123E+03
6.191424E+02
9.322718E+02
6.708869E+02
6.174078E+02
6.181616E+02
1.342747E+03
7.202483E+02
5.706133E+02
8.813954E+02
6.181010E+02
8.243499E+02
6.174078E+02
8.267097E+02
4.722702E+02
6.681248E+02
4.194800E+02
3.128584E+02
8.244915E+02
2.605833E+02
6.735897E+02
4.587010E+02
7.222290E+02
5.115049E+02
5.200439E+02
3.546696E+02
6.124605E+02
5.775834E+02
6.209343E+02
3.619782E+02
2.605833E+02
4.658966E+02
8.699271E+02
7.270407E+02
4.073014E+02
3.118652E+02
3.140624E+02
2.605833E+02
5.096961E+02
4.601361E+02
4.662171E+02
8.801927E+02
5.085294E+02
2.605833E+02
4.638470E+02
2.605833E+02
3.140624E+02
5.180994E+02
1.153567E+03
4.149324E+02
1.192183E+03
6.798777E+02
9.258934E+02
1.554687E+03
7.257698E+02
7.811796E+02
4.637815E+02
5.563618E+02
9.862850E+02
7.769634E+02
4.119194E+02
7.326355E+02
4.076378E+02
3.072667E+02
3.659320E+02
4.572129E+02
3.658675E+02
3.546696E+02
1.966349E+03
3.133692E+02
6.264986E+02
3.651137E+02
3.116346E+02
3.123884E+02
1.036974E+03
4.144751E+02
3.582068E+02
5.756222E+02
3.123278E+02
5.185767E+02
3.116346E+02
6.143032E+02
3.546696E+02
3.623516E+02
2.055801E+02
9.895843E+01
6.105915E+02
4.668335E+01
3.663231E+02
1.514343E+02
5.083290E+02
2.042382E+02
3.061439E+02
4.740294E+01
3.051938E+02
3.636834E+02
4.070344E+02
1.480782E+02
4.668335E+01
2.519966E+02
5.626604E+02
4.197740E+02
1.000347E+02
9.796518E+01
1.001624E+02
4.668335E+01
2.024295E+02
1.528694E+02
2.523172E+02
6.662927E+02
2.012627E+02
4.668335E+01
2.499471E+02
4.668335E+01
1.001624E+02
3.041994E+02
9.396674E+02
2.010325E+02
9.782828E+02
4.659777E+02
7.119934E+02
1.340787E+03
5.118698E+02
5.672797E+02
1.565148E+02
2.490951E+02
6.790184E+02
5.630634E+02
1.980194E+02
5.187355E+02
1.003712E+02
0.000000E+00
1.520320E+02
1.499462E+02
1.519675E+02
4.740294E+01
1.752449E+03
9.946926E+01
4.125986E+02
1.512137E+02
9.773466E+01
9.848843E+01
8.230741E+02
2.005752E+02
5.094008E+01
3.617222E+02
9.842780E+01
3.046768E+02
9.773466E+01
3.070366E+02
4.740294E+01
1.484516E+02
4.251570E+02
3.185354E+02
8.301684E+02
2.662603E+02
6.792667E+02
4.643780E+02
7.279060E+02
5.171819E+02
5.257208E+02
3.603466E+02
6.181375E+02
5.832603E+02
6.266113E+02
3.676552E+02
2.662603E+02
4.715735E+02
8.756041E+02
7.327177E+02
4.129783E+02
3.175421E+02
3.197393E+02
2.662603E+02
5.153731E+02
4.658130E+02
4.718941E+02
8.858696E+02
5.142064E+02
2.662603E+02
4.695240E+02
2.662603E+02
3.197393E+02
5.237764E+02
1.159244E+03
4.206094E+02
1.197860E+03
6.855547E+02
9.315703E+02
1.560364E+03
7.314468E+02
7.868566E+02
4.694585E+02
5.620388E+02
9.919620E+02
7.826403E+02
4.175964E+02
7.383125E+02
4.133148E+02
3.129436E+02
3.716090E+02
4.628899E+02
3.715444E+02
3.603466E+02
1.972026E+03
3.190462E+02
6.321755E+02
3.707907E+02
3.173116E+02
3.180654E+02
1.042651E+03
4.201521E+02
3.638837E+02
5.812992E+02
3.180047E+02
5.242537E+02
3.173116E+02
6.199802E+02
3.603466E+02
3.680285E+02
2.055801E+02
9.895843E+01
6.105915E+02
4.668335E+01
3.663231E+02
1.514343E+02
5.083290E+02
2.042382E+02
3.061439E+02
4.740294E+01
3.051938E+02
3.636834E+02
4.070344E+02
1.480782E+02
4.668335E+01
2.519966E+02
5.626604E+02
4.197740E+02
1.000347E+02
9.796518E+01
1.001624E+02
4.668335E+01
2.024295E+02
1.528694E+02
2.523172E+02
6.662927E+02
2.012627E+02
4.668335E+01
2.499471E+02
4.668335E+01
1.001624E+02
3.041994E+02
9.396674E+02
2.010325E+02
9.782828E+02
4.659777E+02
7.119934E+02
1.340787E+03
5.118698E+02
5.672797E+02
1.565148E+02
2.490951E+02
6.790184E+02
5.630634E+02
1.980194E+02
5.187355E+02
1.003712E+02
0.000000E+00
1.520320E+02
1.499462E+02
1.519675E+02
4.740294E+01
1.752449E+03
9.946926E+01
4.125986E+02
1.512137E+02
9.773466E+01
9.848843E+01
8.230741E+02
2.005752E+02
5.094008E+01
3.617222E+02
9.842780E+01
3.046768E+02
9.773466E+01
3.070366E+02
4.740294E+01
1.484516E+02
3.061744E+02
1.995527E+02
7.111858E+02
1.472777E+02
4.669174E+02
1.572227E+02
6.089234E+02
2.100267E+02
4.067382E+02
5.319137E+01
3.109823E+02
4.642777E+02
5.076287E+02
2.486725E+02
1.472777E+02
3.525909E+02
5.684489E+02
4.255625E+02
1.058231E+02
1.985595E+02
2.007567E+02
1.472777E+02
2.082179E+02
1.586578E+02
3.529115E+02
7.668870E+02
2.070511E+02
1.472777E+02
3.505414E+02
1.472777E+02
2.007567E+02
4.047937E+02
1.040262E+03
3.016268E+02
1.078877E+03
5.665720E+02
8.125877E+02
1.441382E+03
6.124641E+02
6.678740E+02
2.571091E+02
2.548836E+02
6.848068E+02
6.636577E+02
2.986137E+02
6.193298E+02
1.061596E+02
1.005943E+02
2.526263E+02
1.557347E+02
2.525618E+02
5.319137E+01
1.853044E+03
2.000636E+02
5.131929E+02
2.518080E+02
1.983290E+02
1.990827E+02
9.236684E+02
3.011695E+02
1.515344E+02
4.623165E+02
1.990221E+02
4.052711E+02
1.983290E+02
4.076309E+02
5.319137E+01
2.490459E+02
2.055801E+02
9.895843E+01
6.105915E+02
4.668335E+01
3.663231E+02
1.514343E+02
5.083290E+02
2.042382E+02
3.061439E+02
4.740294E+01
3.051938E+02
3.636834E+02
4.070344E+02
1.480782E+02
4.668335E+01
2.519966E+02
5.626604E+02
4.197740E+02
1.000347E+02
9.796518E+01
1.001624E+02
4.668335E+01
2.024295E+02
1.528694E+02
2.523172E+02
6.662927E+02
2.012627E+02
4.668335E+01
2.499471E+02
4.668335E+01
1.001624E+02
3.041994E+02
9.396674E+02
2.010325E+02
9.782828E+02
4.659777E+02
7.119934E+02
1.340787E+03
5.118698E+02
5.672797E+02
1.565148E+02
2.490951E+02
6.790184E+02
5.630634E+02
1.980194E+02
5.187355E+02
1.003712E+02
0.000000E+00
1.520320E+02
1.499462E+02
1.519675E+02
4.740294E+01
1.752449E+03
9.946926E+01
4.125986E+02
1.512137E+02
9.773466E+01
9.848843E+01
8.230741E+02
2.005752E+02
5.094008E+01
3.617222E+02
9.842780E+01
3.046768E+02
9.773466E+01
3.070366E+02
4.740294E+01
1.484516E+02
5.798886E+02
4.732670E+02
8.842701E+02
4.209919E+02
8.339983E+02
6.191096E+02
8.826376E+02
6.719135E+02
6.804525E+02
5.150782E+02
7.728691E+02
7.379920E+02
7.813429E+02
5.223868E+02
4.209919E+02
6.263051E+02
1.030336E+03
8.874493E+02
5.677100E+02
4.722737E+02
4.744710E+02
4.209919E+02
6.701047E+02
6.205447E+02
6.266257E+02
1.040601E+03
6.689380E+02
4.209919E+02
6.242556E+02
4.209919E+02
4.744710E+02
6.785080E+02
1.313976E+03
5.753410E+02
1.352591E+03
8.402863E+02
1.086302E+03
1.715096E+03
8.861784E+02
9.415882E+02
6.241901E+02
7.167704E+02
1.146694E+03
9.373719E+02
5.723280E+02
8.930441E+02
5.680464E+02
4.676753E+02
5.263406E+02
6.176215E+02
5.262760E+02
5.150782E+02
2.126758E+03
4.737778E+02
7.869072E+02
5.255223E+02
4.720432E+02
4.727970E+02
1.197383E+03
5.748837E+02
5.186153E+02
7.360308E+02
4.727364E+02
6.789853E+02
4.720432E+02
7.747118E+02
5.150782E+02
5.227602E+02
7.785624E+02
6.719408E+02
1.183574E+03
6.196657E+02
9.393054E+02
6.296108E+02
1.081311E+03
6.824147E+02
8.791262E+02
5.255794E+02
7.833703E+02
9.366657E+02
9.800167E+02
7.210605E+02
6.196657E+02
8.249789E+02
1.040837E+03
8.979505E+02
5.782111E+02
6.709475E+02
6.731447E+02
6.196657E+02
6.806059E+02
6.310458E+02
8.252995E+02
1.239275E+03
6.794391E+02
6.196657E+02
8.229294E+02
6.196657E+02
6.731447E+02
8.771818E+02
1.512650E+03
7.740148E+02
1.551265E+03
1.038960E+03
1.185868E+03
1.814662E+03
1.084852E+03
9.401878E+02
7.294971E+02
7.272716E+02
1.157195E+03
1.136046E+03
7.710017E+02
1.091718E+03
5.785476E+02
5.729823E+02
7.250143E+02
6.281227E+02
7.249498E+02
5.255794E+02
2.226324E+03
6.724516E+02
9.855809E+02
7.241960E+02
6.707170E+02
6.714708E+02
1.396056E+03
7.735575E+02
6.239224E+02
9.347045E+02
6.714101E+02
8.776591E+02
6.707170E+02
8.800189E+02
5.255794E+02
7.214339E+02
1.365954E+03
1.259333E+03
1.770966E+03
1.207058E+03
1.620064E+03
1.405175E+03
1.668703E+03
1.457979E+03
1.466518E+03
1.301144E+03
1.462051E+03
1.524058E+03
1.470524E+03
1.308452E+03
1.207058E+03
1.412371E+03
1.719517E+03
1.673515E+03
1.353776E+03
1.258339E+03
1.260537E+03
1.207058E+03
1.456170E+03
1.406610E+03
1.412691E+03
1.724103E+03
1.358119E+03
1.207058E+03
1.313437E+03
1.207058E+03
1.260537E+03
1.464574E+03
2.100042E+03
1.361407E+03
2.034472E+03
1.626352E+03
1.872368E+03
2.404277E+03
1.672244E+03
1.727654E+03
1.410256E+03
1.405952E+03
1.932759E+03
1.723438E+03
1.358394E+03
1.679110E+03
1.354112E+03
1.253741E+03
1.312406E+03
1.403687E+03
1.312342E+03
1.301144E+03
2.815939E+03
1.259843E+03
1.572973E+03
1.311588E+03
1.258109E+03
1.258863E+03
1.983448E+03
1.360949E+03
1.304681E+03
1.522096E+03
1.258802E+03
1.465051E+03
1.258109E+03
1.560777E+03
1.301144E+03
1.308826E+03
2.592927E+02
1.526711E+02
6.643041E+02
1.003960E+02
5.134024E+02
2.985136E+02
5.620417E+02
3.513176E+02
3.598565E+02
1.944823E+02
4.522732E+02
4.173960E+02
4.607470E+02
2.017908E+02
1.003960E+02
3.057092E+02
7.097398E+02
5.668534E+02
2.471140E+02
1.516778E+02
1.538750E+02
1.003960E+02
3.495088E+02
2.999487E+02
3.060298E+02
7.200053E+02
3.483420E+02
1.003960E+02
3.036597E+02
1.003960E+02
1.538750E+02
3.579121E+02
9.933800E+02
2.547451E+02
1.031995E+03
5.196904E+02
7.657060E+02
1.394500E+03
5.655825E+02
6.209923E+02
3.035942E+02
2.955161E+02
8.260977E+02
6.167760E+02
5.094008E+01
5.724481E+02
2.474505E+02
1.470793E+02
2.057447E+02
2.970256E+02
2.056801E+02
1.944823E+02
1.806162E+03
1.531819E+02
4.663112E+02
2.049263E+02
1.514473E+02
1.522011E+02
8.767867E+02
2.542878E+02
1.980194E+02
4.154348E+02
1.521404E+02
2.582558E+02
1.514473E+02
4.541159E+02
1.944823E+02
2.021642E+02
3.550961E+02
2.484744E+02
7.601075E+02
1.961993E+02
5.158391E+02
2.061444E+02
6.578450E+02
2.589483E+02
4.556599E+02
1.021130E+02
3.599039E+02
5.131994E+02
5.565504E+02
2.975942E+02
1.961993E+02
4.015126E+02
6.173705E+02
4.744842E+02
1.547448E+02
2.474812E+02
2.496784E+02
1.961993E+02
2.571396E+02
2.075795E+02
4.018331E+02
8.158087E+02
2.559728E+02
1.961993E+02
3.994630E+02
1.961993E+02
2.496784E+02
4.537154E+02
1.089183E+03
3.505485E+02
1.127799E+03
6.154937E+02
8.615094E+02
1.387664E+03
6.613858E+02
7.167957E+02
3.060308E+02
3.038052E+02
7.337285E+02
7.125794E+02
3.475354E+02
5.666645E+02
1.550813E+02
1.495160E+02
3.015480E+02
2.046563E+02
3.014835E+02
1.021130E+02
1.901965E+03
2.489852E+02
5.621146E+02
3.007297E+02
2.472506E+02
2.480044E+02
8.699509E+02
3.500912E+02
2.004561E+02
5.112382E+02
2.479438E+02
4.541928E+02
2.472506E+02
4.565526E+02
1.021130E+02
2.979676E+02
2.100732E+02
1.034516E+02
6.150846E+02
5.117647E+01
4.641829E+02
2.492941E+02
5.128222E+02
3.020981E+02
3.106370E+02
1.452628E+02
4.030537E+02
3.681765E+02
4.115275E+02
1.525713E+02
5.117647E+01
2.564897E+02
6.605203E+02
5.176339E+02
1.978945E+02
1.024583E+02
1.046555E+02
5.117647E+01
3.002893E+02
2.507292E+02
2.568103E+02
6.707858E+02
2.991225E+02
5.117647E+01
2.544402E+02
5.117647E+01
1.046555E+02
3.086925E+02
9.441605E+02
2.055256E+02
9.827760E+02
4.704708E+02
7.164865E+02
1.345280E+03
5.163629E+02
5.717728E+02
2.543746E+02
3.469550E+02
7.768782E+02
5.675565E+02
2.025125E+02
5.232286E+02
1.982310E+02
9.785982E+01
1.565251E+02
2.478061E+02
1.564606E+02
1.452628E+02
1.756943E+03
1.039624E+02
4.170917E+02
1.557068E+02
1.022278E+02
1.029815E+02
8.275672E+02
2.050683E+02
1.487999E+02
3.662153E+02
1.029209E+02
3.091699E+02
1.022278E+02
4.048964E+02
1.452628E+02
1.529447E+02
3.656922E+02
2.590706E+02
7.707037E+02
2.067955E+02
6.198019E+02
4.049132E+02
6.684412E+02
4.577171E+02
4.662561E+02
3.008818E+02
5.586727E+02
5.237955E+02
5.671465E+02
3.081904E+02
2.067955E+02
4.121087E+02
8.161393E+02
6.732529E+02
3.535136E+02
2.580773E+02
2.602746E+02
2.067955E+02
4.559083E+02
4.063483E+02
4.124293E+02
8.264049E+02
4.547416E+02
2.067955E+02
4.100592E+02
2.067955E+02
2.602746E+02
3.631342E+02
1.099780E+03
3.611446E+02
1.138395E+03
6.260899E+02
8.721056E+02
1.500899E+03
6.719820E+02
7.273918E+02
4.099937E+02
5.025740E+02
8.313199E+02
7.231755E+02
3.581316E+02
6.788477E+02
3.538500E+02
2.534789E+02
3.121442E+02
4.034251E+02
3.120796E+02
3.008818E+02
1.912562E+03
2.595814E+02
5.727107E+02
3.113259E+02
2.578468E+02
2.586006E+02
9.831862E+02
3.606873E+02
3.044189E+02
5.218344E+02
2.585400E+02
4.647889E+02
2.578468E+02
5.605154E+02
3.008818E+02
3.085637E+02
9.252482E+02
8.186265E+02
1.330260E+03
7.663514E+02
1.085991E+03
7.762965E+02
1.227997E+03
8.291004E+02
1.025812E+03
6.722651E+02
9.300560E+02
1.083351E+03
1.126702E+03
8.677463E+02
7.663514E+02
9.716647E+02
1.089155E+03
1.044636E+03
7.248969E+02
8.176333E+02
8.198305E+02
7.663514E+02
8.272917E+02
7.777316E+02
9.719852E+02
1.385961E+03
8.261249E+02
7.663514E+02
9.696151E+02
7.663514E+02
8.198305E+02
1.023868E+03
1.659335E+03
9.207006E+02
1.599583E+03
1.084431E+03
1.234186E+03
1.862404E+03
1.231538E+03
1.086874E+03
8.761829E+02
8.739573E+02
1.303881E+03
1.282731E+03
9.176875E+02
1.238404E+03
7.252334E+02
7.196681E+02
8.717001E+02
7.748084E+02
8.716356E+02
6.722651E+02
2.068826E+03
8.191373E+02
1.132267E+03
8.708818E+02
8.174027E+02
8.181565E+02
1.441527E+03
9.202433E+02
7.706082E+02
1.081390E+03
8.180959E+02
1.024345E+03
8.174027E+02
9.277612E+02
6.722651E+02
8.681197E+02
5.148793E+02
4.082577E+02
9.198907E+02
3.559826E+02
6.756223E+02
3.659277E+02
8.176283E+02
4.187316E+02
6.154431E+02
2.618963E+02
5.196872E+02
6.729826E+02
7.163336E+02
4.573774E+02
3.559826E+02
5.612958E+02
7.771538E+02
6.342674E+02
3.145280E+02
4.072644E+02
4.094616E+02
3.559826E+02
4.169228E+02
3.673627E+02
5.616164E+02
9.755919E+02
4.157561E+02
3.559826E+02
5.592463E+02
3.559826E+02
4.094616E+02
6.134987E+02
1.145227E+03
5.103317E+02
1.287582E+03
7.752769E+02
1.021293E+03
1.650087E+03
8.211690E+02
8.765789E+02
4.658141E+02
4.635885E+02
8.935117E+02
8.723626E+02
5.073186E+02
8.280347E+02
3.148645E+02
3.092992E+02
4.613312E+02
3.644396E+02
4.612667E+02
2.618963E+02
2.061749E+03
4.087685E+02
7.218978E+02
4.605129E+02
4.070339E+02
4.077877E+02
1.132373E+03
5.098744E+02
3.602393E+02
6.710214E+02
4.077270E+02
6.139760E+02
4.070339E+02
6.163358E+02
2.618963E+02
4.577508E+02
4.091993E+02
3.025776E+02
7.131762E+02
2.503025E+02
5.699423E+02
3.550535E+02
7.119482E+02
4.078574E+02
5.097631E+02
2.510221E+02
5.088130E+02
5.673026E+02
6.106536E+02
2.523966E+02
2.503025E+02
4.556158E+02
7.662796E+02
6.233932E+02
3.036539E+02
3.015844E+02
3.037816E+02
2.503025E+02
4.060486E+02
3.564886E+02
4.559363E+02
8.699119E+02
4.048819E+02
2.503025E+02
4.535662E+02
2.503025E+02
3.037816E+02
5.078186E+02
1.143287E+03
4.046517E+02
1.181902E+03
6.695969E+02
9.156126E+02
1.544407E+03
7.154890E+02
7.708989E+02
3.601340E+02
4.527143E+02
8.826376E+02
7.666826E+02
4.016386E+02
7.223547E+02
3.039904E+02
2.036192E+02
3.556512E+02
3.535654E+02
3.555867E+02
2.510221E+02
1.956069E+03
3.030884E+02
6.162178E+02
3.548329E+02
3.013538E+02
3.021076E+02
9.273924E+02
3.031599E+02
2.545593E+02
5.653414E+02
3.020470E+02
5.082960E+02
3.013538E+02
5.106558E+02
2.510221E+02
3.520708E+02
3.057689E+02
1.991473E+02
7.107803E+02
1.468722E+02
4.665119E+02
1.568173E+02
6.085179E+02
2.096212E+02
4.063327E+02
5.278591E+01
3.105768E+02
4.638722E+02
5.072232E+02
2.482671E+02
1.468722E+02
3.521854E+02
5.680434E+02
4.251570E+02
1.054177E+02
1.981540E+02
2.003513E+02
1.468722E+02
2.078124E+02
1.582524E+02
3.525060E+02
7.664815E+02
2.066457E+02
1.468722E+02
3.501359E+02
1.468722E+02
2.003513E+02
4.043883E+02
1.039856E+03
3.012213E+02
1.078472E+03
5.661666E+02
8.121823E+02
1.440976E+03
6.120587E+02
6.674685E+02
2.567037E+02
2.544781E+02
6.844013E+02
6.632522E+02
2.982083E+02
6.189244E+02
1.057541E+02
1.001888E+02
2.522209E+02
1.553292E+02
2.521563E+02
5.278591E+01
1.852638E+03
1.996581E+02
5.127874E+02
2.514026E+02
1.979235E+02
1.986773E+02
9.232629E+02
3.007640E+02
1.511289E+02
4.619111E+02
1.986167E+02
4.048656E+02
1.979235E+02
4.072254E+02
5.278591E+01
2.486404E+02
8.299948E+02
7.233731E+02
1.030362E+03
6.710981E+02
8.772014E+02
8.692157E+02
1.132744E+03
9.220196E+02
9.305586E+02
7.651843E+02
9.260910E+02
9.880981E+02
9.345649E+02
7.724929E+02
6.710981E+02
8.764113E+02
1.083116E+03
1.137555E+03
8.178161E+02
7.223799E+02
7.245771E+02
6.710981E+02
9.202109E+02
8.706508E+02
8.767319E+02
1.290707E+03
8.221599E+02
6.710981E+02
7.774776E+02
6.710981E+02
7.245771E+02
9.286141E+02
1.564082E+03
8.254472E+02
1.602698E+03
1.090392E+03
1.336408E+03
1.765679E+03
1.136285E+03
1.088084E+03
8.742962E+02
8.699923E+02
1.396800E+03
1.087036E+03
8.224341E+02
1.143150E+03
8.181526E+02
7.177814E+02
7.764467E+02
8.677276E+02
7.763822E+02
7.651843E+02
2.279980E+03
7.238840E+02
1.037013E+03
7.756284E+02
7.221494E+02
7.229031E+02
1.344850E+03
7.239554E+02
7.687215E+02
9.861369E+02
7.228425E+02
9.290915E+02
7.221494E+02
1.024818E+03
7.651843E+02
7.728663E+02
2.055801E+02
9.895843E+01
6.105915E+02
4.668335E+01
3.663231E+02
1.514343E+02
5.083290E+02
2.042382E+02
3.061439E+02
4.740294E+01
3.051938E+02
3.636834E+02
4.070344E+02
1.480782E+02
4.668335E+01
2.519966E+02
5.626604E+02
4.197740E+02
1.000347E+02
9.796518E+01
1.001624E+02
4.668335E+01
2.024295E+02
1.528694E+02
2.523172E+02
6.662927E+02
2.012627E+02
4.668335E+01
2.499471E+02
4.668335E+01
1.001624E+02
3.041994E+02
9.396674E+02
2.010325E+02
9.782828E+02
4.659777E+02
7.119934E+02
1.340787E+03
5.118698E+02
5.672797E+02
1.565148E+02
2.490951E+02
6.790184E+02
5.630634E+02
1.980194E+02
5.187355E+02
1.003712E+02
0.000000E+00
1.520320E+02
1.499462E+02
1.519675E+02
4.740294E+01
1.752449E+03
9.946926E+01
4.125986E+02
1.512137E+02
9.773466E+01
9.848843E+01
8.230741E+02
2.005752E+02
5.094008E+01
3.617222E+02
9.842780E+01
3.046768E+02
9.773466E+01
3.070366E+02
4.740294E+01
1.484516E+02
7.194908E+02
6.128691E+02
9.264938E+02
5.605941E+02
8.802338E+02
5.705391E+02
1.022240E+03
6.233431E+02
8.200546E+02
4.665078E+02
7.242987E+02
8.775941E+02
9.209451E+02
6.619889E+02
5.605941E+02
7.659073E+02
9.817653E+02
6.283519E+02
5.191395E+02
6.118759E+02
6.140731E+02
5.605941E+02
6.215343E+02
5.719742E+02
6.685132E+02
1.180203E+03
6.203675E+02
5.605941E+02
7.638578E+02
5.605941E+02
6.140731E+02
7.203954E+02
1.353284E+03
6.172285E+02
1.492194E+03
9.798884E+02
1.225904E+03
1.752059E+03
9.280658E+02
1.081190E+03
6.704255E+02
6.682000E+02
1.098123E+03
1.076974E+03
7.119301E+02
1.032646E+03
5.194760E+02
5.139107E+02
6.659427E+02
5.690511E+02
6.658782E+02
4.665078E+02
2.266360E+03
6.133800E+02
9.265093E+02
6.651244E+02
6.116454E+02
6.123991E+02
1.234346E+03
7.144859E+02
5.648508E+02
8.756329E+02
6.123385E+02
7.182938E+02
6.116454E+02
8.209473E+02
4.665078E+02
6.623623E+02
2.529830E+02
1.463614E+02
6.579944E+02
9.408629E+01
4.137260E+02
1.040314E+02
5.557320E+02
1.568353E+02
3.535468E+02
0.000000E+00
2.577909E+02
4.110863E+02
4.544373E+02
1.954812E+02
9.408629E+01
2.993995E+02
5.152575E+02
3.723711E+02
5.263176E+01
1.453681E+02
1.475653E+02
9.408629E+01
1.550265E+02
1.054665E+02
2.997201E+02
7.136956E+02
1.538598E+02
9.408629E+01
2.973500E+02
9.408629E+01
1.475653E+02
3.516024E+02
9.870703E+02
2.484354E+02
1.025686E+03
5.133807E+02
7.593963E+02
1.388190E+03
5.592728E+02
6.146826E+02
2.039178E+02
2.016922E+02
6.316154E+02
6.104663E+02
2.454224E+02
5.661385E+02
5.296823E+01
4.740294E+01
1.994350E+02
1.025433E+02
1.993704E+02
0.000000E+00
1.799852E+03
1.468722E+02
4.600015E+02
1.986167E+02
1.451376E+02
1.458914E+02
8.704770E+02
2.479781E+02
9.834302E+01
4.091252E+02
1.458307E+02
3.520797E+02
1.451376E+02
3.544395E+02
0.000000E+00
1.958545E+02
6.108827E+02
5.042610E+02
9.148597E+02
4.519860E+02
7.716257E+02
4.619310E+02
8.137263E+02
5.147350E+02
7.114465E+02
3.578997E+02
6.156906E+02
7.689860E+02
8.123370E+02
5.533808E+02
4.519860E+02
6.572992E+02
8.731572E+02
7.302708E+02
4.105314E+02
5.032678E+02
5.054650E+02
4.519860E+02
5.129262E+02
4.633661E+02
6.576198E+02
9.691044E+02
5.117594E+02
4.519860E+02
6.552497E+02
4.519860E+02
5.054650E+02
7.095020E+02
1.344970E+03
6.063351E+02
1.383585E+03
8.712803E+02
1.016119E+03
1.746090E+03
9.171724E+02
9.725823E+02
5.618174E+02
4.596865E+02
9.895151E+02
9.683660E+02
6.033220E+02
9.240381E+02
4.108679E+02
4.053026E+02
5.573346E+02
4.604430E+02
5.572701E+02
3.578997E+02
2.057847E+03
5.047719E+02
8.179012E+02
5.565163E+02
5.030373E+02
5.037910E+02
1.228377E+03
4.036660E+02
4.562427E+02
7.670248E+02
5.037304E+02
7.099794E+02
5.030373E+02
7.123392E+02
3.578997E+02
5.537542E+02
3.077507E+02
2.011290E+02
7.127621E+02
1.488540E+02
4.684937E+02
2.536049E+02
5.071251E+02
3.064089E+02
4.083145E+02
1.495736E+02
4.073645E+02
4.658540E+02
5.092050E+02
2.502488E+02
1.488540E+02
3.541672E+02
6.648311E+02
5.219447E+02
2.022053E+02
2.001358E+02
2.023330E+02
1.488540E+02
3.046001E+02
2.550400E+02
3.544878E+02
7.684633E+02
3.034333E+02
1.488540E+02
3.521177E+02
1.488540E+02
2.023330E+02
4.063700E+02
1.041838E+03
3.032031E+02
1.080453E+03
5.681483E+02
8.141640E+02
1.442958E+03
6.140404E+02
6.694503E+02
2.586854E+02
3.512658E+02
7.811890E+02
6.652340E+02
3.001900E+02
6.209061E+02
2.025418E+02
1.021706E+02
2.542026E+02
2.521169E+02
2.541381E+02
1.495736E+02
1.854620E+03
2.016399E+02
5.147692E+02
2.533843E+02
1.999053E+02
2.006590E+02
9.252447E+02
3.027458E+02
1.531107E+02
4.638928E+02
2.005984E+02
4.068474E+02
1.999053E+02
4.092072E+02
1.495736E+02
2.506222E+02
5.785754E+02
4.719537E+02
9.835868E+02
4.196786E+02
8.326851E+02
6.177963E+02
8.813243E+02
6.706002E+02
6.791392E+02
5.137649E+02
7.715558E+02
7.366787E+02
7.800297E+02
5.210735E+02
4.196786E+02
6.249919E+02
1.029022E+03
8.861360E+02
5.663967E+02
4.709605E+02
4.731577E+02
4.196786E+02
6.687914E+02
6.192314E+02
6.253125E+02
1.039288E+03
6.676247E+02
4.196786E+02
6.229424E+02
4.196786E+02
4.731577E+02
6.771947E+02
1.206726E+03
5.740278E+02
1.351278E+03
8.389730E+02
9.827648E+02
1.713783E+03
8.848651E+02
9.402750E+02
6.228768E+02
7.154571E+02
1.145380E+03
8.304869E+02
5.710147E+02
8.917308E+02
5.667332E+02
4.663620E+02
5.250273E+02
6.163082E+02
5.249628E+02
5.137649E+02
2.125445E+03
4.724646E+02
7.855939E+02
5.242090E+02
4.707299E+02
4.714837E+02
1.090498E+03
5.735705E+02
5.173021E+02
7.347175E+02
4.714231E+02
6.776721E+02
4.707299E+02
7.733986E+02
5.137649E+02
5.214469E+02
4.226721E+02
3.160505E+02
8.276835E+02
2.637754E+02
6.767818E+02
4.618930E+02
7.254211E+02
5.146970E+02
5.232359E+02
3.578617E+02
6.156526E+02
5.807754E+02
6.241264E+02
3.651703E+02
2.637754E+02
4.690886E+02
8.731192E+02
7.302328E+02
4.104934E+02
3.150572E+02
3.172544E+02
2.637754E+02
5.128882E+02
4.633281E+02
4.694092E+02
8.833847E+02
5.117214E+02
2.637754E+02
4.670391E+02
2.637754E+02
3.172544E+02
5.212915E+02
1.156759E+03
4.181245E+02
1.195375E+03
6.830698E+02
9.290854E+02
1.557879E+03
7.289619E+02
7.843717E+02
4.669736E+02
5.595539E+02
9.894771E+02
7.801554E+02
4.151114E+02
7.358276E+02
4.108299E+02
3.104587E+02
3.691241E+02
4.604050E+02
3.690595E+02
3.578617E+02
1.969541E+03
3.165613E+02
6.296906E+02
3.683057E+02
3.148267E+02
3.155805E+02
1.040166E+03
4.176672E+02
3.613988E+02
5.788143E+02
3.155198E+02
5.217688E+02
3.148267E+02
6.174953E+02
3.578617E+02
3.655436E+02
3.725253E+02
2.659036E+02
7.775367E+02
2.136285E+02
6.266350E+02
4.117462E+02
6.752742E+02
4.645501E+02
4.730891E+02
3.077148E+02
5.655057E+02
5.306286E+02
5.739796E+02
3.150234E+02
2.136285E+02
4.189418E+02
8.229723E+02
6.800859E+02
3.603466E+02
2.649104E+02
2.671076E+02
2.136285E+02
4.627413E+02
4.131813E+02
4.192623E+02
8.332379E+02
4.615746E+02
2.136285E+02
4.168922E+02
2.136285E+02
2.671076E+02
4.711446E+02
1.106613E+03
3.679777E+02
1.145228E+03
6.329229E+02
8.789386E+02
1.507733E+03
6.788150E+02
7.342249E+02
4.168267E+02
5.094070E+02
9.393303E+02
7.300086E+02
3.649646E+02
6.856807E+02
3.606831E+02
2.603119E+02
3.189772E+02
4.102581E+02
3.189127E+02
3.077148E+02
1.919395E+03
2.664144E+02
5.795438E+02
3.181589E+02
2.646798E+02
2.654336E+02
9.900193E+02
3.675204E+02
3.112520E+02
5.286674E+02
2.653730E+02
4.716220E+02
2.646798E+02
5.673485E+02
3.077148E+02
3.153968E+02
3.056148E+02
1.989931E+02
7.106262E+02
1.467180E+02
4.663578E+02
1.566631E+02
6.083637E+02
2.094671E+02
4.061786E+02
5.263176E+01
3.104226E+02
4.637181E+02
5.070691E+02
2.481129E+02
1.467180E+02
3.520313E+02
5.678893E+02
4.250029E+02
1.052635E+02
1.979999E+02
2.001971E+02
1.467180E+02
2.076583E+02
1.580982E+02
3.523519E+02
7.663274E+02
2.064915E+02
1.467180E+02
3.499818E+02
1.467180E+02
2.001971E+02
4.042341E+02
1.039702E+03
3.010672E+02
1.078318E+03
5.660124E+02
8.120281E+02
1.440822E+03
6.119045E+02
6.673144E+02
2.565495E+02
2.543240E+02
6.842472E+02
6.630981E+02
2.980541E+02
6.187702E+02
1.056000E+02
1.000347E+02
2.520667E+02
1.551750E+02
2.520022E+02
5.263176E+01
1.852484E+03
1.995040E+02
5.126333E+02
2.512484E+02
1.977694E+02
1.985231E+02
9.231088E+02
3.006099E+02
1.509748E+02
4.617569E+02
1.984625E+02
4.047115E+02
1.977694E+02
4.070713E+02
5.263176E+01
2.484863E+02
2.092259E+02
1.026043E+02
6.142373E+02
5.032917E+01
4.633356E+02
2.484468E+02
5.119749E+02
3.012508E+02
3.097897E+02
1.444155E+02
4.022064E+02
3.673292E+02
4.106802E+02
1.517240E+02
5.032917E+01
2.556424E+02
6.596730E+02
5.167866E+02
1.970472E+02
1.016110E+02
1.038082E+02
5.032917E+01
2.994420E+02
2.498819E+02
2.559630E+02
6.699385E+02
2.982752E+02
5.032917E+01
2.535929E+02
5.032917E+01
1.038082E+02
3.078452E+02
9.433132E+02
2.046783E+02
9.819287E+02
4.696235E+02
7.156392E+02
1.344433E+03
5.155156E+02
5.709255E+02
2.535273E+02
2.454493E+02
7.760309E+02
5.667092E+02
1.010069E+02
5.223813E+02
1.973837E+02
9.701252E+01
1.556778E+02
2.469588E+02
1.556133E+02
1.444155E+02
1.756095E+03
1.031151E+02
4.162444E+02
1.548595E+02
1.013805E+02
1.021342E+02
8.267199E+02
2.042210E+02
1.479526E+02
3.653680E+02
1.020736E+02
3.083226E+02
1.013805E+02
4.040491E+02
1.444155E+02
1.520974E+02
2.055801E+02
9.895843E+01
6.105915E+02
4.668335E+01
3.663231E+02
1.514343E+02
5.083290E+02
2.042382E+02
3.061439E+02
4.740294E+01
3.051938E+02
3.636834E+02
4.070344E+02
1.480782E+02
4.668335E+01
2.519966E+02
5.626604E+02
4.197740E+02
1.000347E+02
9.796518E+01
1.001624E+02
4.668335E+01
2.024295E+02
1.528694E+02
2.523172E+02
6.662927E+02
2.012627E+02
4.668335E+01
2.499471E+02
4.668335E+01
1.001624E+02
3.041994E+02
9.396674E+02
2.010325E+02
9.782828E+02
4.659777E+02
7.119934E+02
1.340787E+03
5.118698E+02
5.672797E+02
1.565148E+02
2.490951E+02
6.790184E+02
5.630634E+02
1.980194E+02
5.187355E+02
1.003712E+02
0.000000E+00
1.520320E+02
1.499462E+02
1.519675E+02
4.740294E+01
1.752449E+03
9.946926E+01
4.125986E+02
1.512137E+02
9.773466E+01
9.848843E+01
8.230741E+02
2.005752E+02
5.094008E+01
3.617222E+02
9.842780E+01
3.046768E+02
9.773466E+01
3.070366E+02
4.740294E+01
1.484516E+02
5.139608E+02
4.073391E+02
9.189722E+02
3.550641E+02
6.747038E+02
3.650091E+02
8.167098E+02
4.178131E+02
6.145246E+02
2.609778E+02
5.187687E+02
6.720641E+02
7.154151E+02
4.564589E+02
3.550641E+02
5.603773E+02
7.762353E+02
6.333489E+02
3.136095E+02
4.063459E+02
4.085431E+02
3.550641E+02
4.160043E+02
3.664442E+02
5.606979E+02
9.746734E+02
4.148375E+02
3.550641E+02
5.583278E+02
3.550641E+02
4.085431E+02
6.125801E+02
1.248048E+03
5.094132E+02
1.286664E+03
7.743584E+02
1.020374E+03
1.649168E+03
8.202505E+02
8.756604E+02
4.648955E+02
4.626700E+02
8.925932E+02
8.714441E+02
5.064001E+02
8.271162E+02
3.139460E+02
3.083807E+02
4.604127E+02
3.635211E+02
4.603482E+02
2.609778E+02
2.060830E+03
4.078500E+02
7.209793E+02
4.595944E+02
4.061154E+02
4.068691E+02
1.031113E+03
5.089559E+02
3.593208E+02
6.701029E+02
4.068085E+02
6.130575E+02
4.061154E+02
6.154173E+02
2.609778E+02
4.568323E+02
1.588967E+02
5.227508E+01
5.639082E+02
0.000000E+00
4.130064E+02
1.981177E+02
4.616457E+02
2.509216E+02
2.594605E+02
9.408629E+01
3.518772E+02
3.170000E+02
3.603510E+02
1.013949E+02
0.000000E+00
2.053132E+02
6.093438E+02
4.664574E+02
1.467180E+02
5.128183E+01
5.347905E+01
0.000000E+00
2.491128E+02
1.995527E+02
2.056338E+02
6.196093E+02
2.479461E+02
0.000000E+00
2.032637E+02
0.000000E+00
5.347905E+01
2.575161E+02
8.929840E+02
1.543491E+02
9.315995E+02
4.192944E+02
6.653101E+02
1.294104E+03
4.651865E+02
5.205963E+02
2.031982E+02
2.957785E+02
7.257017E+02
5.163800E+02
1.513361E+02
4.720522E+02
1.470545E+02
4.668335E+01
1.053487E+02
1.966296E+02
1.052841E+02
9.408629E+01
1.705766E+03
5.278591E+01
3.659152E+02
1.045304E+02
5.105131E+01
5.180508E+01
7.763907E+02
1.538918E+02
9.762343E+01
3.150389E+02
5.174445E+01
2.579934E+02
5.105131E+01
3.537199E+02
9.408629E+01
1.017682E+02
2.055801E+02
9.895843E+01
6.105915E+02
4.668335E+01
3.663231E+02
1.514343E+02
5.083290E+02
2.042382E+02
3.061439E+02
4.740294E+01
3.051938E+02
3.636834E+02
4.070344E+02
1.480782E+02
4.668335E+01
2.519966E+02
5.626604E+02
4.197740E+02
1.000347E+02
9.796518E+01
1.001624E+02
4.668335E+01
2.024295E+02
1.528694E+02
2.523172E+02
6.662927E+02
2.012627E+02
4.668335E+01
2.499471E+02
4.668335E+01
1.001624E+02
3.041994E+02
9.396674E+02
2.010325E+02
9.782828E+02
4.659777E+02
7.119934E+02
1.340787E+03
5.118698E+02
5.672797E+02
1.565148E+02
2.490951E+02
6.790184E+02
5.630634E+02
1.980194E+02
5.187355E+02
1.003712E+02
0.000000E+00
1.520320E+02
1.499462E+02
1.519675E+02
4.740294E+01
1.752449E+03
9.946926E+01
4.125986E+02
1.512137E+02
9.773466E+01
9.848843E+01
8.230741E+02
2.005752E+02
5.094008E+01
3.617222E+02
9.842780E+01
3.046768E+02
9.773466E+01
3.070366E+02
4.740294E+01
1.484516E+02
8.853609E+02
7.787392E+02
1.290372E+03
7.264641E+02
1.046104E+03
8.312151E+02
1.188110E+03
8.840190E+02
9.859247E+02
7.271837E+02
9.849746E+02
1.043464E+03
1.086815E+03
8.278590E+02
7.264641E+02
9.317774E+02
1.242441E+03
1.099555E+03
7.798155E+02
7.777460E+02
7.799432E+02
7.264641E+02
8.822102E+02
8.326502E+02
9.320979E+02
1.346073E+03
8.810435E+02
7.264641E+02
9.297278E+02
7.264641E+02
7.799432E+02
9.839802E+02
1.619448E+03
8.808133E+02
1.556609E+03
1.145759E+03
1.391774E+03
2.020568E+03
1.191651E+03
1.247060E+03
8.362956E+02
9.288759E+02
1.358799E+03
1.139355E+03
8.778002E+02
1.198516E+03
7.801520E+02
6.797808E+02
8.318128E+02
8.297270E+02
8.317483E+02
7.271837E+02
2.432230E+03
7.792500E+02
1.092379E+03
8.309945E+02
7.775154E+02
7.782692E+02
1.502855E+03
8.803560E+02
7.307209E+02
1.041503E+03
7.782086E+02
9.844576E+02
7.775154E+02
9.868174E+02
7.271837E+02
8.282324E+02
