4.677475E+02
3.078094E+02
3.078094E+02
4.715093E+02
3.078094E+02
7.326767E+02
6.150761E+02
3.078094E+02
6.207530E+02
3.078094E+02
3.135978E+02
3.078094E+02
7.754847E+02
7.859858E+02
1.561550E+03
4.548887E+02
3.625195E+02
4.056692E+02
5.612882E+02
9.326716E+02
5.223027E+02
5.114286E+02
3.131924E+02
1.025591E+03
3.078094E+02
6.291995E+02
2.604064E+02
6.183061E+02
4.099800E+02
7.741714E+02
6.182681E+02
5.681213E+02
3.130382E+02
4.048219E+02
3.078094E+02
5.213842E+02
3.544927E+02
3.078094E+02
9.875902E+02
0.000000E+00
2.547440E+02
2.547440E+02
4.184439E+02
2.547440E+02
6.796113E+02
5.620107E+02
2.547440E+02
5.676877E+02
2.547440E+02
2.605325E+02
2.547440E+02
7.224193E+02
7.329205E+02
1.508485E+03
4.018234E+02
3.094541E+02
3.526039E+02
5.082229E+02
7.812382E+02
4.692374E+02
4.583632E+02
2.601270E+02
9.725254E+02
2.547440E+02
6.738489E+02
2.073411E+02
5.652408E+02
3.569147E+02
7.211060E+02
5.652028E+02
5.150559E+02
2.599728E+02
3.517566E+02
2.547440E+02
4.683189E+02
3.014274E+02
2.547440E+02
9.345248E+02
2.547440E+02
0.000000E+00
0.000000E+00
2.585058E+02
0.000000E+00
5.196732E+02
3.072667E+02
0.000000E+00
3.129436E+02
0.000000E+00
1.005943E+02
0.000000E+00
4.676753E+02
5.729823E+02
1.253741E+03
1.470793E+02
1.495160E+02
9.785982E+01
2.534789E+02
7.196681E+02
3.092992E+02
2.036192E+02
1.001888E+02
7.177814E+02
0.000000E+00
5.139107E+02
4.740294E+01
4.053026E+02
1.021706E+02
4.663620E+02
3.104587E+02
2.603119E+02
1.000347E+02
9.701252E+01
0.000000E+00
3.083807E+02
4.668335E+01
0.000000E+00
6.797808E+02
2.547440E+02
0.000000E+00
0.000000E+00
2.585058E+02
0.000000E+00
5.196732E+02
3.072667E+02
0.000000E+00
3.129436E+02
0.000000E+00
1.005943E+02
0.000000E+00
4.676753E+02
5.729823E+02
1.253741E+03
1.470793E+02
1.495160E+02
9.785982E+01
2.534789E+02
7.196681E+02
3.092992E+02
2.036192E+02
1.001888E+02
7.177814E+02
0.000000E+00
5.139107E+02
4.740294E+01
4.053026E+02
1.021706E+02
4.663620E+02
3.104587E+02
2.603119E+02
1.000347E+02
9.701252E+01
0.000000E+00
3.083807E+02
4.668335E+01
0.000000E+00
6.797808E+02
4.184439E+02
2.585058E+02
2.585058E+02
0.000000E+00
2.585058E+02
6.833730E+02
5.657724E+02
2.585058E+02
5.714494E+02
2.585058E+02
2.642942E+02
2.585058E+02
7.261810E+02
7.366822E+02
1.512247E+03
4.055851E+02
3.132159E+02
3.563656E+02
5.119846E+02
8.833680E+02
4.729991E+02
4.621249E+02
2.638887E+02
9.762872E+02
2.585058E+02
6.776106E+02
2.111028E+02
5.690025E+02
3.606764E+02
7.248677E+02
5.689645E+02
5.188176E+02
2.637346E+02
3.555183E+02
2.585058E+02
4.720806E+02
3.051891E+02
2.585058E+02
9.382865E+02
2.547440E+02
0.000000E+00
0.000000E+00
2.585058E+02
0.000000E+00
5.196732E+02
3.072667E+02
0.000000E+00
3.129436E+02
0.000000E+00
1.005943E+02
0.000000E+00
4.676753E+02
5.729823E+02
1.253741E+03
1.470793E+02
1.495160E+02
9.785982E+01
2.534789E+02
7.196681E+02
3.092992E+02
2.036192E+02
1.001888E+02
7.177814E+02
0.000000E+00
5.139107E+02
4.740294E+01
4.053026E+02
1.021706E+02
4.663620E+02
3.104587E+02
2.603119E+02
1.000347E+02
9.701252E+01
0.000000E+00
3.083807E+02
4.668335E+01
0.000000E+00
6.797808E+02
6.796113E+02
5.196732E+02
5.196732E+02
6.833730E+02
5.196732E+02
0.000000E+00
8.269398E+02
5.196732E+02
8.326168E+02
5.196732E+02
5.254616E+02
5.196732E+02
9.873484E+02
9.978496E+02
1.773414E+03
6.667525E+02
5.743833E+02
6.175330E+02
7.731520E+02
1.144535E+03
7.341665E+02
7.232924E+02
5.250561E+02
1.237455E+03
5.196732E+02
9.387780E+02
4.722702E+02
8.301699E+02
6.218438E+02
9.860352E+02
8.301319E+02
7.799851E+02
5.249020E+02
6.166857E+02
5.196732E+02
7.332480E+02
5.663565E+02
5.196732E+02
1.199454E+03
5.620107E+02
3.072667E+02
3.072667E+02
5.657724E+02
3.072667E+02
8.269398E+02
0.000000E+00
3.072667E+02
5.268436E+02
3.072667E+02
4.078610E+02
3.072667E+02
6.815752E+02
8.802490E+02
1.467641E+03
3.609793E+02
4.567827E+02
3.117598E+02
4.673788E+02
1.026935E+03
6.165659E+02
5.108859E+02
4.074555E+02
9.316814E+02
3.072667E+02
8.211774E+02
3.546696E+02
7.125693E+02
4.094373E+02
6.802620E+02
5.243587E+02
4.742119E+02
4.073014E+02
3.109125E+02
3.072667E+02
6.156474E+02
2.605833E+02
3.072667E+02
9.870475E+02
2.547440E+02
0.000000E+00
0.000000E+00
2.585058E+02
0.000000E+00
5.196732E+02
3.072667E+02
0.000000E+00
3.129436E+02
0.000000E+00
1.005943E+02
0.000000E+00
4.676753E+02
5.729823E+02
1.253741E+03
1.470793E+02
1.495160E+02
9.785982E+01
2.534789E+02
7.196681E+02
3.092992E+02
2.036192E+02
1.001888E+02
7.177814E+02
0.000000E+00
5.139107E+02
4.740294E+01
4.053026E+02
1.021706E+02
4.663620E+02
3.104587E+02
2.603119E+02
1.000347E+02
9.701252E+01
0.000000E+00
3.083807E+02
4.668335E+01
0.000000E+00
6.797808E+02
5.676877E+02
3.129436E+02
3.129436E+02
5.714494E+02
3.129436E+02
8.326168E+02
5.268436E+02
3.129436E+02
0.000000E+00
3.129436E+02
4.135380E+02
3.129436E+02
6.872522E+02
8.859260E+02
1.473318E+03
3.666563E+02
4.624596E+02
3.174368E+02
4.730558E+02
1.032612E+03
6.222429E+02
5.165628E+02
4.131325E+02
9.373583E+02
3.129436E+02
8.268544E+02
3.603466E+02
7.182463E+02
4.151143E+02
6.859389E+02
5.300357E+02
4.798888E+02
4.129783E+02
3.165895E+02
3.129436E+02
6.213244E+02
2.662603E+02
3.129436E+02
9.927244E+02
2.547440E+02
0.000000E+00
0.000000E+00
2.585058E+02
0.000000E+00
5.196732E+02
3.072667E+02
0.000000E+00
3.129436E+02
0.000000E+00
1.005943E+02
0.000000E+00
4.676753E+02
5.729823E+02
1.253741E+03
1.470793E+02
1.495160E+02
9.785982E+01
2.534789E+02
7.196681E+02
3.092992E+02
2.036192E+02
1.001888E+02
7.177814E+02
0.000000E+00
5.139107E+02
4.740294E+01
4.053026E+02
1.021706E+02
4.663620E+02
3.104587E+02
2.603119E+02
1.000347E+02
9.701252E+01
0.000000E+00
3.083807E+02
4.668335E+01
0.000000E+00
6.797808E+02
2.605325E+02
1.005943E+02
1.005943E+02
2.642942E+02
1.005943E+02
5.254616E+02
4.078610E+02
1.005943E+02
4.135380E+02
1.005943E+02
0.000000E+00
1.005943E+02
5.682696E+02
5.787708E+02
1.354335E+03
2.476736E+02
1.553044E+02
1.984541E+02
3.540732E+02
7.254565E+02
3.150877E+02
3.042135E+02
1.059773E+02
8.183757E+02
1.005943E+02
5.196991E+02
5.319137E+01
4.110910E+02
2.027649E+02
5.669563E+02
4.110531E+02
3.609062E+02
1.058231E+02
1.976068E+02
1.005943E+02
3.141691E+02
1.472777E+02
1.005943E+02
7.803751E+02
2.547440E+02
0.000000E+00
0.000000E+00
2.585058E+02
0.000000E+00
5.196732E+02
3.072667E+02
0.000000E+00
3.129436E+02
0.000000E+00
1.005943E+02
0.000000E+00
4.676753E+02
5.729823E+02
1.253741E+03
1.470793E+02
1.495160E+02
9.785982E+01
2.534789E+02
7.196681E+02
3.092992E+02
2.036192E+02
1.001888E+02
7.177814E+02
0.000000E+00
5.139107E+02
4.740294E+01
4.053026E+02
1.021706E+02
4.663620E+02
3.104587E+02
2.603119E+02
1.000347E+02
9.701252E+01
0.000000E+00
3.083807E+02
4.668335E+01
0.000000E+00
6.797808E+02
7.224193E+02
4.676753E+02
4.676753E+02
7.261810E+02
4.676753E+02
9.873484E+02
6.815752E+02
4.676753E+02
6.872522E+02
4.676753E+02
5.682696E+02
4.676753E+02
0.000000E+00
1.040658E+03
1.628049E+03
5.213879E+02
6.171913E+02
4.721684E+02
6.277874E+02
1.187343E+03
7.769745E+02
6.712944E+02
5.678641E+02
1.092090E+03
4.676753E+02
9.815860E+02
5.150782E+02
8.729779E+02
5.698459E+02
8.406706E+02
6.847673E+02
6.346204E+02
5.677100E+02
4.713211E+02
4.676753E+02
7.760560E+02
4.209919E+02
4.676753E+02
1.147456E+03
7.329205E+02
5.729823E+02
5.729823E+02
7.366822E+02
5.729823E+02
9.978496E+02
8.802490E+02
5.729823E+02
8.859260E+02
5.729823E+02
5.787708E+02
5.729823E+02
1.040658E+03
0.000000E+00
1.826723E+03
7.200617E+02
6.276924E+02
6.708421E+02
8.264612E+02
9.977703E+02
7.874757E+02
7.766015E+02
5.783653E+02
1.290764E+03
5.729823E+02
9.920872E+02
5.255794E+02
8.834791E+02
6.751529E+02
1.039344E+03
8.834411E+02
8.332942E+02
5.782111E+02
6.699948E+02
5.729823E+02
7.865572E+02
6.196657E+02
5.729823E+02
1.252763E+03
1.508485E+03
1.253741E+03
1.253741E+03
1.512247E+03
1.253741E+03
1.773414E+03
1.467641E+03
1.253741E+03
1.473318E+03
1.253741E+03
1.354335E+03
1.253741E+03
1.628049E+03
1.826723E+03
0.000000E+00
1.307454E+03
1.403257E+03
1.258234E+03
1.413853E+03
1.973409E+03
1.563040E+03
1.457360E+03
1.353930E+03
1.781271E+03
1.253741E+03
1.767652E+03
1.301144E+03
1.659044E+03
1.355912E+03
1.626736E+03
1.470833E+03
1.420686E+03
1.353776E+03
1.257387E+03
1.253741E+03
1.562122E+03
1.207058E+03
1.253741E+03
1.933522E+03
4.018234E+02
1.470793E+02
1.470793E+02
4.055851E+02
1.470793E+02
6.667525E+02
3.609793E+02
1.470793E+02
3.666563E+02
1.470793E+02
2.476736E+02
1.470793E+02
5.213879E+02
7.200617E+02
1.307454E+03
0.000000E+00
2.965953E+02
1.515724E+02
3.071915E+02
8.667474E+02
4.563786E+02
3.506985E+02
2.472682E+02
7.714940E+02
1.470793E+02
6.609900E+02
1.944823E+02
5.523819E+02
2.492499E+02
5.200746E+02
3.641714E+02
3.140245E+02
2.471140E+02
5.006681E+01
1.470793E+02
4.554600E+02
1.003960E+02
1.470793E+02
8.268601E+02
3.094541E+02
1.495160E+02
1.495160E+02
3.132159E+02
1.495160E+02
5.743833E+02
4.567827E+02
1.495160E+02
4.624596E+02
1.495160E+02
1.553044E+02
1.495160E+02
6.171913E+02
6.276924E+02
1.403257E+03
2.965953E+02
0.000000E+00
2.473758E+02
4.029948E+02
7.743782E+02
3.640093E+02
3.531352E+02
1.548990E+02
7.646583E+02
1.495160E+02
4.659817E+02
1.021130E+02
4.600127E+02
2.516866E+02
6.158780E+02
4.599747E+02
4.098279E+02
1.547448E+02
2.465285E+02
1.495160E+02
3.630908E+02
1.961993E+02
1.495160E+02
8.292968E+02
3.526039E+02
9.785982E+01
9.785982E+01
3.563656E+02
9.785982E+01
6.175330E+02
3.117598E+02
9.785982E+01
3.174368E+02
9.785982E+01
1.984541E+02
9.785982E+01
4.721684E+02
6.708421E+02
1.258234E+03
1.515724E+02
2.473758E+02
0.000000E+00
2.579720E+02
8.175279E+02
4.071590E+02
3.014790E+02
1.980487E+02
7.222745E+02
9.785982E+01
6.117705E+02
1.452628E+02
5.031624E+02
2.000304E+02
4.708551E+02
3.149519E+02
2.648050E+02
1.978945E+02
1.015056E+02
9.785982E+01
4.062405E+02
5.117647E+01
9.785982E+01
7.776406E+02
5.082229E+02
2.534789E+02
2.534789E+02
5.119846E+02
2.534789E+02
7.731520E+02
4.673788E+02
2.534789E+02
4.730558E+02
2.534789E+02
3.540732E+02
2.534789E+02
6.277874E+02
8.264612E+02
1.413853E+03
3.071915E+02
4.029948E+02
2.579720E+02
0.000000E+00
9.731469E+02
5.627781E+02
4.570980E+02
3.536677E+02
8.778936E+02
2.534789E+02
7.673896E+02
3.008818E+02
6.587815E+02
3.556495E+02
6.264741E+02
4.705709E+02
4.204240E+02
3.535136E+02
2.571247E+02
2.534789E+02
5.618596E+02
2.067955E+02
2.534789E+02
8.296495E+02
7.812382E+02
7.196681E+02
7.196681E+02
8.833680E+02
7.196681E+02
1.144535E+03
1.026935E+03
7.196681E+02
1.032612E+03
7.196681E+02
7.254565E+02
7.196681E+02
1.187343E+03
9.977703E+02
1.973409E+03
8.667474E+02
7.743782E+02
8.175279E+02
9.731469E+02
0.000000E+00
9.341614E+02
9.232873E+02
7.250511E+02
1.437449E+03
7.196681E+02
1.138773E+03
6.722651E+02
1.030165E+03
8.218387E+02
1.186030E+03
1.030127E+03
9.799800E+02
7.248969E+02
8.166806E+02
7.196681E+02
9.332429E+02
7.663514E+02
7.196681E+02
1.399449E+03
4.692374E+02
3.092992E+02
3.092992E+02
4.729991E+02
3.092992E+02
7.341665E+02
6.165659E+02
3.092992E+02
6.222429E+02
3.092992E+02
3.150877E+02
3.092992E+02
7.769745E+02
7.874757E+02
1.563040E+03
4.563786E+02
3.640093E+02
4.071590E+02
5.627781E+02
9.341614E+02
0.000000E+00
5.129184E+02
3.146822E+02
1.027081E+03
3.092992E+02
7.284041E+02
2.618963E+02
6.197960E+02
4.114698E+02
7.756612E+02
6.197580E+02
5.696111E+02
3.145280E+02
4.063117E+02
3.092992E+02
5.228741E+02
3.559826E+02
3.092992E+02
9.890800E+02
4.583632E+02
2.036192E+02
2.036192E+02
4.621249E+02
2.036192E+02
7.232924E+02
5.108859E+02
2.036192E+02
5.165628E+02
2.036192E+02
3.042135E+02
2.036192E+02
6.712944E+02
7.766015E+02
1.457360E+03
3.506985E+02
3.531352E+02
3.014790E+02
4.570980E+02
9.232873E+02
5.129184E+02
0.000000E+00
3.038080E+02
8.203661E+02
2.036192E+02
7.175299E+02
2.510221E+02
5.078874E+02
3.057898E+02
6.699812E+02
5.140779E+02
4.639311E+02
3.036539E+02
3.006317E+02
2.036192E+02
5.119999E+02
2.503025E+02
2.036192E+02
8.834000E+02
2.601270E+02
1.001888E+02
1.001888E+02
2.638887E+02
1.001888E+02
5.250561E+02
4.074555E+02
1.001888E+02
4.131325E+02
1.001888E+02
1.059773E+02
1.001888E+02
5.678641E+02
5.783653E+02
1.353930E+03
2.472682E+02
1.548990E+02
1.980487E+02
3.536677E+02
7.250511E+02
3.146822E+02
3.038080E+02
0.000000E+00
8.179703E+02
1.001888E+02
5.192937E+02
5.278591E+01
4.106856E+02
2.023595E+02
5.665508E+02
4.106476E+02
3.605007E+02
1.054177E+02
1.972014E+02
1.001888E+02
3.137637E+02
1.468722E+02
1.001888E+02
7.799696E+02
9.725254E+02
7.177814E+02
7.177814E+02
9.762872E+02
7.177814E+02
1.237455E+03
9.316814E+02
7.177814E+02
9.373583E+02
7.177814E+02
8.183757E+02
7.177814E+02
1.092090E+03
1.290764E+03
1.781271E+03
7.714940E+02
7.646583E+02
7.222745E+02
8.778936E+02
1.437449E+03
1.027081E+03
8.203661E+02
8.179703E+02
0.000000E+00
7.177814E+02
1.129053E+03
7.651843E+02
1.022050E+03
8.199520E+02
1.090777E+03
9.348734E+02
8.847266E+02
8.178161E+02
7.214272E+02
7.177814E+02
1.026162E+03
6.710981E+02
7.177814E+02
1.397562E+03
2.547440E+02
0.000000E+00
0.000000E+00
2.585058E+02
0.000000E+00
5.196732E+02
3.072667E+02
0.000000E+00
3.129436E+02
0.000000E+00
1.005943E+02
0.000000E+00
4.676753E+02
5.729823E+02
1.253741E+03
1.470793E+02
1.495160E+02
9.785982E+01
2.534789E+02
7.196681E+02
3.092992E+02
2.036192E+02
1.001888E+02
7.177814E+02
0.000000E+00
5.139107E+02
4.740294E+01
4.053026E+02
1.021706E+02
4.663620E+02
3.104587E+02
2.603119E+02
1.000347E+02
9.701252E+01
0.000000E+00
3.083807E+02
4.668335E+01
0.000000E+00
6.797808E+02
6.738489E+02
5.139107E+02
5.139107E+02
6.776106E+02
5.139107E+02
9.387780E+02
8.211774E+02
5.139107E+02
8.268544E+02
5.139107E+02
5.196991E+02
5.139107E+02
9.815860E+02
9.920872E+02
1.767652E+03
6.609900E+02
4.659817E+02
6.117705E+02
7.673896E+02
1.138773E+03
7.284041E+02
7.175299E+02
5.192937E+02
1.129053E+03
5.139107E+02
0.000000E+00
4.665078E+02
8.244074E+02
6.160813E+02
9.802727E+02
8.243695E+02
7.742226E+02
5.191395E+02
6.109232E+02
5.139107E+02
7.274855E+02
5.605941E+02
5.139107E+02
1.193692E+03
2.073411E+02
4.740294E+01
4.740294E+01
2.111028E+02
4.740294E+01
4.722702E+02
3.546696E+02
4.740294E+01
3.603466E+02
4.740294E+01
5.319137E+01
4.740294E+01
5.150782E+02
5.255794E+02
1.301144E+03
1.944823E+02
1.021130E+02
1.452628E+02
3.008818E+02
6.722651E+02
2.618963E+02
2.510221E+02
5.278591E+01
7.651843E+02
4.740294E+01
4.665078E+02
0.000000E+00
3.578997E+02
1.495736E+02
5.137649E+02
3.578617E+02
3.077148E+02
5.263176E+01
1.444155E+02
4.740294E+01
2.609778E+02
9.408629E+01
4.740294E+01
7.271837E+02
5.652408E+02
4.053026E+02
4.053026E+02
5.690025E+02
4.053026E+02
8.301699E+02
7.125693E+02
4.053026E+02
7.182463E+02
4.053026E+02
4.110910E+02
4.053026E+02
8.729779E+02
8.834791E+02
1.659044E+03
5.523819E+02
4.600127E+02
5.031624E+02
6.587815E+02
1.030165E+03
6.197960E+02
5.078874E+02
4.106856E+02
1.022050E+03
4.053026E+02
8.244074E+02
3.578997E+02
0.000000E+00
5.074732E+02
8.716646E+02
7.157613E+02
6.656145E+02
4.105314E+02
5.023151E+02
4.053026E+02
6.188774E+02
4.519860E+02
4.053026E+02
1.085083E+03
3.569147E+02
1.021706E+02
1.021706E+02
3.606764E+02
1.021706E+02
6.218438E+02
4.094373E+02
1.021706E+02
4.151143E+02
1.021706E+02
2.027649E+02
1.021706E+02
5.698459E+02
6.751529E+02
1.355912E+03
2.492499E+02
2.516866E+02
2.000304E+02
3.556495E+02
8.218387E+02
4.114698E+02
3.057898E+02
2.023595E+02
8.199520E+02
1.021706E+02
6.160813E+02
1.495736E+02
5.074732E+02
0.000000E+00
5.685326E+02
4.126294E+02
3.624825E+02
2.022053E+02
1.991831E+02
1.021706E+02
4.105513E+02
1.488540E+02
1.021706E+02
7.819514E+02
7.211060E+02
4.663620E+02
4.663620E+02
7.248677E+02
4.663620E+02
9.860352E+02
6.802620E+02
4.663620E+02
6.859389E+02
4.663620E+02
5.669563E+02
4.663620E+02
8.406706E+02
1.039344E+03
1.626736E+03
5.200746E+02
6.158780E+02
4.708551E+02
6.264741E+02
1.186030E+03
7.756612E+02
6.699812E+02
5.665508E+02
1.090777E+03
4.663620E+02
9.802727E+02
5.137649E+02
8.716646E+02
5.685326E+02
0.000000E+00
6.834540E+02
6.333072E+02
5.663967E+02
4.700078E+02
4.663620E+02
7.747427E+02
4.196786E+02
4.663620E+02
1.146143E+03
5.652028E+02
3.104587E+02
3.104587E+02
5.689645E+02
3.104587E+02
8.301319E+02
5.243587E+02
3.104587E+02
5.300357E+02
3.104587E+02
4.110531E+02
3.104587E+02
6.847673E+02
8.834411E+02
1.470833E+03
3.641714E+02
4.599747E+02
3.149519E+02
4.705709E+02
1.030127E+03
6.197580E+02
5.140779E+02
4.106476E+02
9.348734E+02
3.104587E+02
8.243695E+02
3.578617E+02
7.157613E+02
4.126294E+02
6.834540E+02
0.000000E+00
4.774039E+02
4.104934E+02
3.141046E+02
3.104587E+02
6.188395E+02
2.637754E+02
3.104587E+02
9.902395E+02
5.150559E+02
2.603119E+02
2.603119E+02
5.188176E+02
2.603119E+02
7.799851E+02
4.742119E+02
2.603119E+02
4.798888E+02
2.603119E+02
3.609062E+02
2.603119E+02
6.346204E+02
8.332942E+02
1.420686E+03
3.140245E+02
4.098279E+02
2.648050E+02
4.204240E+02
9.799800E+02
5.696111E+02
4.639311E+02
3.605007E+02
8.847266E+02
2.603119E+02
7.742226E+02
3.077148E+02
6.656145E+02
3.624825E+02
6.333072E+02
4.774039E+02
0.000000E+00
3.603466E+02
2.639577E+02
2.603119E+02
5.686926E+02
2.136285E+02
2.603119E+02
9.400927E+02
2.599728E+02
1.000347E+02
1.000347E+02
2.637346E+02
1.000347E+02
5.249020E+02
4.073014E+02
1.000347E+02
4.129783E+02
1.000347E+02
1.058231E+02
1.000347E+02
5.677100E+02
5.782111E+02
1.353776E+03
2.471140E+02
1.547448E+02
1.978945E+02
3.535136E+02
7.248969E+02
3.145280E+02
3.036539E+02
1.054177E+02
8.178161E+02
1.000347E+02
5.191395E+02
5.263176E+01
4.105314E+02
2.022053E+02
5.663967E+02
4.104934E+02
3.603466E+02
0.000000E+00
1.970472E+02
1.000347E+02
3.136095E+02
1.467180E+02
1.000347E+02
7.798155E+02
3.517566E+02
9.701252E+01
9.701252E+01
3.555183E+02
9.701252E+01
6.166857E+02
3.109125E+02
9.701252E+01
3.165895E+02
9.701252E+01
1.976068E+02
9.701252E+01
4.713211E+02
6.699948E+02
1.257387E+03
5.006681E+01
2.465285E+02
1.015056E+02
2.571247E+02
8.166806E+02
4.063117E+02
3.006317E+02
1.972014E+02
7.214272E+02
9.701252E+01
6.109232E+02
1.444155E+02
5.023151E+02
1.991831E+02
4.700078E+02
3.141046E+02
2.639577E+02
1.970472E+02
0.000000E+00
9.701252E+01
4.053932E+02
5.032917E+01
9.701252E+01
7.767933E+02
2.547440E+02
0.000000E+00
0.000000E+00
2.585058E+02
0.000000E+00
5.196732E+02
3.072667E+02
0.000000E+00
3.129436E+02
0.000000E+00
1.005943E+02
0.000000E+00
4.676753E+02
5.729823E+02
1.253741E+03
1.470793E+02
1.495160E+02
9.785982E+01
2.534789E+02
7.196681E+02
3.092992E+02
2.036192E+02
1.001888E+02
7.177814E+02
0.000000E+00
5.139107E+02
4.740294E+01
4.053026E+02
1.021706E+02
4.663620E+02
3.104587E+02
2.603119E+02
1.000347E+02
9.701252E+01
0.000000E+00
3.083807E+02
4.668335E+01
0.000000E+00
6.797808E+02
4.683189E+02
3.083807E+02
3.083807E+02
4.720806E+02
3.083807E+02
7.332480E+02
6.156474E+02
3.083807E+02
6.213244E+02
3.083807E+02
3.141691E+02
3.083807E+02
7.760560E+02
7.865572E+02
1.562122E+03
4.554600E+02
3.630908E+02
4.062405E+02
5.618596E+02
9.332429E+02
5.228741E+02
5.119999E+02
3.137637E+02
1.026162E+03
3.083807E+02
7.274855E+02
2.609778E+02
6.188774E+02
4.105513E+02
7.747427E+02
6.188395E+02
5.686926E+02
3.136095E+02
4.053932E+02
3.083807E+02
0.000000E+00
3.550641E+02
3.083807E+02
9.881615E+02
3.014274E+02
4.668335E+01
4.668335E+01
3.051891E+02
4.668335E+01
5.663565E+02
2.605833E+02
4.668335E+01
2.662603E+02
4.668335E+01
1.472777E+02
4.668335E+01
4.209919E+02
6.196657E+02
1.207058E+03
1.003960E+02
1.961993E+02
5.117647E+01
2.067955E+02
7.663514E+02
3.559826E+02
2.503025E+02
1.468722E+02
6.710981E+02
4.668335E+01
5.605941E+02
9.408629E+01
4.519860E+02
1.488540E+02
4.196786E+02
2.637754E+02
2.136285E+02
1.467180E+02
5.032917E+01
4.668335E+01
3.550641E+02
0.000000E+00
4.668335E+01
7.264641E+02
2.547440E+02
0.000000E+00
0.000000E+00
2.585058E+02
0.000000E+00
5.196732E+02
3.072667E+02
0.000000E+00
3.129436E+02
0.000000E+00
1.005943E+02
0.000000E+00
4.676753E+02
5.729823E+02
1.253741E+03
1.470793E+02
1.495160E+02
9.785982E+01
2.534789E+02
7.196681E+02
3.092992E+02
2.036192E+02
1.001888E+02
7.177814E+02
0.000000E+00
5.139107E+02
4.740294E+01
4.053026E+02
1.021706E+02
4.663620E+02
3.104587E+02
2.603119E+02
1.000347E+02
9.701252E+01
0.000000E+00
3.083807E+02
4.668335E+01
0.000000E+00
6.797808E+02
9.345248E+02
6.797808E+02
6.797808E+02
9.382865E+02
6.797808E+02
1.199454E+03
9.870475E+02
6.797808E+02
9.927244E+02
6.797808E+02
7.803751E+02
6.797808E+02
1.147456E+03
1.252763E+03
1.933522E+03
8.268601E+02
8.292968E+02
7.776406E+02
8.296495E+02
1.399449E+03
9.890800E+02
8.834000E+02
7.799696E+02
1.397562E+03
6.797808E+02
1.193692E+03
7.271837E+02
1.085083E+03
7.819514E+02
1.146143E+03
9.902395E+02
9.400927E+02
7.798155E+02
7.767933E+02
6.797808E+02
9.881615E+02
7.264641E+02
6.797808E+02
0.000000E+00
