3.015169E+02
2.549396E+02
2.027313E+02
2.027313E+02
4.028040E+02
3.012546E+02
5.035545E+02
6.478450E+02
4.568758E+02
2.532234E+02
2.520533E+02
3.022101E+02
5.495342E+02
4.038729E+02
1.998077E+02
2.515564E+02
1.010220E+02
1.010220E+02
3.010948E+02
1.995453E+02
4.018453E+02
5.461357E+02
3.551666E+02
1.515141E+02
1.503441E+02
2.005008E+02
4.478249E+02
3.021636E+02
9.878567E+01
1.505344E+02
0.000000E+00
0.000000E+00
2.000728E+02
9.852330E+01
3.008233E+02
4.451137E+02
2.541446E+02
5.049213E+01
4.932206E+01
9.947882E+01
3.468029E+02
2.011416E+02
4.937418E+02
5.454905E+02
3.949561E+02
3.949561E+02
5.950289E+02
4.934794E+02
6.957794E+02
5.555337E+02
6.491007E+02
4.454482E+02
4.442782E+02
4.944349E+02
4.572229E+02
4.993540E+02
3.552207E+02
5.037672E+02
3.532328E+02
3.532328E+02
5.533056E+02
3.549583E+02
6.540561E+02
7.983465E+02
6.073774E+02
4.037250E+02
4.025549E+02
3.559139E+02
7.000357E+02
4.536009E+02
7.500679E+02
7.034906E+02
6.512823E+02
6.512823E+02
7.524925E+02
7.498056E+02
9.521055E+02
8.075617E+02
8.067827E+02
7.017744E+02
6.019602E+02
7.507611E+02
8.081134E+02
7.556801E+02
3.946390E+02
4.463877E+02
2.958534E+02
2.958534E+02
4.959261E+02
3.943767E+02
5.000368E+02
4.565348E+02
5.499979E+02
3.463455E+02
3.451754E+02
3.953322E+02
4.548639E+02
4.969950E+02
2.019672E+02
2.537159E+02
1.031815E+02
1.031815E+02
3.032543E+02
2.017048E+02
4.040048E+02
5.482952E+02
3.573261E+02
1.536736E+02
1.525035E+02
2.026603E+02
4.499844E+02
3.043231E+02
3.471664E+02
3.989151E+02
2.483807E+02
2.483807E+02
4.484535E+02
3.469040E+02
5.492040E+02
5.057021E+02
5.025253E+02
2.988729E+02
2.977028E+02
3.478596E+02
4.073913E+02
4.495224E+02
9.878567E+01
1.505344E+02
0.000000E+00
0.000000E+00
2.000728E+02
9.852330E+01
3.008233E+02
4.451137E+02
2.541446E+02
5.049213E+01
4.932206E+01
9.947882E+01
3.468029E+02
2.011416E+02
3.009898E+02
3.527385E+02
2.022041E+02
2.022041E+02
4.022769E+02
3.007274E+02
5.030274E+02
6.473178E+02
4.563487E+02
2.526962E+02
2.515262E+02
3.016829E+02
5.490070E+02
4.033457E+02
2.026113E+02
3.511578E+02
2.006234E+02
2.006234E+02
4.006962E+02
2.023489E+02
4.023390E+02
6.457371E+02
4.547680E+02
2.511156E+02
2.499455E+02
2.033044E+02
5.474263E+02
4.017650E+02
1.990404E+02
2.507891E+02
1.002547E+02
1.002547E+02
2.029995E+02
1.987781E+02
4.010780E+02
5.453684E+02
3.543993E+02
1.507469E+02
1.495768E+02
1.997336E+02
4.470577E+02
3.013964E+02
3.545058E+02
4.062545E+02
2.557201E+02
2.557201E+02
4.557929E+02
3.542434E+02
5.565434E+02
7.008338E+02
5.098647E+02
3.062123E+02
3.050422E+02
3.551989E+02
6.025230E+02
4.568617E+02
2.470726E+02
2.988214E+02
1.482870E+02
1.482870E+02
2.510317E+02
2.468103E+02
3.524704E+02
4.967609E+02
4.024316E+02
1.987791E+02
1.976090E+02
2.477658E+02
4.950899E+02
3.494286E+02
5.483063E+02
4.978952E+02
4.495207E+02
4.495207E+02
6.495934E+02
5.480440E+02
5.557526E+02
7.012508E+02
7.036653E+02
5.000128E+02
4.988427E+02
5.489995E+02
6.995798E+02
4.517587E+02
3.466078E+02
3.983565E+02
2.478221E+02
2.478221E+02
3.505669E+02
3.463454E+02
3.528979E+02
5.962960E+02
5.019667E+02
2.983143E+02
2.971442E+02
3.473010E+02
5.946251E+02
4.489638E+02
9.905078E+01
2.475973E+02
9.706290E+01
9.706290E+01
1.998077E+02
9.878841E+01
3.978862E+02
5.421766E+02
3.512075E+02
1.475550E+02
1.463850E+02
9.974392E+01
4.438658E+02
2.982045E+02
2.497953E+02
4.991154E+02
3.485810E+02
3.485810E+02
5.486538E+02
3.503065E+02
4.523450E+02
6.969510E+02
6.027256E+02
3.990731E+02
3.979031E+02
3.512620E+02
5.986402E+02
4.529789E+02
4.003607E+02
4.521094E+02
3.015750E+02
3.015750E+02
5.016478E+02
4.000983E+02
5.044467E+02
7.466887E+02
5.557196E+02
3.520671E+02
3.508971E+02
4.010538E+02
6.483779E+02
5.027166E+02
4.991225E+02
5.508712E+02
4.003368E+02
4.003368E+02
4.982498E+02
4.988601E+02
6.020524E+02
7.522225E+02
6.544814E+02
4.508290E+02
4.496589E+02
4.998156E+02
6.539117E+02
6.014785E+02
2.473772E+02
2.991259E+02
1.485915E+02
1.485915E+02
3.486643E+02
2.471148E+02
4.494148E+02
4.969615E+02
3.040920E+02
1.990837E+02
9.926947E+01
2.480703E+02
3.986507E+02
2.529894E+02
1.498656E+02
2.016143E+02
5.107992E+01
5.107992E+01
2.511527E+02
1.496032E+02
3.519032E+02
4.961936E+02
3.052245E+02
1.015721E+02
1.004020E+02
1.505587E+02
3.978828E+02
2.522215E+02
2.439849E+02
2.957336E+02
1.451993E+02
1.451993E+02
3.452720E+02
2.437226E+02
4.460225E+02
4.025206E+02
3.993438E+02
1.956914E+02
1.945213E+02
2.446781E+02
3.042098E+02
3.463409E+02
2.951432E+02
4.436897E+02
2.931553E+02
2.931553E+02
4.932281E+02
2.948808E+02
5.939786E+02
4.537329E+02
5.472999E+02
3.436474E+02
3.424774E+02
2.958363E+02
3.554221E+02
3.975532E+02
4.959731E+02
5.477218E+02
3.971875E+02
3.971875E+02
5.972602E+02
4.957108E+02
6.000592E+02
6.545088E+02
6.513321E+02
4.476796E+02
4.465095E+02
4.966663E+02
4.547111E+02
4.975555E+02
4.959897E+02
5.477384E+02
3.972041E+02
3.972041E+02
5.972769E+02
4.957274E+02
5.989196E+02
6.545254E+02
6.513487E+02
4.476962E+02
4.465261E+02
4.966829E+02
5.562146E+02
5.983457E+02
1.926819E+02
2.444306E+02
9.389620E+01
9.389620E+01
2.939690E+02
1.924195E+02
3.947195E+02
3.512175E+02
3.480408E+02
1.443883E+02
1.432183E+02
1.933750E+02
2.529067E+02
2.950378E+02
1.995394E+02
1.529621E+02
1.007537E+02
1.007537E+02
3.008265E+02
1.992770E+02
4.015770E+02
5.458674E+02
3.548983E+02
1.512459E+02
1.500758E+02
2.002326E+02
4.475567E+02
3.018954E+02
2.540743E+02
4.026208E+02
2.520864E+02
2.520864E+02
4.521592E+02
2.538120E+02
5.529097E+02
6.972001E+02
5.062310E+02
3.025786E+02
3.014085E+02
2.547675E+02
5.988894E+02
4.532281E+02
1.981855E+02
2.499342E+02
9.939983E+01
9.939983E+01
2.994726E+02
1.979231E+02
3.035833E+02
4.478737E+02
3.535444E+02
1.498920E+02
1.487219E+02
1.988786E+02
4.462027E+02
3.005414E+02
1.981855E+02
2.499342E+02
9.939983E+01
9.939983E+01
2.994726E+02
1.979231E+02
3.035833E+02
4.478737E+02
3.535444E+02
1.498920E+02
1.487219E+02
1.988786E+02
4.462027E+02
3.005414E+02
3.517512E+02
3.029170E+02
2.529656E+02
2.529656E+02
4.530383E+02
3.514889E+02
5.537888E+02
6.980793E+02
5.071102E+02
3.034577E+02
3.022876E+02
3.524444E+02
5.997685E+02
4.541072E+02
4.445094E+02
4.947299E+02
4.425216E+02
4.425216E+02
5.437318E+02
4.442471E+02
6.453933E+02
6.009803E+02
6.966661E+02
4.930137E+02
4.918436E+02
4.452026E+02
6.015321E+02
6.436632E+02
1.515314E+02
3.000779E+02
1.495435E+02
1.495435E+02
3.496163E+02
1.512690E+02
3.512591E+02
5.946572E+02
4.036881E+02
2.000356E+02
1.988656E+02
1.522245E+02
4.963464E+02
3.506851E+02
3.015901E+02
3.533388E+02
2.028045E+02
2.028045E+02
4.028772E+02
3.013278E+02
4.069879E+02
5.512783E+02
4.569491E+02
2.532966E+02
2.521265E+02
3.022833E+02
5.496074E+02
4.039461E+02
3.930314E+02
4.447801E+02
2.942457E+02
2.942457E+02
4.943185E+02
3.927690E+02
4.959613E+02
5.515670E+02
5.483903E+02
3.447379E+02
3.435678E+02
3.937245E+02
4.532563E+02
4.953873E+02
3.511072E+02
4.028560E+02
2.523216E+02
2.523216E+02
3.535318E+02
3.508449E+02
5.531449E+02
5.985728E+02
4.078221E+02
3.028137E+02
2.029995E+02
3.518004E+02
5.991245E+02
4.534632E+02
1.481077E+02
1.998564E+02
4.932206E+01
4.932206E+01
2.493948E+02
1.478454E+02
3.501453E+02
4.944358E+02
2.048225E+02
9.981419E+01
0.000000E+00
1.488009E+02
3.961250E+02
2.504637E+02
2.986302E+02
3.503789E+02
1.998445E+02
1.998445E+02
3.025893E+02
2.983678E+02
5.006678E+02
6.449582E+02
4.539891E+02
2.503367E+02
2.491666E+02
2.993233E+02
5.466474E+02
4.009861E+02
2.525771E+02
3.043258E+02
1.537914E+02
1.537914E+02
3.538642E+02
2.523147E+02
4.546147E+02
5.989051E+02
4.079360E+02
2.042835E+02
2.031135E+02
2.532702E+02
5.005943E+02
2.523269E+02
5.035334E+02
5.552821E+02
4.047478E+02
4.047478E+02
6.048205E+02
5.032711E+02
7.055710E+02
7.531177E+02
6.588923E+02
4.552399E+02
4.540698E+02
5.042266E+02
6.548069E+02
5.091456E+02
4.056345E+02
4.573832E+02
3.068488E+02
3.068488E+02
5.069216E+02
4.053721E+02
6.076721E+02
7.519625E+02
5.609934E+02
3.573410E+02
3.561709E+02
4.063277E+02
6.536518E+02
5.079905E+02
2.477470E+02
2.994957E+02
1.489613E+02
1.489613E+02
2.517061E+02
2.474846E+02
3.506769E+02
5.940750E+02
4.031059E+02
1.994534E+02
1.982834E+02
2.484401E+02
4.957642E+02
3.501029E+02
4.031939E+02
4.549426E+02
3.044082E+02
3.044082E+02
5.044810E+02
4.029315E+02
5.072799E+02
7.495219E+02
5.585528E+02
3.549004E+02
3.537303E+02
4.038870E+02
5.480297E+02
5.055499E+02
4.944151E+02
4.478378E+02
3.956294E+02
3.956294E+02
4.983742E+02
4.941527E+02
6.964527E+02
6.529507E+02
6.497740E+02
4.461216E+02
4.449515E+02
4.951083E+02
5.546400E+02
5.967711E+02
2.430416E+02
3.915881E+02
2.410537E+02
2.410537E+02
4.411265E+02
2.427792E+02
5.418770E+02
4.016313E+02
4.951983E+02
2.915459E+02
2.903758E+02
2.437348E+02
3.033205E+02
2.446781E+02
6.499462E+02
7.016949E+02
5.511606E+02
5.511606E+02
7.512333E+02
6.496839E+02
8.519838E+02
7.117381E+02
8.053051E+02
6.016527E+02
6.004826E+02
6.506394E+02
6.134273E+02
6.555584E+02
2.502257E+02
3.019744E+02
1.514400E+02
1.514400E+02
3.515128E+02
2.499633E+02
4.522633E+02
5.965537E+02
4.055846E+02
2.019322E+02
2.007621E+02
2.509188E+02
4.982429E+02
3.525816E+02
4.999133E+02
5.462999E+02
4.979254E+02
4.979254E+02
5.991356E+02
4.996509E+02
7.007971E+02
7.474328E+02
6.534259E+02
5.484175E+02
4.486033E+02
5.006064E+02
7.479846E+02
5.001634E+02
2.016795E+02
2.534282E+02
1.028938E+02
1.028938E+02
3.029666E+02
2.014171E+02
4.037171E+02
5.480075E+02
3.570384E+02
1.533859E+02
1.522159E+02
2.023726E+02
4.496967E+02
3.040354E+02
3.471438E+02
4.956903E+02
3.451560E+02
3.451560E+02
4.479007E+02
3.468815E+02
6.459792E+02
6.024773E+02
5.993006E+02
3.956481E+02
3.944780E+02
3.478370E+02
5.041665E+02
5.462976E+02
5.528001E+02
5.039659E+02
4.540144E+02
4.540144E+02
6.540872E+02
5.525377E+02
5.560380E+02
7.057445E+02
7.081590E+02
5.045065E+02
5.033365E+02
5.534932E+02
7.040736E+02
5.584123E+02
2.006679E+02
2.524166E+02
1.018822E+02
1.018822E+02
3.019550E+02
2.004055E+02
4.027055E+02
5.469959E+02
3.560268E+02
1.523743E+02
1.512043E+02
2.013610E+02
4.486851E+02
3.030238E+02
2.500738E+02
3.018225E+02
1.512881E+02
1.512881E+02
3.513609E+02
2.498115E+02
4.521114E+02
5.964018E+02
4.054327E+02
2.017803E+02
2.006102E+02
2.507670E+02
4.980911E+02
3.524298E+02
1.926819E+02
2.444306E+02
9.389620E+01
9.389620E+01
2.939690E+02
1.924195E+02
3.947195E+02
3.512175E+02
3.480408E+02
1.443883E+02
1.432183E+02
1.933750E+02
2.529067E+02
2.950378E+02
1.503764E+02
2.021251E+02
5.159074E+01
5.159074E+01
2.516635E+02
1.501140E+02
3.524140E+02
4.967044E+02
3.057353E+02
1.020829E+02
1.009128E+02
1.510696E+02
3.983937E+02
2.527324E+02
3.507940E+02
4.025427E+02
2.520084E+02
2.520084E+02
4.520811E+02
2.502829E+02
5.528316E+02
6.971221E+02
5.061530E+02
3.025005E+02
3.013304E+02
3.514872E+02
5.988113E+02
4.531500E+02
1.019775E+02
2.505240E+02
9.998964E+01
9.998964E+01
3.000624E+02
1.017152E+02
4.008129E+02
5.451033E+02
3.541342E+02
1.504818E+02
1.493117E+02
1.026707E+02
4.467926E+02
3.011313E+02
2.923048E+02
3.440535E+02
1.935192E+02
1.935192E+02
3.935919E+02
2.920425E+02
3.977026E+02
3.542007E+02
4.476638E+02
2.440113E+02
2.428412E+02
2.929980E+02
3.525297E+02
3.946608E+02
2.494154E+02
3.011641E+02
1.506297E+02
1.506297E+02
3.507025E+02
2.491530E+02
4.514530E+02
5.957434E+02
4.047743E+02
2.011218E+02
1.999517E+02
2.501085E+02
4.974326E+02
3.517713E+02
4.941869E+02
5.459356E+02
3.954013E+02
3.954013E+02
4.966115E+02
4.939246E+02
5.971168E+02
5.538601E+02
6.495459E+02
4.458934E+02
4.447233E+02
4.948801E+02
5.544118E+02
5.965429E+02
1.954500E+02
2.471987E+02
9.666431E+01
9.666431E+01
2.967371E+02
1.951876E+02
3.974876E+02
4.485500E+02
3.508089E+02
1.471564E+02
1.459864E+02
1.961431E+02
3.502392E+02
2.978059E+02
3.024631E+02
2.536289E+02
2.036774E+02
2.036774E+02
4.037502E+02
3.022007E+02
5.045007E+02
6.487911E+02
4.578220E+02
2.541695E+02
2.529995E+02
3.031562E+02
5.504803E+02
4.048190E+02
2.012514E+02
3.497979E+02
1.992636E+02
1.992636E+02
3.020083E+02
2.009891E+02
5.000868E+02
6.443773E+02
4.534082E+02
2.497557E+02
2.485856E+02
2.019446E+02
5.460665E+02
4.004052E+02
1.926819E+02
2.444306E+02
9.389620E+01
9.389620E+01
2.939690E+02
1.924195E+02
3.947195E+02
3.512175E+02
3.480408E+02
1.443883E+02
1.432183E+02
1.933750E+02
2.529067E+02
2.950378E+02
2.017096E+02
3.502561E+02
1.997217E+02
1.997217E+02
3.997945E+02
2.014472E+02
5.005450E+02
6.448354E+02
4.538663E+02
2.502139E+02
2.490438E+02
2.024028E+02
5.465246E+02
4.008634E+02
3.990400E+02
4.507887E+02
3.002544E+02
3.002544E+02
5.003271E+02
3.987777E+02
6.010776E+02
6.521400E+02
5.543990E+02
3.507465E+02
3.495764E+02
3.997332E+02
5.538293E+02
5.013960E+02
2.925883E+02
2.460110E+02
1.938026E+02
1.938026E+02
3.938754E+02
2.923259E+02
4.946259E+02
4.511239E+02
4.479472E+02
2.442948E+02
2.431247E+02
2.932815E+02
3.528132E+02
3.949443E+02
4.514739E+02
6.000204E+02
4.494860E+02
4.494860E+02
6.495588E+02
4.512115E+02
7.503093E+02
8.013717E+02
7.036306E+02
4.999781E+02
4.988080E+02
4.521670E+02
5.998794E+02
6.506276E+02
2.432918E+02
2.950405E+02
1.445061E+02
1.445061E+02
3.445789E+02
2.430294E+02
4.453294E+02
4.018274E+02
3.986507E+02
1.949982E+02
1.938282E+02
2.439849E+02
2.022968E+02
3.456477E+02
3.490237E+02
4.007724E+02
2.502381E+02
2.502381E+02
4.503108E+02
3.487614E+02
3.553138E+02
5.987119E+02
5.043827E+02
3.007302E+02
2.995601E+02
3.497169E+02
5.970410E+02
4.513797E+02
6.555446E+02
7.072933E+02
5.567590E+02
5.567590E+02
5.561740E+02
6.552823E+02
8.575822E+02
8.012149E+02
6.121588E+02
6.072511E+02
5.074369E+02
6.562378E+02
9.035619E+02
7.579006E+02
4.556692E+02
5.074179E+02
3.568835E+02
3.568835E+02
5.569563E+02
4.554068E+02
5.610670E+02
7.053574E+02
6.110281E+02
4.073757E+02
4.062056E+02
4.563624E+02
7.036865E+02
5.580252E+02
1.958737E+02
3.444202E+02
1.938858E+02
1.938858E+02
3.939586E+02
1.956113E+02
4.947091E+02
4.512071E+02
4.480304E+02
2.443780E+02
2.432079E+02
1.965669E+02
3.528964E+02
3.950275E+02
2.483286E+02
3.000773E+02
1.495429E+02
1.495429E+02
3.496157E+02
2.480662E+02
4.503662E+02
5.946566E+02
4.036875E+02
2.000350E+02
1.988650E+02
2.490217E+02
4.963458E+02
3.506845E+02
2.490789E+02
3.008276E+02
1.502932E+02
1.502932E+02
3.503660E+02
2.488165E+02
4.511165E+02
5.954069E+02
4.044378E+02
2.007853E+02
1.996153E+02
2.497720E+02
4.970961E+02
3.514348E+02
5.014202E+02
4.548429E+02
4.026345E+02
4.026345E+02
6.027073E+02
5.011578E+02
6.043501E+02
8.477482E+02
6.567791E+02
4.531266E+02
4.519566E+02
5.021133E+02
7.494374E+02
6.037761E+02
9.905078E+01
2.475973E+02
9.706290E+01
9.706290E+01
1.998077E+02
9.878841E+01
3.978862E+02
5.421766E+02
3.512075E+02
1.475550E+02
1.463850E+02
9.974392E+01
4.438658E+02
2.982045E+02
2.442726E+02
2.960213E+02
1.454869E+02
1.454869E+02
3.455597E+02
2.440102E+02
4.463102E+02
4.028082E+02
3.996315E+02
1.959791E+02
1.948090E+02
2.449658E+02
3.044975E+02
3.466286E+02
2.413459E+02
2.930946E+02
1.425602E+02
1.425602E+02
2.453050E+02
2.410835E+02
4.433835E+02
3.998815E+02
3.967048E+02
1.930523E+02
1.918823E+02
2.420390E+02
3.015707E+02
3.437018E+02
2.410018E+02
2.927505E+02
1.422161E+02
1.422161E+02
3.422889E+02
2.407394E+02
3.463996E+02
3.028976E+02
3.963607E+02
1.927082E+02
1.915382E+02
2.416949E+02
3.012266E+02
3.433577E+02
3.944171E+02
5.429636E+02
3.924292E+02
3.924292E+02
4.951740E+02
3.941547E+02
6.932525E+02
5.530068E+02
6.465738E+02
4.429214E+02
4.417513E+02
3.951102E+02
3.534762E+02
4.968271E+02
1.929470E+02
3.414935E+02
1.909591E+02
1.909591E+02
2.937039E+02
1.926846E+02
4.917824E+02
4.482804E+02
4.451037E+02
2.414512E+02
2.402812E+02
1.936401E+02
3.499696E+02
3.921007E+02
3.987572E+02
4.505059E+02
2.999715E+02
2.999715E+02
5.000443E+02
3.984948E+02
6.007948E+02
5.572928E+02
5.541161E+02
3.504636E+02
3.492936E+02
3.994503E+02
4.589820E+02
5.011131E+02
2.925925E+02
3.443412E+02
1.938068E+02
1.938068E+02
3.938796E+02
2.923302E+02
3.979903E+02
3.544883E+02
4.479514E+02
2.442990E+02
2.431289E+02
2.932857E+02
3.528174E+02
3.949485E+02
3.008597E+02
3.526084E+02
2.020740E+02
2.020740E+02
4.021468E+02
3.005973E+02
4.049458E+02
6.471877E+02
4.562186E+02
2.525662E+02
2.513961E+02
3.015529E+02
5.488770E+02
4.032157E+02
3.559972E+02
5.045437E+02
3.540094E+02
3.540094E+02
5.540821E+02
3.557349E+02
5.557249E+02
7.991231E+02
6.081540E+02
4.045015E+02
4.033314E+02
3.566904E+02
7.008123E+02
5.551510E+02
1.958737E+02
3.444202E+02
1.938858E+02
1.938858E+02
3.939586E+02
1.956113E+02
4.947091E+02
4.512071E+02
4.480304E+02
2.443780E+02
2.432079E+02
1.965669E+02
3.528964E+02
3.950275E+02
3.033870E+02
4.519335E+02
3.013991E+02
3.013991E+02
5.014719E+02
3.031247E+02
6.022224E+02
6.497691E+02
5.555437E+02
3.518913E+02
3.507212E+02
3.040802E+02
5.514583E+02
4.057970E+02
3.972265E+02
5.457730E+02
3.952387E+02
3.952387E+02
5.953115E+02
3.969642E+02
5.969542E+02
6.525600E+02
6.493833E+02
4.457308E+02
4.445607E+02
3.979197E+02
5.542492E+02
5.963803E+02
4.530118E+02
4.041776E+02
3.542261E+02
3.542261E+02
5.542989E+02
4.527494E+02
5.584096E+02
7.027000E+02
6.083707E+02
4.047183E+02
4.035482E+02
4.537050E+02
7.010291E+02
5.553678E+02
4.971232E+02
4.505459E+02
3.983375E+02
3.983375E+02
5.984103E+02
4.968608E+02
6.991608E+02
6.556588E+02
6.524821E+02
4.488296E+02
4.476595E+02
4.978163E+02
5.573480E+02
5.994791E+02
1.926819E+02
2.444306E+02
9.389620E+01
9.389620E+01
2.939690E+02
1.924195E+02
3.947195E+02
3.512175E+02
3.480408E+02
1.443883E+02
1.432183E+02
1.933750E+02
2.529067E+02
2.950378E+02
4.592821E+02
6.078286E+02
4.572942E+02
4.572942E+02
6.573670E+02
4.590198E+02
7.581175E+02
9.024079E+02
7.114388E+02
5.077864E+02
5.066163E+02
4.599753E+02
8.040972E+02
6.584359E+02
1.926819E+02
2.444306E+02
9.389620E+01
9.389620E+01
2.939690E+02
1.924195E+02
3.947195E+02
3.512175E+02
3.480408E+02
1.443883E+02
1.432183E+02
1.933750E+02
2.529067E+02
2.950378E+02
3.966571E+02
4.484058E+02
2.978714E+02
2.978714E+02
4.979442E+02
3.963947E+02
5.986947E+02
5.551927E+02
5.520160E+02
3.483636E+02
3.471935E+02
3.973502E+02
4.568820E+02
4.990130E+02
3.545340E+02
4.062827E+02
2.557483E+02
2.557483E+02
4.558211E+02
3.542716E+02
5.565716E+02
7.008620E+02
5.098929E+02
3.062404E+02
3.050704E+02
3.552271E+02
5.010643E+02
4.568899E+02
1.958737E+02
3.444202E+02
1.938858E+02
1.938858E+02
3.939586E+02
1.956113E+02
4.947091E+02
4.512071E+02
4.480304E+02
2.443780E+02
2.432079E+02
1.965669E+02
3.528964E+02
3.950275E+02
3.507241E+02
4.024728E+02
2.519385E+02
2.519385E+02
4.520112E+02
3.504618E+02
4.561219E+02
6.004123E+02
5.060831E+02
3.024306E+02
3.012605E+02
3.514173E+02
5.987414E+02
4.530801E+02
8.445834E+02
8.963321E+02
7.457977E+02
7.457977E+02
9.458705E+02
8.443211E+02
8.495617E+02
9.063753E+02
8.011976E+02
7.962899E+02
6.964757E+02
8.452766E+02
8.080645E+02
8.501956E+02
9.905078E+01
2.475973E+02
9.706290E+01
9.706290E+01
1.998077E+02
9.878841E+01
3.978862E+02
5.421766E+02
3.512075E+02
1.475550E+02
1.463850E+02
9.974392E+01
4.438658E+02
2.982045E+02
2.445803E+02
3.931268E+02
2.425924E+02
2.425924E+02
4.426652E+02
2.443179E+02
4.443080E+02
4.999137E+02
4.967370E+02
2.930845E+02
2.919145E+02
2.452734E+02
4.016029E+02
4.437340E+02
