40001 603 384 727 380 662 463 613 515 719 519 667 603
40002 337 398 453 397 384 474 346 522 441 526 393 605
40003 525 366 645 361 575 435 535 495 637 496 590 586
40004 335 421 446 421 382 486 340 541 438 544 379 621
40005 576 395 693 389 632 471 591 520 686 519 637 596
40006 602 389 723 386 664 468 613 518 715 520 667 598
40007 434 377 550 372 483 452 448 504 541 505 493 585
40008 527 405 634 402 576 474 533 513 632 512 581 596
40009 360 394 476 389 410 470 369 521 470 523 421 601
40010 363 391 479 390 416 464 372 505 470 507 418 588
40011 308 383 431 381 361 465 319 516 419 517 372 604
40012 583 365 707 359 636 438 594 496 690 500 649 591
40013 578 391 703 389 636 473 589 525 692 530 640 617
40014 278 390 392 384 322 460 289 509 383 508 339 590
40015 550 362 661 357 598 430 558 479 652 475 608 555
40016 431 369 550 359 487 449 445 511 558 497 515 597
40017 433 370 557 371 484 453 442 501 540 504 490 587
40018 524 401 642 395 568 478 529 525 637 528 587 611
40019 569 374 688 371 615 452 579 498 673 505 623 583
40020 421 385 553 379 463 474 431 528 539 532 487 621
40021 510 403 619 402 553 471 518 519 610 521 568 595
40022 298 378 411 381 348 441 297 493 396 492 344 562
40023 446 377 559 378 496 430 449 488 539 488 495 555
40024 435 377 554 373 490 437 444 503 546 496 497 575
40025 460 382 575 388 516 445 460 501 558 501 511 571
40026 440 366 557 367 493 428 439 476 542 478 490 554
40027 445 370 563 372 502 434 453 493 553 491 498 561
40028 434 364 555 374 489 427 437 486 536 490 480 560
40029 417 374 534 374 465 438 422 495 518 495 464 567
40030 514 381 628 386 570 436 510 495 613 496 562 561
40031 545 372 668 375 598 442 554 493 652 490 600 589
40032 330 338 449 343 376 390 330 452 425 453 377 525
40033 309 418 431 423 368 488 308 546 416 547 359 623
40034 344 369 464 375 402 442 348 496 444 499 395 573
40035 318 364 436 360 372 420 326 483 430 480 374 554
40036 438 376 568 378 497 444 443 504 556 505 497 588
40037 434 365 566 367 494 425 446 492 554 494 491 577
40038 444 380 564 383 497 446 444 500 542 501 493 576
40039 502 375 627 376 560 439 511 501 611 501 561 582
40040 310 397 425 405 360 469 309 517 404 518 358 588
40041 310 362 434 366 360 433 313 487 412 491 358 564
40042 552 359 675 364 610 444 552 508 647 509 601 615
40043 572 359 687 360 629 428 573 497 670 495 622 599
40044 304 370 418 371 357 443 308 509 404 507 358 612
40045 550 377 667 376 607 462 552 519 653 518 599 619
40046 526 381 637 378 580 452 535 516 622 514 583 612
40047 443 375 566 375 507 439 462 494 547 489 505 576
40048 359 317 483 317 421 377 377 430 465 425 421 518
40049 544 375 674 379 605 446 560 498 648 495 601 593
40050 306 369 426 372 363 435 322 487 401 484 366 571
40051 603 384 731 384 667 453 617 508 710 508 667 596
40052 509 381 634 382 570 444 532 500 610 498 575 584
40053 560 360 687 361 624 429 575 469 675 469 629 566
40054 441 374 567 380 507 443 457 496 547 491 501 591
40055 590 376 723 382 654 448 608 503 701 501 655 601
40056 434 378 557 380 491 450 452 498 533 491 497 575
40057 522 382 653 382 585 453 536 504 629 501 585 596
40058 440 371 561 375 499 438 465 492 535 493 497 580
40059 557 368 690 370 620 438 570 496 671 492 621 589
40060 442 387 566 384 504 450 458 505 550 503 506 594
40061 544 373 667 373 606 437 560 487 646 487 602 573
40062 543 375 669 377 609 448 559 497 646 494 603 583
40063 446 374 567 373 505 442 458 488 548 484 507 570
40064 254 374 378 379 316 445 266 487 364 485 314 584
40065 618 388 745 392 682 461 633 503 728 504 684 597
40066 443 376 565 379 506 442 459 494 546 492 502 585
40067 437 383 562 383 497 448 454 502 539 497 500 584
40068 278 361 410 364 341 431 299 484 390 484 345 575
40069 437 358 553 360 493 447 443 486 538 486 497 576
40070 437 362 552 360 499 453 437 475 552 473 501 577
40071 431 349 547 355 490 435 424 463 541 469 484 568
40072 434 358 558 356 500 455 442 491 556 488 503 589
40073 432 346 546 346 488 427 440 472 535 472 493 564
40074 432 353 559 356 497 442 433 483 551 484 495 591
40075 439 361 554 361 497 440 446 482 545 484 502 577
40076 421 366 542 365 483 450 422 483 548 480 489 592
40077 474 395 595 392 539 481 479 522 590 522 540 622
40078 424 347 551 348 490 434 427 479 545 479 490 587
40079 559 372 670 373 617 449 563 492 659 490 615 578
40080 424 354 544 352 487 435 430 480 540 478 487 576
40081 441 360 557 360 498 440 438 469 552 473 501 575
40082 561 374 683 376 622 459 568 514 667 516 622 600
40083 436 364 552 364 495 443 439 481 547 484 491 584
40084 282 366 400 366 343 439 281 480 398 480 343 583
40085 278 383 398 385 339 461 282 509 392 506 342 605
40086 427 353 551 353 491 434 435 486 542 486 493 586
40087 433 341 545 340 493 412 441 471 536 471 490 555
40088 532 389 651 392 595 471 536 524 639 525 593 616
40089 429 352 548 350 491 430 442 488 537 485 494 572
40090 460 366 565 373 510 452 465 480 556 486 507 565
40091 540 386 641 389 585 461 546 494 626 498 590 579
40092 533 370 635 374 585 445 542 482 618 488 579 565
40093 445 375 547 375 498 450 456 481 543 481 501 569
40094 448 367 550 371 501 441 456 482 539 480 498 558
40095 450 364 551 368 493 436 455 469 537 476 499 555
40096 400 409 496 413 439 481 395 514 478 513 436 590
40097 350 389 456 395 395 470 356 511 439 512 397 590
40098 323 391 424 396 365 470 327 507 412 508 371 590
40099 447 364 548 366 488 440 460 481 534 479 505 555
40100 508 407 615 403 557 485 526 520 611 516 572 607
40101 269 331 368 336 314 409 275 439 357 443 316 519
40102 566 393 667 396 607 466 567 504 646 507 605 586
40103 447 362 552 362 498 438 459 474 533 475 504 554
40104 444 369 546 371 493 446 453 487 532 485 495 563
40105 507 403 603 410 542 480 507 509 585 517 545 590
40106 562 396 669 401 619 475 575 519 652 516 616 604
40107 556 393 654 393 609 465 573 500 642 501 609 575
40108 544 370 648 374 594 454 556 488 631 488 598 567
40109 549 394 656 393 603 467 562 507 644 508 603 591
40110 535 394 637 398 587 471 542 506 626 510 585 585
40111 454 362 554 364 503 432 461 466 543 467 500 550
40112 449 377 548 382 493 453 454 483 538 486 495 565
40113 429 352 552 353 484 432 437 484 528 490 491 569
40114 578 388 702 399 634 473 577 525 677 535 626 619
40115 264 411 398 407 328 504 282 558 377 560 341 650
40116 440 369 558 356 506 442 458 489 560 482 516 574
40117 311 385 431 377 368 464 321 508 421 506 377 599
40118 567 348 695 352 619 432 568 485 673 491 617 577
40119 430 366 556 367 485 443 433 499 537 501 492 590
40120 423 389 550 383 480 470 435 523 538 520 497 612
40121 425 361 541 366 463 440 424 488 520 495 479 577
40122 517 373 646 371 576 453 530 512 625 513 585 603
40123 425 359 550 368 472 445 420 488 527 498 477 586
40124 430 354 558 357 483 436 432 488 529 498 490 586
40125 427 371 554 358 491 444 445 497 554 492 508 592
40126 428 349 549 357 473 437 429 483 522 491 477 569
40127 425 358 552 369 477 441 418 491 526 504 474 597
40128 428 379 555 385 482 466 427 520 530 527 481 616
40129 522 387 650 389 578 471 527 526 630 532 584 615
40130 259 357 385 359 309 439 265 489 362 494 323 580
40131 559 378 678 385 610 462 562 510 659 513 614 598
40132 551 373 671 381 601 453 546 499 656 506 604 599
40133 254 364 378 359 308 437 272 497 373 493 323 604
40134 562 367 687 369 629 444 565 499 676 500 625 608
40135 589 373 725 368 648 446 593 516 705 510 655 626
40136 577 359 705 362 660 439 592 499 696 496 642 621
40137 580 363 708 359 646 440 593 496 695 496 653 626
40138 451 356 566 358 506 429 454 484 553 485 502 594
40139 552 353 669 353 608 423 554 482 652 484 604 595
40140 446 367 561 368 489 443 457 500 541 501 501 609
40141 509 359 622 358 560 431 512 477 612 476 569 586
40142 570 357 680 364 622 424 568 476 663 478 609 584
40143 589 350 701 352 634 416 586 469 692 471 638 579
40144 607 370 723 368 666 443 612 493 712 489 665 600
40145 435 368 549 370 483 439 436 492 533 494 481 601
40146 438 379 551 379 488 450 439 500 541 498 489 606
40147 291 364 403 367 337 437 293 489 389 490 334 599
40148 344 344 453 347 390 410 346 465 434 466 385 565
40149 450 360 560 365 495 426 448 477 547 480 495 586
40150 307 346 419 347 355 411 307 466 407 466 359 575
40151 563 338 672 347 610 409 563 461 651 464 604 556
40152 442 377 560 381 497 458 442 504 544 507 492 620
40153 449 360 567 362 507 432 453 489 554 490 501 599
40154 451 368 567 373 504 451 450 495 551 495 501 606
40155 430 369 544 377 477 455 428 500 517 505 474 600
40156 616 354 733 359 674 429 617 481 723 483 669 596
40157 446 376 565 380 497 453 450 512 544 511 503 614
40158 446 376 557 375 496 444 445 489 556 485 501 598
40159 455 384 537 381 499 422 463 464 528 465 502 520
40160 466 363 526 363 495 394 469 427 521 428 498 472
40161 446 364 526 361 488 401 448 441 524 440 495 519
40162 476 373 535 372 506 401 479 427 537 431 512 488
40163 459 366 540 365 498 401 463 447 530 449 507 502
40164 451 375 532 371 498 420 455 454 533 451 506 528
40165 474 359 553 359 513 396 480 440 544 441 519 508
40166 430 382 549 378 488 447 434 507 553 502 501 604
40167 305 379 410 374 354 438 308 495 416 488 374 585
40168 311 381 428 376 368 446 318 508 435 497 388 601
40169 279 391 386 386 330 449 284 511 388 501 341 596
40170 596 380 708 380 657 443 597 505 706 503 657 604
40171 549 373 675 382 607 455 535 505 656 515 586 620
40172 283 361 402 381 321 445 261 493 370 509 303 601
40173 549 370 678 362 608 443 544 495 682 492 619 610
40174 491 345 608 349 516 421 486 482 586 488 529 588
40175 513 350 637 352 562 422 494 475 635 480 567 603
40176 504 368 636 372 583 446 515 507 622 511 570 608
40177 524 381 655 395 597 467 515 513 635 526 572 628
40178 515 357 653 372 583 444 514 506 622 518 571 615
40179 281 372 407 379 330 456 284 500 386 511 331 594
40180 434 333 579 349 518 422 433 487 547 501 484 598
40181 427 354 561 373 486 448 420 497 532 511 467 604
40182 430 354 565 366 502 441 422 488 555 498 486 609
40183 421 345 557 349 486 428 433 493 538 496 486 590
40184 284 365 414 366 350 438 291 492 410 494 356 601
40185 407 342 549 331 484 418 435 487 549 483 500 584
40186 436 375 570 376 512 457 438 508 564 510 504 624
40187 272 358 413 366 333 441 263 496 397 505 323 620
40188 423 354 555 358 490 434 423 487 541 493 490 594
40189 413 357 553 365 482 456 412 494 543 499 481 615
40190 430 336 555 359 497 433 421 484 519 495 463 574
40191 541 372 670 376 598 449 544 510 650 515 595 606
40192 419 355 543 343 473 409 437 482 538 477 486 568
40193 427 362 560 368 499 443 436 508 539 512 493 603
40194 508 324 642 334 578 402 507 459 626 468 566 571
40195 419 351 554 376 445 452 411 533 467 547 445 632
40196 554 363 670 366 608 428 564 482 657 481 608 575
40197 340 380 455 378 387 442 355 498 443 494 399 586
40198 446 377 562 377 505 438 462 495 551 493 508 583
40199 308 361 426 360 359 425 325 479 418 474 376 563
40200 264 386 375 387 312 446 278 499 366 497 324 589
40201 359 379 471 380 414 441 377 495 462 492 421 584
40202 553 368 669 371 612 426 568 483 656 483 614 574
40203 455 365 568 360 514 428 477 483 560 479 524 566
40204 429 377 541 375 471 437 440 489 534 487 489 579
40205 534 365 655 367 568 431 543 488 637 491 588 586
40206 550 347 668 351 612 412 566 466 654 470 613 560
40207 439 380 552 382 493 442 453 497 536 498 500 582
40208 548 390 658 387 594 450 561 505 650 503 611 591
40209 589 370 711 370 653 431 605 489 697 489 655 584
40210 353 318 465 322 399 376 367 436 451 432 406 521
40211 335 382 454 385 386 444 343 501 437 500 396 591
40212 544 352 669 354 594 418 555 479 646 479 608 576
40213 292 366 405 371 341 431 303 482 387 484 345 572
40214 436 376 551 377 484 440 448 493 533 491 493 584
40215 608 398 722 392 661 454 623 510 711 507 673 598
40216 558 372 669 372 612 427 568 480 659 477 623 568
40217 429 369 557 365 486 448 428 504 552 498 502 626
40218 432 369 549 373 490 449 436 502 541 501 488 605
40219 302 361 424 363 359 452 301 502 414 499 362 603
40220 594 378 716 379 659 467 591 511 710 508 652 620
40221 515 371 632 369 570 447 514 495 629 494 581 601
40222 429 366 553 367 485 452 425 496 548 497 495 610
40223 437 368 561 371 502 457 430 493 557 496 497 615
40224 567 371 695 372 623 464 567 517 683 514 627 630
40225 440 370 566 370 504 451 439 505 556 501 504 618
40226 313 341 423 342 361 411 307 462 419 462 366 561
40227 444 360 566 361 508 444 439 491 563 489 502 606
40228 444 370 558 375 497 446 437 492 553 497 496 601
40229 431 365 550 366 490 443 434 497 543 497 491 609
40230 431 356 555 358 485 446 431 497 546 497 489 607
40231 516 348 636 349 575 433 506 472 636 475 575 594
40232 443 369 553 367 495 444 444 489 552 483 505 592
40233 519 384 643 389 579 470 507 512 643 518 573 638
40234 438 360 559 351 498 437 451 493 558 485 513 598
40235 434 367 555 367 493 451 437 500 555 492 497 615
40236 441 356 555 360 495 439 440 476 549 474 492 586
40237 444 356 555 355 497 428 451 489 546 486 498 578
40238 454 373 565 378 503 452 459 504 549 504 502 599
40239 433 377 570 385 492 473 429 529 558 527 497 648
40240 442 353 558 354 500 417 448 485 555 478 502 588
40241 349 364 473 366 411 454 354 506 468 500 408 624
40242 526 387 634 385 574 455 540 511 617 512 572 595
40243 445 369 544 362 493 436 463 488 537 484 489 565
40244 342 400 448 397 383 473 353 521 438 519 386 603
40245 304 392 412 391 353 464 319 520 398 514 351 600
40246 503 388 604 385 550 452 510 503 594 502 542 582
40247 400 401 506 402 444 476 409 526 495 521 439 608
40248 447 369 552 366 493 432 462 490 530 486 491 578
40249 435 365 534 362 469 431 442 476 520 477 469 555
40250 419 493 506 484 465 545 435 592 509 582 467 664
40251 302 377 411 373 350 450 317 505 397 498 343 587
40252 539 423 639 421 586 488 554 537 630 533 582 614
40253 334 384 443 382 380 461 349 507 433 504 385 589
40254 521 416 626 411 564 483 534 535 621 530 562 619
40255 458 396 565 397 501 468 471 519 551 517 498 600
40256 568 409 676 403 618 475 583 527 668 520 611 612
40257 352 409 449 406 393 474 365 521 438 518 394 599
40258 445 369 553 368 488 443 455 497 536 494 484 578
40259 307 385 408 382 351 448 322 497 392 494 343 577
40260 555 392 656 387 596 453 571 506 647 501 593 585
40261 437 385 545 384 481 459 449 506 536 506 473 592
40262 374 401 484 401 431 480 389 530 474 529 419 616
40263 446 356 549 354 491 419 460 473 531 473 486 561
40264 299 376 409 379 338 465 303 515 404 514 356 613
40265 270 391 389 389 308 483 277 532 377 537 328 638
40266 272 370 387 373 316 465 278 506 377 509 332 620
40267 529 394 643 391 566 492 535 534 638 532 586 634
40268 571 372 685 372 608 468 575 517 676 518 629 617
40269 434 369 544 375 481 439 439 503 520 512 480 588
40270 452 361 566 372 500 439 453 499 537 510 489 590
40271 470 396 586 402 523 474 480 536 565 542 523 624
40272 436 356 550 361 487 438 447 497 532 501 492 585
40273 308 406 416 405 345 477 320 534 399 535 362 616
40274 521 387 633 391 572 458 526 519 625 521 578 616
40275 437 356 554 365 489 437 447 496 530 504 489 585
40276 438 428 548 429 491 500 451 559 528 566 493 641
40277 440 364 554 365 495 435 456 500 544 502 497 588
40278 573 356 696 362 633 433 586 503 669 510 633 592
40279 332 377 444 383 382 449 345 514 422 518 384 599
40280 428 366 541 368 481 440 446 502 525 507 490 587
40281 371 393 485 405 424 472 373 532 459 541 411 628
40282 438 365 550 369 490 433 449 500 529 502 488 583
40283 269 370 390 375 322 453 278 519 368 520 324 606
40284 510 418 629 420 564 506 525 562 606 565 565 648
40285 335 370 455 366 385 455 354 503 453 500 413 601
40286 553 369 671 367 617 436 573 512 659 509 619 597
40287 436 369 545 373 486 439 449 500 530 505 494 583
40288 316 358 428 367 362 438 319 493 403 496 357 593
40289 446 380 560 381 494 457 452 514 544 510 500 614
40290 432 373 549 376 472 451 430 509 529 507 488 614
40291 436 370 550 370 488 445 444 503 536 496 497 597
40292 574 366 687 363 617 441 584 500 676 500 635 596
40293 561 383 670 384 602 463 565 514 654 513 606 599
40294 531 371 643 372 583 452 537 504 632 500 583 596
40295 248 366 362 374 293 445 251 501 340 503 289 590
40296 432 372 549 368 488 446 445 510 546 504 495 605
40297 563 356 682 361 608 435 565 497 659 498 611 599
40298 283 345 406 349 327 425 287 480 383 483 342 586
40299 583 378 688 387 626 462 576 505 664 508 615 595
40300 520 364 636 372 568 446 518 507 612 508 564 601
40301 431 370 547 372 474 452 439 513 535 511 494 607
40302 444 374 555 373 494 446 453 502 544 496 503 595
40303 455 374 568 379 498 450 456 507 550 509 499 607
40304 304 370 414 371 349 444 312 499 397 502 352 594
40305 312 379 426 378 356 459 317 515 412 513 366 608
40306 514 370 628 368 566 445 526 503 618 493 579 597
40307 582 377 691 382 628 447 587 507 676 508 635 604
40308 567 380 695 377 630 473 580 520 680 522 631 645
40309 455 360 573 358 514 445 463 491 560 489 515 599
40310 432 368 548 368 491 452 441 493 527 493 486 604
40311 308 373 417 369 363 451 315 490 410 484 362 600
40312 552 359 659 354 607 432 565 481 652 479 610 586
40313 358 417 479 406 415 502 380 562 461 558 421 672
40314 439 379 550 371 497 454 459 515 533 511 501 609
40315 440 377 562 372 502 456 453 503 551 499 505 621
40316 438 374 552 370 496 465 441 486 548 486 497 610
40317 565 373 676 371 614 458 574 506 668 505 623 605
40318 526 351 658 349 588 450 534 496 646 499 592 627
40319 276 361 396 356 337 448 282 484 393 481 338 610
40320 444 383 568 380 511 479 462 536 544 541 503 642
40321 408 364 525 358 458 446 422 487 521 485 470 607
40322 552 381 667 384 609 469 554 498 664 495 609 615
40323 579 375 701 371 646 462 585 509 689 506 642 620
40324 252 314 370 306 312 392 278 455 358 452 322 557
40325 434 381 549 370 485 443 462 505 552 498 511 601
40326 625 365 745 365 690 454 632 494 731 492 681 619
40327 441 369 548 362 493 441 446 476 544 475 495 592
40328 501 367 537 367 520 392 503 406 531 411 517 440
40329 522 359 566 359 544 390 522 403 562 403 541 448
40330 595 363 635 364 614 392 598 406 627 408 611 448
40331 442 356 483 354 466 383 448 398 482 396 466 440
40332 447 352 487 349 471 377 449 392 487 390 468 435
40333 496 353 534 351 516 378 500 397 533 397 517 433
40334 494 379 530 380 511 406 497 420 523 421 509 453
40335 482 343 521 342 502 371 486 384 518 382 501 427
40336 495 395 536 393 516 421 498 436 534 434 516 475
40337 426 382 560 377 491 442 447 519 553 516 504 615
40338 518 376 641 373 569 434 532 500 631 500 583 587
40339 434 369 565 367 483 437 448 501 550 501 502 594
40340 424 374 559 364 501 440 455 514 556 507 512 608
40341 537 356 669 356 583 415 548 485 651 492 602 591
40342 522 381 654 369 589 443 546 508 651 506 599 611
40343 509 372 631 368 561 430 527 495 617 499 575 586
40344 491 404 617 394 546 462 511 531 609 532 566 625
40345 424 378 556 369 476 442 446 510 550 501 497 606
40346 433 372 559 366 489 428 451 499 550 497 505 590
40347 425 365 561 360 485 430 445 501 549 498 499 595
40348 532 364 656 363 587 426 549 494 642 494 597 584
40349 230 360 357 353 287 418 251 490 346 484 298 582
40350 428 376 550 374 474 434 441 498 535 504 479 590
40351 423 365 553 355 478 418 446 493 544 486 496 585
40352 420 371 552 365 475 434 440 506 543 508 495 603
40353 368 435 495 422 435 494 390 557 498 549 455 656
40354 418 367 544 363 473 427 437 497 536 495 488 588
40355 343 381 474 374 401 446 365 519 461 513 419 610
40356 432 363 555 359 492 420 447 485 548 487 502 578
40357 520 411 652 412 574 491 527 537 642 536 584 648
40358 287 384 418 391 350 471 299 529 397 532 350 622
40359 331 426 460 428 382 508 338 553 447 554 391 652
40360 434 383 550 375 475 448 450 495 547 490 500 590
40361 425 416 549 422 476 494 429 535 542 538 477 644
40362 449 349 570 369 510 432 441 484 539 494 481 584
40363 439 379 577 357 501 453 467 513 582 494 536 624
40364 427 387 548 372 486 449 448 503 557 487 509 597
40365 462 343 576 362 510 422 452 455 554 469 490 559
40366 415 371 540 376 468 449 420 493 526 497 469 591
40367 439 405 559 435 490 491 417 524 529 542 466 638
40368 423 380 547 383 479 458 434 513 525 511 483 602
40369 419 366 543 356 469 437 441 491 544 479 500 587
40370 421 355 545 348 471 422 437 477 541 470 492 576
40371 339 425 481 411 417 507 362 560 481 548 424 670
40372 480 377 611 360 540 449 502 504 613 489 567 606
40373 524 373 656 393 594 467 515 504 631 516 568 617
40374 416 340 541 355 445 416 409 471 508 482 433 578
40375 419 366 536 363 470 433 438 491 529 484 484 578
40376 473 400 597 378 530 465 506 519 610 496 578 613
40377 435 374 556 371 490 459 442 519 538 520 494 610
40378 582 374 709 374 646 458 587 524 686 526 639 620
40379 548 376 676 377 606 466 548 532 653 536 600 634
40380 440 393 556 382 501 467 455 530 552 528 508 617
40381 306 407 421 404 357 484 312 543 406 547 360 633
40382 416 383 544 372 484 473 431 532 538 530 488 631
40383 343 422 460 421 397 504 347 560 442 563 396 653
40384 567 422 678 423 615 505 567 559 657 561 613 646
40385 533 414 651 413 586 494 536 556 628 557 579 645
40386 429 379 547 376 488 462 437 524 539 523 486 611
40387 271 388 393 381 328 472 276 530 378 529 333 627
40388 546 374 670 376 608 462 548 526 654 530 601 630
40389 535 421 650 419 591 501 539 561 639 559 589 649
40390 303 384 420 377 365 456 316 518 412 517 362 610
40391 556 378 676 377 613 463 560 519 657 523 608 613
40392 501 408 614 402 561 482 514 541 607 540 553 627
40393 459 392 578 394 510 472 459 538 556 541 502 628
40394 320 407 433 405 377 480 329 543 423 543 370 631
40395 605 385 718 381 656 455 611 519 698 518 653 604
40396 317 414 432 402 374 490 332 554 426 546 388 639
40397 420 371 548 352 492 446 439 508 554 500 502 610
40398 536 403 646 404 589 480 538 537 628 542 580 621
40399 503 379 619 394 549 457 498 496 604 508 547 606
40400 540 372 676 379 602 461 547 536 649 538 598 622
40401 536 362 653 359 598 435 548 490 641 484 594 589
40402 479 393 590 394 507 472 456 515 561 517 513 608
40403 451 381 581 378 515 472 473 492 574 497 524 605
40404 292 357 406 363 339 428 299 499 388 499 338 596
40405 545 370 652 376 594 438 546 508 634 508 583 598
40406 513 357 625 365 555 433 521 504 594 509 552 611
40407 522 360 634 366 574 430 531 499 614 502 564 594
40408 520 363 629 373 566 434 520 500 604 503 555 601
40409 435 375 557 374 484 446 448 503 539 509 495 571
40410 512 369 636 362 568 437 530 504 618 500 576 569
40411 428 394 547 395 485 468 446 522 529 521 487 585
40412 556 376 672 371 604 446 570 498 662 496 616 562
40413 517 414 639 416 572 488 527 544 624 546 574 611
40414 434 369 557 370 491 446 450 501 541 501 499 573
40415 443 380 560 379 490 450 454 506 542 508 501 577
40416 533 393 660 392 585 470 545 525 642 528 599 606
40417 510 374 634 373 558 448 526 506 612 506 575 573
40418 526 408 651 404 583 484 547 542 642 540 591 613
40419 430 385 556 383 484 457 446 519 530 523 488 591
40420 433 373 558 375 489 449 446 503 543 503 494 575
40421 447 383 560 381 500 455 459 508 548 509 502 574
40422 429 377 548 377 484 443 447 507 526 505 493 578
40423 546 392 670 394 598 466 556 525 648 525 608 595
40424 525 368 640 366 576 434 544 495 630 494 592 561
40425 528 385 654 385 583 465 547 519 635 520 599 577
40426 426 384 547 386 480 457 439 516 533 517 489 587
40427 505 403 622 401 557 470 519 526 604 524 561 590
40428 553 355 675 350 606 423 569 483 658 485 618 558
40429 322 420 426 416 372 495 332 536 419 533 382 613
40430 536 431 643 428 585 512 547 558 640 553 603 635
40431 432 363 550 361 482 445 442 496 541 494 502 585
40432 539 369 655 366 591 449 548 494 646 490 601 578
40433 429 365 539 363 476 446 433 488 531 486 487 571
40434 430 375 542 369 477 453 440 502 536 498 504 586
40435 446 453 568 453 506 541 457 589 560 584 514 677
40436 449 369 569 370 504 456 465 503 555 503 515 590
40437 438 368 559 363 500 454 453 503 557 496 512 582
40438 435 371 546 364 485 450 451 493 543 486 506 573
40439 519 427 626 420 567 506 533 546 624 539 586 620
40440 368 405 484 397 418 482 385 536 481 528 444 616
40441 422 374 538 370 473 456 434 505 530 499 490 583
40442 437 378 553 376 487 461 444 509 543 507 502 591
40443 427 361 542 360 474 440 438 490 538 487 498 575
40444 526 381 635 378 573 459 539 504 631 500 593 586
40445 438 377 552 368 491 454 451 504 553 497 511 586
40446 626 389 742 385 687 474 642 517 737 513 691 598
40447 607 386 725 382 665 469 623 513 717 509 676 595
40448 320 381 439 376 373 460 333 506 437 504 390 595
40449 423 373 539 370 475 451 434 502 532 500 485 591
40450 434 383 547 376 486 456 455 509 545 504 506 588
