7.071068E-01
7.142857E-01
7.288690E-01
7.453560E-01
7.615773E-01
7.288690E-01
7.288690E-01
7.453560E-01
7.142857E-01
7.071068E-01
7.905694E-01
7.453560E-01
7.615773E-01
7.211103E-01
7.767276E-01
7.767276E-01
1.000000E+00
8.338540E-01
7.615773E-01
7.071068E-01
7.280110E-01
7.071068E-01
7.615773E-01
7.615773E-01
7.142857E-01
7.767276E-01
7.905694E-01
7.288690E-01
7.288690E-01
7.142857E-01
7.615773E-01
7.288690E-01
8.031005E-01
7.027284E-01
7.905694E-01
7.453560E-01
7.615773E-01
8.031005E-01
7.453560E-01
7.071068E-01
7.615773E-01
7.453560E-01
7.071068E-01
7.211103E-01
8.246211E-01
7.767276E-01
7.615773E-01
5.270463E-01
1.000000E+00
7.288690E-01
7.142857E-01
0.000000E+00
7.142857E-01
7.288690E-01
6.731456E-01
7.615773E-01
6.388766E-01
7.288690E-01
7.453560E-01
6.009252E-01
7.071068E-01
7.905694E-01
6.731456E-01
7.027284E-01
7.211103E-01
7.767276E-01
7.767276E-01
1.000000E+00
8.338540E-01
7.615773E-01
7.071068E-01
7.280110E-01
5.656854E-01
7.615773E-01
7.615773E-01
7.142857E-01
7.767276E-01
7.905694E-01
7.288690E-01
7.288690E-01
7.142857E-01
7.615773E-01
7.288690E-01
8.031005E-01
7.615773E-01
7.905694E-01
6.731456E-01
7.615773E-01
8.031005E-01
6.731456E-01
7.071068E-01
7.615773E-01
7.453560E-01
7.071068E-01
7.211103E-01
8.246211E-01
7.767276E-01
7.615773E-01
7.288690E-01
1.000000E+00
7.288690E-01
7.142857E-01
7.142857E-01
0.000000E+00
5.150788E-01
7.211103E-01
6.708204E-01
7.114582E-01
6.250000E-01
5.590170E-01
7.071068E-01
6.009252E-01
7.120003E-01
7.211103E-01
7.329325E-01
6.324555E-01
6.923430E-01
6.923430E-01
1.000000E+00
7.730823E-01
6.708204E-01
6.009252E-01
6.324555E-01
7.142857E-01
6.708204E-01
6.708204E-01
6.060915E-01
6.923430E-01
8.246211E-01
6.250000E-01
6.250000E-01
6.060915E-01
7.329325E-01
6.250000E-01
7.693093E-01
6.708204E-01
7.500000E-01
6.478835E-01
6.708204E-01
7.297564E-01
6.478835E-01
6.009252E-01
7.329325E-01
6.478835E-01
6.009252E-01
6.324555E-01
7.601170E-01
6.923430E-01
7.329325E-01
5.150788E-01
1.000000E+00
6.250000E-01
6.060915E-01
7.288690E-01
5.150788E-01
0.000000E+00
7.100227E-01
6.555548E-01
7.071068E-01
6.285394E-01
5.555556E-01
7.114582E-01
6.388766E-01
6.880209E-01
7.100227E-01
7.168604E-01
6.871843E-01
6.718548E-01
6.098367E-01
1.000000E+00
7.440653E-01
6.555548E-01
6.388766E-01
6.098367E-01
7.288690E-01
6.555548E-01
6.555548E-01
6.250000E-01
6.718548E-01
8.498366E-01
6.285394E-01
6.285394E-01
6.250000E-01
7.168604E-01
6.285394E-01
7.453560E-01
6.555548E-01
8.000000E-01
6.403124E-01
6.555548E-01
7.034898E-01
6.403124E-01
6.388766E-01
7.168604E-01
6.403124E-01
6.388766E-01
6.871843E-01
7.315437E-01
6.098367E-01
7.168604E-01
6.285394E-01
1.000000E+00
6.285394E-01
6.250000E-01
6.731456E-01
7.211103E-01
7.100227E-01
0.000000E+00
7.091957E-01
5.555556E-01
6.403124E-01
7.071068E-01
5.590170E-01
7.453560E-01
7.211103E-01
6.428243E-01
7.091957E-01
7.905694E-01
6.617173E-01
6.617173E-01
1.000000E+00
7.535695E-01
6.508541E-01
6.731456E-01
6.617173E-01
6.731456E-01
6.508541E-01
7.091957E-01
7.211103E-01
7.142857E-01
8.333333E-01
7.100227E-01
6.403124E-01
6.478835E-01
6.508541E-01
7.100227E-01
6.863753E-01
7.091957E-01
8.689661E-01
6.428243E-01
7.091957E-01
7.288690E-01
6.428243E-01
7.453560E-01
6.508541E-01
7.071068E-01
7.453560E-01
7.905694E-01
7.453560E-01
6.617173E-01
6.508541E-01
7.100227E-01
1.000000E+00
7.100227E-01
7.211103E-01
7.615773E-01
6.708204E-01
6.555548E-01
7.091957E-01
0.000000E+00
7.168604E-01
7.168604E-01
6.508541E-01
7.329325E-01
6.373774E-01
6.666667E-01
6.508541E-01
6.527140E-01
7.603453E-01
6.585389E-01
7.086764E-01
1.000000E+00
6.712803E-01
6.527140E-01
6.373774E-01
6.585389E-01
7.615773E-01
5.892557E-01
6.527140E-01
5.983516E-01
6.585389E-01
8.838835E-01
6.555548E-01
7.168604E-01
6.708204E-01
7.071068E-01
6.555548E-01
7.180327E-01
5.892557E-01
8.571429E-01
6.508541E-01
6.527140E-01
6.289321E-01
6.508541E-01
7.027284E-01
6.527140E-01
6.508541E-01
7.027284E-01
7.603453E-01
6.961091E-01
6.585389E-01
7.071068E-01
6.555548E-01
1.000000E+00
4.969040E-01
6.708204E-01
6.388766E-01
7.114582E-01
7.071068E-01
5.555556E-01
7.168604E-01
0.000000E+00
6.285394E-01
7.100227E-01
5.150788E-01
7.288690E-01
7.354022E-01
6.403124E-01
7.168604E-01
7.693093E-01
6.718548E-01
6.098367E-01
1.000000E+00
7.737993E-01
7.168604E-01
7.288690E-01
7.256909E-01
6.388766E-01
7.168604E-01
7.168604E-01
7.114582E-01
7.256909E-01
8.000000E-01
7.071068E-01
6.285394E-01
7.114582E-01
6.555548E-01
7.071068E-01
7.034898E-01
7.168604E-01
8.498366E-01
6.403124E-01
7.168604E-01
7.453560E-01
5.555556E-01
7.288690E-01
6.555548E-01
7.100227E-01
7.288690E-01
7.693093E-01
7.647059E-01
7.256909E-01
6.555548E-01
7.071068E-01
1.000000E+00
7.071068E-01
7.114582E-01
7.288690E-01
6.250000E-01
6.285394E-01
6.403124E-01
7.168604E-01
6.285394E-01
0.000000E+00
6.403124E-01
6.250000E-01
7.288690E-01
7.354022E-01
6.403124E-01
7.168604E-01
7.693093E-01
7.256909E-01
6.098367E-01
1.000000E+00
7.737993E-01
7.168604E-01
7.288690E-01
6.718548E-01
6.388766E-01
7.168604E-01
7.168604E-01
7.114582E-01
7.256909E-01
8.000000E-01
7.071068E-01
5.303301E-01
7.114582E-01
6.555548E-01
6.285394E-01
7.034898E-01
7.168604E-01
8.498366E-01
7.100227E-01
7.168604E-01
7.453560E-01
7.100227E-01
7.288690E-01
6.555548E-01
7.100227E-01
7.288690E-01
7.693093E-01
7.647059E-01
7.256909E-01
6.555548E-01
7.071068E-01
1.000000E+00
7.071068E-01
7.114582E-01
7.453560E-01
5.590170E-01
5.555556E-01
7.071068E-01
6.508541E-01
7.100227E-01
6.403124E-01
0.000000E+00
7.211103E-01
6.731456E-01
6.201737E-01
7.071068E-01
7.091957E-01
7.284314E-01
6.617173E-01
6.617173E-01
1.000000E+00
7.222222E-01
6.508541E-01
6.731456E-01
6.009252E-01
7.453560E-01
6.508541E-01
6.508541E-01
6.478835E-01
6.617173E-01
8.689661E-01
6.403124E-01
6.403124E-01
6.478835E-01
6.508541E-01
6.403124E-01
6.863753E-01
5.821022E-01
8.333333E-01
6.428243E-01
6.508541E-01
6.863753E-01
6.428243E-01
6.731456E-01
7.091957E-01
6.428243E-01
6.731456E-01
7.284314E-01
6.731456E-01
6.617173E-01
6.508541E-01
6.403124E-01
1.000000E+00
6.403124E-01
6.478835E-01
6.009252E-01
7.071068E-01
7.114582E-01
5.590170E-01
7.329325E-01
5.150788E-01
6.250000E-01
7.211103E-01
0.000000E+00
7.142857E-01
7.576044E-01
6.478835E-01
7.329325E-01
7.453560E-01
7.453560E-01
6.923430E-01
1.000000E+00
8.000865E-01
7.329325E-01
7.142857E-01
7.453560E-01
6.009252E-01
7.329325E-01
7.329325E-01
7.071068E-01
7.453560E-01
7.500000E-01
7.114582E-01
6.250000E-01
7.071068E-01
6.708204E-01
7.114582E-01
6.871843E-01
7.329325E-01
8.246211E-01
6.478835E-01
7.329325E-01
7.693093E-01
6.478835E-01
7.142857E-01
6.708204E-01
7.211103E-01
7.142857E-01
7.453560E-01
7.905694E-01
7.453560E-01
6.708204E-01
7.114582E-01
1.000000E+00
7.114582E-01
6.060915E-01
7.071068E-01
6.009252E-01
6.388766E-01
7.453560E-01
6.373774E-01
7.288690E-01
7.288690E-01
6.731456E-01
7.142857E-01
0.000000E+00
7.496556E-01
7.453560E-01
7.615773E-01
5.590170E-01
7.280110E-01
7.767276E-01
1.000000E+00
8.110350E-01
7.027284E-01
5.656854E-01
7.280110E-01
7.071068E-01
6.373774E-01
7.027284E-01
4.472136E-01
7.280110E-01
7.905694E-01
6.388766E-01
7.288690E-01
6.009252E-01
7.615773E-01
6.388766E-01
8.031005E-01
6.373774E-01
6.666667E-01
6.731456E-01
7.027284E-01
7.682954E-01
6.731456E-01
5.656854E-01
7.615773E-01
6.731456E-01
5.656854E-01
5.590170E-01
7.985957E-01
7.280110E-01
7.615773E-01
6.388766E-01
1.000000E+00
6.388766E-01
6.009252E-01
7.905694E-01
7.120003E-01
6.880209E-01
7.211103E-01
6.666667E-01
7.354022E-01
7.354022E-01
6.201737E-01
7.576044E-01
7.496556E-01
0.000000E+00
7.211103E-01
7.126096E-01
8.062258E-01
6.643841E-01
7.083291E-01
1.000000E+00
6.867717E-01
6.666667E-01
7.496556E-01
6.643841E-01
7.905694E-01
6.666667E-01
6.666667E-01
7.120003E-01
6.643841E-01
9.055385E-01
6.880209E-01
7.354022E-01
7.120003E-01
7.126096E-01
6.346478E-01
7.080855E-01
6.666667E-01
8.888889E-01
6.738558E-01
6.666667E-01
6.689775E-01
6.738558E-01
7.496556E-01
7.126096E-01
6.738558E-01
7.071068E-01
8.062258E-01
6.800735E-01
6.643841E-01
7.126096E-01
6.880209E-01
1.000000E+00
6.880209E-01
7.120003E-01
6.731456E-01
7.211103E-01
7.100227E-01
6.428243E-01
6.508541E-01
6.403124E-01
6.403124E-01
7.071068E-01
6.478835E-01
7.453560E-01
7.211103E-01
0.000000E+00
7.091957E-01
7.905694E-01
7.142857E-01
6.617173E-01
1.000000E+00
7.535695E-01
7.091957E-01
7.453560E-01
6.617173E-01
5.890151E-01
7.091957E-01
7.091957E-01
7.211103E-01
7.142857E-01
8.333333E-01
7.100227E-01
6.403124E-01
7.211103E-01
6.508541E-01
7.100227E-01
6.863753E-01
7.091957E-01
8.689661E-01
7.071068E-01
7.091957E-01
6.388766E-01
7.071068E-01
7.453560E-01
5.821022E-01
7.071068E-01
7.453560E-01
7.905694E-01
7.453560E-01
7.142857E-01
6.508541E-01
7.100227E-01
1.000000E+00
7.100227E-01
7.211103E-01
7.027284E-01
7.329325E-01
7.168604E-01
7.091957E-01
6.527140E-01
7.168604E-01
7.168604E-01
7.091957E-01
7.329325E-01
7.615773E-01
7.126096E-01
7.091957E-01
0.000000E+00
8.089011E-01
7.086764E-01
7.086764E-01
1.000000E+00
5.929271E-01
7.071068E-01
7.027284E-01
7.086764E-01
7.615773E-01
7.071068E-01
7.071068E-01
7.329325E-01
6.585389E-01
8.838835E-01
7.168604E-01
7.168604E-01
7.329325E-01
6.527140E-01
7.168604E-01
7.180327E-01
7.071068E-01
8.838835E-01
7.091957E-01
7.071068E-01
7.180327E-01
6.508541E-01
7.615773E-01
7.071068E-01
7.091957E-01
7.615773E-01
8.089011E-01
6.961091E-01
7.086764E-01
7.071068E-01
7.168604E-01
1.000000E+00
7.168604E-01
7.329325E-01
7.211103E-01
6.324555E-01
6.871843E-01
7.905694E-01
7.603453E-01
7.693093E-01
7.693093E-01
7.284314E-01
7.453560E-01
5.590170E-01
8.062258E-01
7.905694E-01
8.089011E-01
0.000000E+00
7.856742E-01
8.246211E-01
1.000000E+00
8.601139E-01
7.603453E-01
5.590170E-01
7.856742E-01
7.211103E-01
7.603453E-01
7.603453E-01
6.324555E-01
7.856742E-01
7.453560E-01
6.871843E-01
7.693093E-01
6.324555E-01
8.089011E-01
6.871843E-01
8.498366E-01
7.603453E-01
5.000000E-01
7.284314E-01
7.603453E-01
8.232168E-01
7.284314E-01
5.590170E-01
8.089011E-01
7.284314E-01
5.590170E-01
4.714045E-01
8.496432E-01
7.856742E-01
8.089011E-01
6.871843E-01
1.000000E+00
6.871843E-01
6.324555E-01
7.767276E-01
6.923430E-01
6.718548E-01
6.617173E-01
6.585389E-01
6.718548E-01
7.256909E-01
6.617173E-01
7.453560E-01
7.280110E-01
6.643841E-01
7.142857E-01
7.086764E-01
7.856742E-01
0.000000E+00
6.060915E-01
1.000000E+00
6.946222E-01
5.335937E-01
6.758625E-01
6.599663E-01
7.767276E-01
6.007884E-01
6.585389E-01
6.923430E-01
6.599663E-01
8.958064E-01
6.718548E-01
7.256909E-01
6.923430E-01
7.086764E-01
6.718548E-01
7.114582E-01
6.007884E-01
8.750000E-01
6.617173E-01
6.007884E-01
6.250000E-01
6.617173E-01
7.280110E-01
7.086764E-01
6.009252E-01
7.280110E-01
7.856742E-01
6.478835E-01
6.060915E-01
6.585389E-01
6.718548E-01
1.000000E+00
6.718548E-01
6.923430E-01
7.767276E-01
6.923430E-01
6.098367E-01
6.617173E-01
7.086764E-01
6.098367E-01
6.098367E-01
6.617173E-01
6.923430E-01
7.767276E-01
7.083291E-01
6.617173E-01
7.086764E-01
8.246211E-01
6.060915E-01
0.000000E+00
1.000000E+00
6.946222E-01
7.086764E-01
7.767276E-01
6.599663E-01
7.280110E-01
7.086764E-01
7.086764E-01
7.453560E-01
7.071068E-01
8.750000E-01
7.256909E-01
6.098367E-01
7.453560E-01
6.585389E-01
7.256909E-01
6.706914E-01
6.585389E-01
8.958064E-01
7.142857E-01
7.086764E-01
7.114582E-01
6.617173E-01
7.767276E-01
6.007884E-01
7.142857E-01
7.767276E-01
8.246211E-01
7.211103E-01
6.599663E-01
6.585389E-01
7.256909E-01
1.000000E+00
7.256909E-01
7.453560E-01
1.000000E+00
1.000000E+00
1.000000E+00
1.000000E+00
1.000000E+00
1.000000E+00
1.000000E+00
1.000000E+00
1.000000E+00
1.000000E+00
1.000000E+00
1.000000E+00
1.000000E+00
1.000000E+00
1.000000E+00
1.000000E+00
0.000000E+00
1.000000E+00
1.000000E+00
1.000000E+00
1.000000E+00
1.000000E+00
1.000000E+00
1.000000E+00
1.000000E+00
1.000000E+00
1.000000E+00
1.000000E+00
1.000000E+00
1.000000E+00
1.000000E+00
1.000000E+00
1.000000E+00
1.000000E+00
1.000000E+00
1.000000E+00
1.000000E+00
1.000000E+00
1.000000E+00
1.000000E+00
1.000000E+00
1.000000E+00
1.000000E+00
1.000000E+00
1.000000E+00
1.000000E+00
1.000000E+00
1.000000E+00
0.000000E+00
1.000000E+00
1.000000E+00
8.338540E-01
7.730823E-01
7.440653E-01
7.535695E-01
6.712803E-01
7.737993E-01
7.737993E-01
7.222222E-01
8.000865E-01
8.110350E-01
6.867717E-01
7.535695E-01
5.929271E-01
8.601139E-01
6.946222E-01
6.946222E-01
1.000000E+00
0.000000E+00
7.061267E-01
8.110350E-01
6.946222E-01
8.338540E-01
7.061267E-01
7.061267E-01
7.730823E-01
6.594718E-01
9.313146E-01
7.440653E-01
7.737993E-01
7.730823E-01
7.061267E-01
7.440653E-01
7.130965E-01
7.061267E-01
9.230769E-01
7.222222E-01
7.061267E-01
6.818182E-01
7.222222E-01
8.110350E-01
7.061267E-01
7.222222E-01
8.110350E-01
8.601139E-01
6.463508E-01
6.946222E-01
7.382412E-01
7.440653E-01
1.000000E+00
7.440653E-01
7.730823E-01
7.615773E-01
6.708204E-01
6.555548E-01
6.508541E-01
6.527140E-01
7.168604E-01
7.168604E-01
6.508541E-01
7.329325E-01
7.027284E-01
6.666667E-01
7.091957E-01
7.071068E-01
7.603453E-01
5.335937E-01
7.086764E-01
1.000000E+00
7.061267E-01
0.000000E+00
6.373774E-01
6.585389E-01
7.615773E-01
5.892557E-01
6.527140E-01
6.708204E-01
6.585389E-01
8.838835E-01
6.555548E-01
7.168604E-01
6.708204E-01
7.071068E-01
6.555548E-01
6.760409E-01
6.527140E-01
8.571429E-01
6.508541E-01
5.892557E-01
6.289321E-01
6.508541E-01
7.027284E-01
7.071068E-01
6.508541E-01
7.027284E-01
7.603453E-01
6.961091E-01
6.007884E-01
6.527140E-01
6.555548E-01
1.000000E+00
6.555548E-01
6.708204E-01
7.071068E-01
6.009252E-01
6.388766E-01
6.731456E-01
6.373774E-01
7.288690E-01
7.288690E-01
6.731456E-01
7.142857E-01
5.656854E-01
7.496556E-01
7.453560E-01
7.027284E-01
5.590170E-01
6.758625E-01
7.767276E-01
1.000000E+00
8.110350E-01
6.373774E-01
0.000000E+00
7.280110E-01
7.071068E-01
6.373774E-01
7.027284E-01
6.009252E-01
7.280110E-01
7.905694E-01
6.388766E-01
7.288690E-01
6.009252E-01
7.615773E-01
6.388766E-01
8.031005E-01
7.027284E-01
6.666667E-01
6.731456E-01
7.027284E-01
7.682954E-01
6.731456E-01
5.656854E-01
7.615773E-01
6.731456E-01
5.656854E-01
5.590170E-01
7.985957E-01
6.758625E-01
7.615773E-01
6.388766E-01
1.000000E+00
6.388766E-01
6.009252E-01
7.280110E-01
6.324555E-01
6.098367E-01
6.617173E-01
6.585389E-01
7.256909E-01
6.718548E-01
6.009252E-01
7.453560E-01
7.280110E-01
6.643841E-01
6.617173E-01
7.086764E-01
7.856742E-01
6.599663E-01
6.599663E-01
1.000000E+00
6.946222E-01
6.585389E-01
7.280110E-01
0.000000E+00
7.280110E-01
6.585389E-01
6.585389E-01
6.923430E-01
6.599663E-01
8.958064E-01
6.718548E-01
6.718548E-01
6.923430E-01
7.086764E-01
6.718548E-01
7.114582E-01
6.007884E-01
8.750000E-01
6.617173E-01
6.585389E-01
6.706914E-01
6.617173E-01
7.280110E-01
7.086764E-01
6.617173E-01
7.280110E-01
7.856742E-01
6.862318E-01
6.599663E-01
7.086764E-01
6.098367E-01
1.000000E+00
6.718548E-01
6.923430E-01
5.656854E-01
7.142857E-01
7.288690E-01
6.731456E-01
7.615773E-01
6.388766E-01
6.388766E-01
7.453560E-01
6.009252E-01
7.071068E-01
7.905694E-01
5.890151E-01
7.615773E-01
7.211103E-01
7.767276E-01
7.280110E-01
1.000000E+00
8.338540E-01
7.615773E-01
7.071068E-01
7.280110E-01
0.000000E+00
7.615773E-01
7.615773E-01
7.142857E-01
7.767276E-01
6.666667E-01
7.288690E-01
6.388766E-01
7.142857E-01
7.027284E-01
7.288690E-01
7.682954E-01
7.615773E-01
7.905694E-01
7.453560E-01
7.615773E-01
8.031005E-01
7.453560E-01
7.071068E-01
7.027284E-01
6.731456E-01
7.071068E-01
7.211103E-01
7.985957E-01
7.767276E-01
7.027284E-01
7.288690E-01
1.000000E+00
7.288690E-01
7.142857E-01
7.615773E-01
6.708204E-01
6.555548E-01
6.508541E-01
5.892557E-01
7.168604E-01
7.168604E-01
6.508541E-01
7.329325E-01
6.373774E-01
6.666667E-01
7.091957E-01
7.071068E-01
7.603453E-01
6.007884E-01
7.086764E-01
1.000000E+00
7.061267E-01
5.892557E-01
6.373774E-01
6.585389E-01
7.615773E-01
0.000000E+00
6.527140E-01
5.983516E-01
6.585389E-01
8.838835E-01
6.555548E-01
7.168604E-01
6.708204E-01
7.071068E-01
6.555548E-01
7.180327E-01
5.892557E-01
8.571429E-01
6.508541E-01
6.527140E-01
6.760409E-01
6.508541E-01
7.027284E-01
7.071068E-01
6.508541E-01
7.027284E-01
7.603453E-01
6.961091E-01
6.007884E-01
7.071068E-01
6.555548E-01
1.000000E+00
6.555548E-01
6.708204E-01
7.615773E-01
6.708204E-01
6.555548E-01
7.091957E-01
6.527140E-01
7.168604E-01
7.168604E-01
6.508541E-01
7.329325E-01
7.027284E-01
6.666667E-01
7.091957E-01
7.071068E-01
7.603453E-01
6.585389E-01
7.086764E-01
1.000000E+00
7.061267E-01
6.527140E-01
7.027284E-01
6.585389E-01
7.615773E-01
6.527140E-01
0.000000E+00
5.983516E-01
6.585389E-01
8.838835E-01
5.830952E-01
7.168604E-01
6.708204E-01
7.071068E-01
6.555548E-01
7.180327E-01
5.892557E-01
8.571429E-01
6.508541E-01
6.527140E-01
6.289321E-01
6.508541E-01
7.027284E-01
7.071068E-01
6.508541E-01
7.027284E-01
7.603453E-01
6.961091E-01
6.585389E-01
7.071068E-01
6.555548E-01
1.000000E+00
6.555548E-01
5.983516E-01
7.142857E-01
6.060915E-01
6.250000E-01
7.211103E-01
5.983516E-01
7.114582E-01
7.114582E-01
6.478835E-01
7.071068E-01
4.472136E-01
7.120003E-01
7.211103E-01
7.329325E-01
6.324555E-01
6.923430E-01
7.453560E-01
1.000000E+00
7.730823E-01
6.708204E-01
6.009252E-01
6.923430E-01
7.142857E-01
5.983516E-01
5.983516E-01
0.000000E+00
6.923430E-01
8.246211E-01
6.250000E-01
7.114582E-01
6.060915E-01
7.329325E-01
6.250000E-01
7.693093E-01
5.983516E-01
7.500000E-01
6.478835E-01
6.708204E-01
6.871843E-01
6.478835E-01
6.009252E-01
7.329325E-01
6.478835E-01
6.009252E-01
6.324555E-01
7.601170E-01
6.923430E-01
7.329325E-01
6.250000E-01
1.000000E+00
6.250000E-01
4.714045E-01
7.767276E-01
6.923430E-01
6.718548E-01
7.142857E-01
6.585389E-01
7.256909E-01
7.256909E-01
6.617173E-01
7.453560E-01
7.280110E-01
6.643841E-01
7.142857E-01
6.585389E-01
7.856742E-01
6.599663E-01
7.071068E-01
1.000000E+00
6.594718E-01
6.585389E-01
7.280110E-01
6.599663E-01
7.767276E-01
6.585389E-01
6.585389E-01
6.923430E-01
0.000000E+00
8.958064E-01
6.718548E-01
7.256909E-01
6.923430E-01
7.086764E-01
6.718548E-01
6.250000E-01
6.585389E-01
8.750000E-01
6.617173E-01
6.585389E-01
6.706914E-01
6.617173E-01
7.280110E-01
7.086764E-01
6.617173E-01
7.280110E-01
7.856742E-01
6.056253E-01
6.599663E-01
7.086764E-01
6.718548E-01
1.000000E+00
6.718548E-01
6.923430E-01
7.905694E-01
8.246211E-01
8.498366E-01
8.333333E-01
8.838835E-01
8.000000E-01
8.000000E-01
8.689661E-01
7.500000E-01
7.905694E-01
9.055385E-01
8.333333E-01
8.838835E-01
7.453560E-01
8.958064E-01
8.750000E-01
1.000000E+00
9.313146E-01
8.838835E-01
7.905694E-01
8.958064E-01
6.666667E-01
8.838835E-01
8.838835E-01
8.246211E-01
8.958064E-01
0.000000E+00
8.498366E-01
8.000000E-01
8.246211E-01
8.571429E-01
8.498366E-01
9.000000E-01
8.838835E-01
7.071068E-01
8.689661E-01
8.838835E-01
9.136251E-01
8.689661E-01
7.905694E-01
8.571429E-01
8.689661E-01
7.905694E-01
7.453560E-01
9.262765E-01
8.958064E-01
8.571429E-01
8.498366E-01
1.000000E+00
8.498366E-01
8.246211E-01
7.288690E-01
6.250000E-01
6.285394E-01
7.100227E-01
6.555548E-01
7.071068E-01
7.071068E-01
6.403124E-01
7.114582E-01
6.388766E-01
6.880209E-01
7.100227E-01
7.168604E-01
6.871843E-01
6.718548E-01
7.256909E-01
1.000000E+00
7.440653E-01
6.555548E-01
6.388766E-01
6.718548E-01
7.288690E-01
6.555548E-01
5.830952E-01
6.250000E-01
6.718548E-01
8.498366E-01
0.000000E+00
6.285394E-01
6.250000E-01
7.168604E-01
6.285394E-01
7.453560E-01
5.830952E-01
8.000000E-01
6.403124E-01
6.555548E-01
6.572311E-01
6.403124E-01
6.388766E-01
7.168604E-01
6.403124E-01
6.388766E-01
6.871843E-01
7.315437E-01
6.718548E-01
7.168604E-01
6.285394E-01
1.000000E+00
6.285394E-01
6.250000E-01
7.288690E-01
6.250000E-01
6.285394E-01
6.403124E-01
7.168604E-01
6.285394E-01
5.303301E-01
6.403124E-01
6.250000E-01
7.288690E-01
7.354022E-01
6.403124E-01
7.168604E-01
7.693093E-01
7.256909E-01
6.098367E-01
1.000000E+00
7.737993E-01
7.168604E-01
7.288690E-01
6.718548E-01
6.388766E-01
7.168604E-01
7.168604E-01
7.114582E-01
7.256909E-01
8.000000E-01
6.285394E-01
0.000000E+00
7.114582E-01
6.555548E-01
7.071068E-01
7.034898E-01
7.168604E-01
8.498366E-01
7.100227E-01
7.168604E-01
7.453560E-01
7.100227E-01
7.288690E-01
6.555548E-01
7.100227E-01
7.288690E-01
7.693093E-01
7.647059E-01
7.256909E-01
6.555548E-01
7.071068E-01
1.000000E+00
7.071068E-01
7.114582E-01
7.142857E-01
6.060915E-01
6.250000E-01
6.478835E-01
6.708204E-01
7.114582E-01
7.114582E-01
6.478835E-01
7.071068E-01
6.009252E-01
7.120003E-01
7.211103E-01
7.329325E-01
6.324555E-01
6.923430E-01
7.453560E-01
1.000000E+00
7.730823E-01
6.708204E-01
6.009252E-01
6.923430E-01
7.142857E-01
6.708204E-01
6.708204E-01
6.060915E-01
6.923430E-01
8.246211E-01
6.250000E-01
7.114582E-01
0.000000E+00
7.329325E-01
6.250000E-01
7.693093E-01
6.708204E-01
7.500000E-01
6.478835E-01
6.708204E-01
7.297564E-01
6.478835E-01
4.472136E-01
7.329325E-01
6.478835E-01
6.009252E-01
6.324555E-01
7.601170E-01
6.324555E-01
7.329325E-01
6.250000E-01
1.000000E+00
6.250000E-01
6.060915E-01
7.615773E-01
7.329325E-01
7.168604E-01
6.508541E-01
7.071068E-01
6.555548E-01
6.555548E-01
6.508541E-01
6.708204E-01
7.615773E-01
7.126096E-01
6.508541E-01
6.527140E-01
8.089011E-01
7.086764E-01
6.585389E-01
1.000000E+00
7.061267E-01
7.071068E-01
7.615773E-01
7.086764E-01
7.027284E-01
7.071068E-01
7.071068E-01
7.329325E-01
7.086764E-01
8.571429E-01
7.168604E-01
6.555548E-01
7.329325E-01
0.000000E+00
7.168604E-01
6.289321E-01
6.527140E-01
8.838835E-01
7.091957E-01
7.071068E-01
7.180327E-01
7.091957E-01
7.615773E-01
6.527140E-01
7.091957E-01
7.615773E-01
8.089011E-01
6.961091E-01
7.086764E-01
5.892557E-01
7.168604E-01
1.000000E+00
7.168604E-01
7.329325E-01
7.288690E-01
6.250000E-01
6.285394E-01
7.100227E-01
6.555548E-01
7.071068E-01
6.285394E-01
6.403124E-01
7.114582E-01
6.388766E-01
6.346478E-01
7.100227E-01
7.168604E-01
6.871843E-01
6.718548E-01
7.256909E-01
1.000000E+00
7.440653E-01
6.555548E-01
6.388766E-01
6.718548E-01
7.288690E-01
6.555548E-01
6.555548E-01
6.250000E-01
6.718548E-01
8.498366E-01
6.285394E-01
7.071068E-01
6.250000E-01
7.168604E-01
0.000000E+00
7.453560E-01
6.555548E-01
8.000000E-01
6.403124E-01
6.555548E-01
7.034898E-01
6.403124E-01
6.388766E-01
7.168604E-01
6.403124E-01
6.388766E-01
6.871843E-01
7.315437E-01
6.718548E-01
7.168604E-01
6.285394E-01
1.000000E+00
6.285394E-01
6.250000E-01
8.031005E-01
7.693093E-01
7.453560E-01
6.863753E-01
7.180327E-01
7.034898E-01
7.034898E-01
6.863753E-01
6.871843E-01
8.031005E-01
7.080855E-01
6.863753E-01
7.180327E-01
8.498366E-01
7.114582E-01
6.706914E-01
1.000000E+00
7.130965E-01
6.760409E-01
8.031005E-01
7.114582E-01
7.682954E-01
7.180327E-01
7.180327E-01
7.693093E-01
6.250000E-01
9.000000E-01
7.453560E-01
7.034898E-01
7.693093E-01
6.289321E-01
7.453560E-01
0.000000E+00
6.760409E-01
9.136251E-01
7.288690E-01
7.180327E-01
7.071068E-01
7.288690E-01
8.031005E-01
6.289321E-01
7.288690E-01
8.031005E-01
8.498366E-01
6.403124E-01
7.114582E-01
6.289321E-01
7.453560E-01
1.000000E+00
7.453560E-01
7.693093E-01
7.615773E-01
6.708204E-01
6.555548E-01
7.091957E-01
5.892557E-01
7.168604E-01
7.168604E-01
5.821022E-01
7.329325E-01
6.373774E-01
6.666667E-01
7.091957E-01
7.071068E-01
7.603453E-01
6.007884E-01
6.585389E-01
1.000000E+00
7.061267E-01
6.527140E-01
7.027284E-01
6.007884E-01
7.615773E-01
5.892557E-01
5.892557E-01
5.983516E-01
6.585389E-01
8.838835E-01
5.830952E-01
7.168604E-01
6.708204E-01
6.527140E-01
6.555548E-01
6.760409E-01
0.000000E+00
8.571429E-01
6.508541E-01
6.527140E-01
6.760409E-01
6.508541E-01
7.027284E-01
7.071068E-01
6.508541E-01
7.027284E-01
7.603453E-01
6.576671E-01
6.585389E-01
6.527140E-01
5.830952E-01
1.000000E+00
6.555548E-01
6.708204E-01
7.905694E-01
7.500000E-01
8.000000E-01
8.689661E-01
8.571429E-01
8.498366E-01
8.498366E-01
8.333333E-01
8.246211E-01
6.666667E-01
8.888889E-01
8.689661E-01
8.838835E-01
5.000000E-01
8.750000E-01
8.958064E-01
1.000000E+00
9.230769E-01
8.571429E-01
6.666667E-01
8.750000E-01
7.905694E-01
8.571429E-01
8.571429E-01
7.500000E-01
8.750000E-01
7.071068E-01
8.000000E-01
8.498366E-01
7.500000E-01
8.838835E-01
8.000000E-01
9.136251E-01
8.571429E-01
0.000000E+00
8.333333E-01
8.571429E-01
9.000000E-01
8.333333E-01
6.666667E-01
8.838835E-01
8.333333E-01
6.666667E-01
5.000000E-01
9.166667E-01
8.750000E-01
8.838835E-01
8.000000E-01
1.000000E+00
8.000000E-01
7.500000E-01
6.731456E-01
6.478835E-01
6.403124E-01
6.428243E-01
6.508541E-01
6.403124E-01
7.100227E-01
6.428243E-01
6.478835E-01
6.731456E-01
6.738558E-01
7.071068E-01
7.091957E-01
7.284314E-01
6.617173E-01
7.142857E-01
1.000000E+00
7.222222E-01
6.508541E-01
6.731456E-01
6.617173E-01
7.453560E-01
6.508541E-01
6.508541E-01
6.478835E-01
6.617173E-01
8.689661E-01
6.403124E-01
7.100227E-01
6.478835E-01
7.091957E-01
6.403124E-01
7.288690E-01
6.508541E-01
8.333333E-01
0.000000E+00
6.508541E-01
6.863753E-01
5.656854E-01
6.731456E-01
7.091957E-01
6.428243E-01
6.731456E-01
7.284314E-01
7.107674E-01
6.617173E-01
7.091957E-01
6.403124E-01
1.000000E+00
6.403124E-01
6.478835E-01
7.615773E-01
6.708204E-01
6.555548E-01
7.091957E-01
6.527140E-01
7.168604E-01
7.168604E-01
6.508541E-01
7.329325E-01
7.027284E-01
6.666667E-01
7.091957E-01
7.071068E-01
7.603453E-01
6.007884E-01
7.086764E-01
1.000000E+00
7.061267E-01
5.892557E-01
7.027284E-01
6.585389E-01
7.615773E-01
6.527140E-01
6.527140E-01
6.708204E-01
6.585389E-01
8.838835E-01
6.555548E-01
7.168604E-01
6.708204E-01
7.071068E-01
6.555548E-01
7.180327E-01
6.527140E-01
8.571429E-01
6.508541E-01
0.000000E+00
5.758756E-01
6.508541E-01
7.027284E-01
7.071068E-01
6.508541E-01
7.027284E-01
7.603453E-01
6.961091E-01
6.585389E-01
6.527140E-01
6.555548E-01
1.000000E+00
6.555548E-01
6.708204E-01
8.031005E-01
7.297564E-01
7.034898E-01
7.288690E-01
6.289321E-01
7.453560E-01
7.453560E-01
6.863753E-01
7.693093E-01
7.682954E-01
6.689775E-01
6.388766E-01
7.180327E-01
8.232168E-01
6.250000E-01
7.114582E-01
1.000000E+00
6.818182E-01
6.289321E-01
7.682954E-01
6.706914E-01
8.031005E-01
6.760409E-01
6.289321E-01
6.871843E-01
6.706914E-01
9.136251E-01
6.572311E-01
7.453560E-01
7.297564E-01
7.180327E-01
7.034898E-01
7.071068E-01
6.760409E-01
9.000000E-01
6.863753E-01
5.758756E-01
0.000000E+00
6.863753E-01
7.682954E-01
6.760409E-01
6.863753E-01
7.682954E-01
8.232168E-01
6.767938E-01
6.706914E-01
6.760409E-01
7.034898E-01
1.000000E+00
7.034898E-01
7.297564E-01
6.731456E-01
6.478835E-01
6.403124E-01
6.428243E-01
6.508541E-01
5.555556E-01
7.100227E-01
6.428243E-01
6.478835E-01
6.731456E-01
6.738558E-01
7.071068E-01
6.508541E-01
7.284314E-01
6.617173E-01
6.617173E-01
1.000000E+00
7.222222E-01
6.508541E-01
6.731456E-01
6.617173E-01
7.453560E-01
6.508541E-01
6.508541E-01
6.478835E-01
6.617173E-01
8.689661E-01
6.403124E-01
7.100227E-01
6.478835E-01
7.091957E-01
6.403124E-01
7.288690E-01
6.508541E-01
8.333333E-01
5.656854E-01
6.508541E-01
6.863753E-01
0.000000E+00
6.731456E-01
7.091957E-01
6.428243E-01
6.731456E-01
7.284314E-01
7.107674E-01
6.617173E-01
7.091957E-01
6.403124E-01
1.000000E+00
6.403124E-01
6.478835E-01
7.071068E-01
6.009252E-01
6.388766E-01
7.453560E-01
7.027284E-01
7.288690E-01
7.288690E-01
6.731456E-01
7.142857E-01
5.656854E-01
7.496556E-01
7.453560E-01
7.615773E-01
5.590170E-01
7.280110E-01
7.767276E-01
1.000000E+00
8.110350E-01
7.027284E-01
5.656854E-01
7.280110E-01
7.071068E-01
7.027284E-01
7.027284E-01
6.009252E-01
7.280110E-01
7.905694E-01
6.388766E-01
7.288690E-01
4.472136E-01
7.615773E-01
6.388766E-01
8.031005E-01
7.027284E-01
6.666667E-01
6.731456E-01
7.027284E-01
7.682954E-01
6.731456E-01
0.000000E+00
7.615773E-01
6.731456E-01
5.656854E-01
5.590170E-01
7.985957E-01
7.280110E-01
7.615773E-01
6.388766E-01
1.000000E+00
6.388766E-01
6.009252E-01
7.615773E-01
7.329325E-01
7.168604E-01
6.508541E-01
6.527140E-01
6.555548E-01
6.555548E-01
7.091957E-01
6.708204E-01
7.615773E-01
7.126096E-01
5.821022E-01
7.071068E-01
8.089011E-01
7.086764E-01
6.007884E-01
1.000000E+00
7.061267E-01
7.071068E-01
7.615773E-01
7.086764E-01
7.027284E-01
7.071068E-01
7.071068E-01
7.329325E-01
7.086764E-01
8.571429E-01
7.168604E-01
6.555548E-01
7.329325E-01
6.527140E-01
7.168604E-01
6.289321E-01
7.071068E-01
8.838835E-01
7.091957E-01
7.071068E-01
6.760409E-01
7.091957E-01
7.615773E-01
0.000000E+00
7.091957E-01
7.615773E-01
8.089011E-01
7.311813E-01
7.086764E-01
6.527140E-01
7.168604E-01
1.000000E+00
7.168604E-01
7.329325E-01
7.453560E-01
6.478835E-01
6.403124E-01
7.071068E-01
6.508541E-01
7.100227E-01
7.100227E-01
6.428243E-01
7.211103E-01
6.731456E-01
6.738558E-01
7.071068E-01
7.091957E-01
7.284314E-01
6.009252E-01
7.142857E-01
1.000000E+00
7.222222E-01
6.508541E-01
6.731456E-01
6.617173E-01
6.731456E-01
6.508541E-01
6.508541E-01
6.478835E-01
6.617173E-01
8.689661E-01
6.403124E-01
7.100227E-01
6.478835E-01
7.091957E-01
6.403124E-01
7.288690E-01
6.508541E-01
8.333333E-01
6.428243E-01
6.508541E-01
6.863753E-01
6.428243E-01
6.731456E-01
7.091957E-01
0.000000E+00
6.731456E-01
7.284314E-01
5.890151E-01
6.617173E-01
7.091957E-01
6.403124E-01
1.000000E+00
6.403124E-01
6.478835E-01
7.071068E-01
6.009252E-01
6.388766E-01
7.453560E-01
7.027284E-01
7.288690E-01
7.288690E-01
6.731456E-01
7.142857E-01
5.656854E-01
7.071068E-01
7.453560E-01
7.615773E-01
5.590170E-01
7.280110E-01
7.767276E-01
1.000000E+00
8.110350E-01
7.027284E-01
5.656854E-01
7.280110E-01
7.071068E-01
7.027284E-01
7.027284E-01
6.009252E-01
7.280110E-01
7.905694E-01
6.388766E-01
7.288690E-01
6.009252E-01
7.615773E-01
6.388766E-01
8.031005E-01
7.027284E-01
6.666667E-01
6.731456E-01
7.027284E-01
7.682954E-01
6.731456E-01
5.656854E-01
7.615773E-01
6.731456E-01
0.000000E+00
5.590170E-01
7.985957E-01
7.280110E-01
7.615773E-01
6.388766E-01
1.000000E+00
6.388766E-01
6.009252E-01
7.211103E-01
6.324555E-01
6.871843E-01
7.905694E-01
7.603453E-01
7.693093E-01
7.693093E-01
7.284314E-01
7.453560E-01
5.590170E-01
8.062258E-01
7.905694E-01
8.089011E-01
4.714045E-01
7.856742E-01
8.246211E-01
1.000000E+00
8.601139E-01
7.603453E-01
5.590170E-01
7.856742E-01
7.211103E-01
7.603453E-01
7.603453E-01
6.324555E-01
7.856742E-01
7.453560E-01
6.871843E-01
7.693093E-01
6.324555E-01
8.089011E-01
6.871843E-01
8.498366E-01
7.603453E-01
5.000000E-01
7.284314E-01
7.603453E-01
8.232168E-01
7.284314E-01
5.590170E-01
8.089011E-01
7.284314E-01
5.590170E-01
0.000000E+00
8.496432E-01
7.856742E-01
8.089011E-01
6.871843E-01
1.000000E+00
6.871843E-01
6.324555E-01
8.246211E-01
7.601170E-01
7.315437E-01
7.453560E-01
6.961091E-01
7.647059E-01
7.647059E-01
6.731456E-01
7.905694E-01
7.985957E-01
6.800735E-01
7.453560E-01
6.961091E-01
8.496432E-01
6.478835E-01
7.211103E-01
1.000000E+00
6.463508E-01
6.961091E-01
7.985957E-01
6.862318E-01
7.985957E-01
6.961091E-01
6.961091E-01
7.601170E-01
6.056253E-01
9.262765E-01
7.315437E-01
7.647059E-01
7.601170E-01
6.961091E-01
7.315437E-01
6.403124E-01
6.576671E-01
9.166667E-01
7.107674E-01
6.961091E-01
6.767938E-01
7.107674E-01
7.985957E-01
7.311813E-01
5.890151E-01
7.985957E-01
8.496432E-01
0.000000E+00
6.862318E-01
6.961091E-01
7.315437E-01
1.000000E+00
7.315437E-01
7.601170E-01
7.767276E-01
6.923430E-01
6.098367E-01
6.617173E-01
6.585389E-01
7.256909E-01
7.256909E-01
6.617173E-01
7.453560E-01
7.280110E-01
6.643841E-01
7.142857E-01
7.086764E-01
7.856742E-01
6.060915E-01
6.599663E-01
1.000000E+00
6.946222E-01
6.007884E-01
6.758625E-01
6.599663E-01
7.767276E-01
6.007884E-01
6.585389E-01
6.923430E-01
6.599663E-01
8.958064E-01
6.718548E-01
7.256909E-01
6.324555E-01
7.086764E-01
6.718548E-01
7.114582E-01
6.585389E-01
8.750000E-01
6.617173E-01
6.585389E-01
6.706914E-01
6.617173E-01
7.280110E-01
7.086764E-01
6.617173E-01
7.280110E-01
7.856742E-01
6.862318E-01
0.000000E+00
7.086764E-01
6.718548E-01
1.000000E+00
6.718548E-01
6.923430E-01
7.615773E-01
7.329325E-01
7.168604E-01
6.508541E-01
7.071068E-01
6.555548E-01
6.555548E-01
6.508541E-01
6.708204E-01
7.615773E-01
7.126096E-01
6.508541E-01
7.071068E-01
8.089011E-01
6.585389E-01
6.585389E-01
1.000000E+00
7.382412E-01
6.527140E-01
7.615773E-01
7.086764E-01
7.027284E-01
7.071068E-01
7.071068E-01
7.329325E-01
7.086764E-01
8.571429E-01
7.168604E-01
6.555548E-01
7.329325E-01
5.892557E-01
7.168604E-01
6.289321E-01
6.527140E-01
8.838835E-01
7.091957E-01
6.527140E-01
6.760409E-01
7.091957E-01
7.615773E-01
6.527140E-01
7.091957E-01
7.615773E-01
8.089011E-01
6.961091E-01
7.086764E-01
0.000000E+00
7.168604E-01
1.000000E+00
7.168604E-01
7.329325E-01
7.288690E-01
5.150788E-01
6.285394E-01
7.100227E-01
6.555548E-01
7.071068E-01
7.071068E-01
6.403124E-01
7.114582E-01
6.388766E-01
6.880209E-01
7.100227E-01
7.168604E-01
6.871843E-01
6.718548E-01
7.256909E-01
1.000000E+00
7.440653E-01
6.555548E-01
6.388766E-01
6.098367E-01
7.288690E-01
6.555548E-01
6.555548E-01
6.250000E-01
6.718548E-01
8.498366E-01
6.285394E-01
7.071068E-01
6.250000E-01
7.168604E-01
6.285394E-01
7.453560E-01
5.830952E-01
8.000000E-01
6.403124E-01
6.555548E-01
7.034898E-01
6.403124E-01
6.388766E-01
7.168604E-01
6.403124E-01
6.388766E-01
6.871843E-01
7.315437E-01
6.718548E-01
7.168604E-01
0.000000E+00
1.000000E+00
6.285394E-01
6.250000E-01
1.000000E+00
1.000000E+00
1.000000E+00
1.000000E+00
1.000000E+00
1.000000E+00
1.000000E+00
1.000000E+00
1.000000E+00
1.000000E+00
1.000000E+00
1.000000E+00
1.000000E+00
1.000000E+00
1.000000E+00
1.000000E+00
0.000000E+00
1.000000E+00
1.000000E+00
1.000000E+00
1.000000E+00
1.000000E+00
1.000000E+00
1.000000E+00
1.000000E+00
1.000000E+00
1.000000E+00
1.000000E+00
1.000000E+00
1.000000E+00
1.000000E+00
1.000000E+00
1.000000E+00
1.000000E+00
1.000000E+00
1.000000E+00
1.000000E+00
1.000000E+00
1.000000E+00
1.000000E+00
1.000000E+00
1.000000E+00
1.000000E+00
1.000000E+00
1.000000E+00
1.000000E+00
1.000000E+00
1.000000E+00
0.000000E+00
1.000000E+00
1.000000E+00
7.288690E-01
6.250000E-01
6.285394E-01
7.100227E-01
4.969040E-01
7.071068E-01
7.071068E-01
6.403124E-01
7.114582E-01
6.388766E-01
6.880209E-01
7.100227E-01
7.168604E-01
6.871843E-01
6.718548E-01
7.256909E-01
1.000000E+00
7.440653E-01
6.555548E-01
6.388766E-01
6.718548E-01
7.288690E-01
6.555548E-01
6.555548E-01
6.250000E-01
6.718548E-01
8.498366E-01
6.285394E-01
7.071068E-01
6.250000E-01
7.168604E-01
6.285394E-01
7.453560E-01
6.555548E-01
8.000000E-01
6.403124E-01
6.555548E-01
7.034898E-01
6.403124E-01
6.388766E-01
7.168604E-01
6.403124E-01
6.388766E-01
6.871843E-01
7.315437E-01
6.718548E-01
7.168604E-01
6.285394E-01
1.000000E+00
0.000000E+00
6.250000E-01
7.142857E-01
6.060915E-01
6.250000E-01
7.211103E-01
6.708204E-01
7.114582E-01
7.114582E-01
6.478835E-01
6.060915E-01
6.009252E-01
7.120003E-01
7.211103E-01
7.329325E-01
6.324555E-01
6.923430E-01
7.453560E-01
1.000000E+00
7.730823E-01
6.708204E-01
6.009252E-01
6.923430E-01
7.142857E-01
6.708204E-01
5.983516E-01
4.714045E-01
6.923430E-01
8.246211E-01
6.250000E-01
7.114582E-01
6.060915E-01
7.329325E-01
6.250000E-01
7.693093E-01
6.708204E-01
7.500000E-01
6.478835E-01
6.708204E-01
7.297564E-01
6.478835E-01
6.009252E-01
7.329325E-01
6.478835E-01
6.009252E-01
6.324555E-01
7.601170E-01
6.923430E-01
7.329325E-01
6.250000E-01
1.000000E+00
6.250000E-01
0.000000E+00
