7.100227E-01
7.100227E-01
8.000000E-01
7.453560E-01
7.693093E-01
1.000000E+00
6.388766E-01
7.693093E-01
7.100227E-01
7.693093E-01
7.168604E-01
1.000000E+00
1.000000E+00
8.000000E-01
5.830952E-01
8.498366E-01
7.693093E-01
1.000000E+00
6.250000E-01
7.288690E-01
1.000000E+00
8.000000E-01
6.388766E-01
6.871843E-01
1.000000E+00
7.114582E-01
8.498366E-01
7.288690E-01
7.256909E-01
8.498366E-01
7.315437E-01
7.453560E-01
7.071068E-01
6.871843E-01
7.453560E-01
6.250000E-01
6.388766E-01
7.071068E-01
1.000000E+00
7.288690E-01
6.403124E-01
7.256909E-01
7.647059E-01
7.100227E-01
6.285394E-01
6.388766E-01
6.250000E-01
7.071068E-01
8.498366E-01
8.498366E-01
8.000000E-01
7.288690E-01
7.168604E-01
8.498366E-01
7.693093E-01
8.281733E-01
7.256909E-01
5.830952E-01
7.905694E-01
7.853535E-01
6.880209E-01
6.403124E-01
7.556373E-01
7.693093E-01
7.354022E-01
6.403124E-01
7.938295E-01
1.000000E+00
7.693093E-01
8.610165E-01
7.168604E-01
6.388766E-01
7.693093E-01
6.403124E-01
7.180220E-01
7.256909E-01
7.693093E-01
7.693093E-01
0.000000E+00
6.428243E-01
8.689661E-01
6.863753E-01
7.284314E-01
1.000000E+00
7.453560E-01
7.284314E-01
5.656854E-01
7.284314E-01
5.821022E-01
1.000000E+00
1.000000E+00
8.689661E-01
7.091957E-01
8.333333E-01
7.284314E-01
1.000000E+00
5.590170E-01
6.731456E-01
1.000000E+00
8.689661E-01
7.453560E-01
7.284314E-01
1.000000E+00
5.590170E-01
8.333333E-01
6.731456E-01
6.009252E-01
8.333333E-01
7.453560E-01
6.863753E-01
6.403124E-01
7.905694E-01
6.388766E-01
5.590170E-01
7.453560E-01
5.555556E-01
1.000000E+00
5.890151E-01
6.428243E-01
6.009252E-01
6.324555E-01
5.656854E-01
7.100227E-01
6.731456E-01
7.211103E-01
5.555556E-01
8.333333E-01
8.333333E-01
8.689661E-01
5.890151E-01
6.508541E-01
8.333333E-01
7.284314E-01
8.196458E-01
6.617173E-01
6.508541E-01
7.158669E-01
7.838155E-01
7.211103E-01
7.071068E-01
7.615773E-01
6.666667E-01
6.738558E-01
7.071068E-01
7.905694E-01
1.000000E+00
6.666667E-01
8.318903E-01
6.508541E-01
6.731456E-01
7.284314E-01
6.428243E-01
7.370567E-01
6.009252E-01
6.666667E-01
7.284314E-01
6.428243E-01
0.000000E+00
8.689661E-01
5.858287E-01
7.284314E-01
1.000000E+00
7.453560E-01
7.905694E-01
6.428243E-01
7.284314E-01
5.821022E-01
1.000000E+00
1.000000E+00
8.689661E-01
7.091957E-01
8.333333E-01
7.284314E-01
1.000000E+00
7.211103E-01
6.731456E-01
1.000000E+00
8.689661E-01
7.453560E-01
7.905694E-01
1.000000E+00
6.478835E-01
8.333333E-01
6.731456E-01
6.617173E-01
8.333333E-01
6.731456E-01
6.863753E-01
7.100227E-01
7.905694E-01
6.863753E-01
7.211103E-01
7.453560E-01
6.403124E-01
1.000000E+00
6.731456E-01
7.071068E-01
6.617173E-01
7.107674E-01
6.428243E-01
7.100227E-01
7.453560E-01
7.211103E-01
6.403124E-01
8.333333E-01
8.333333E-01
8.689661E-01
6.731456E-01
6.508541E-01
8.333333E-01
7.284314E-01
8.057510E-01
6.617173E-01
6.508541E-01
7.158669E-01
7.619570E-01
7.211103E-01
7.071068E-01
7.330731E-01
7.284314E-01
6.738558E-01
7.071068E-01
7.704367E-01
1.000000E+00
7.284314E-01
8.149003E-01
5.821022E-01
7.453560E-01
7.284314E-01
7.071068E-01
7.370567E-01
6.009252E-01
7.284314E-01
7.284314E-01
8.689661E-01
8.689661E-01
0.000000E+00
9.136251E-01
7.453560E-01
1.000000E+00
6.666667E-01
7.453560E-01
8.689661E-01
7.453560E-01
8.838835E-01
1.000000E+00
1.000000E+00
0.000000E+00
8.571429E-01
7.071068E-01
7.453560E-01
1.000000E+00
7.500000E-01
7.905694E-01
1.000000E+00
0.000000E+00
6.666667E-01
5.000000E-01
1.000000E+00
8.246211E-01
7.071068E-01
7.905694E-01
8.958064E-01
7.071068E-01
9.166667E-01
9.136251E-01
8.498366E-01
5.000000E-01
9.136251E-01
7.500000E-01
6.666667E-01
8.498366E-01
1.000000E+00
7.905694E-01
8.333333E-01
8.958064E-01
9.262765E-01
8.689661E-01
8.000000E-01
6.666667E-01
7.500000E-01
8.498366E-01
7.071068E-01
7.071068E-01
0.000000E+00
7.905694E-01
8.838835E-01
7.071068E-01
7.453560E-01
9.565217E-01
8.958064E-01
8.571429E-01
9.395810E-01
9.411765E-01
8.888889E-01
8.333333E-01
9.285714E-01
7.453560E-01
9.055385E-01
8.333333E-01
9.444444E-01
1.000000E+00
7.453560E-01
9.682794E-01
8.838835E-01
6.666667E-01
7.453560E-01
8.333333E-01
9.090909E-01
8.958064E-01
7.453560E-01
7.453560E-01
6.863753E-01
5.858287E-01
9.136251E-01
0.000000E+00
8.232168E-01
1.000000E+00
8.031005E-01
8.498366E-01
6.863753E-01
8.232168E-01
6.289321E-01
1.000000E+00
1.000000E+00
9.136251E-01
7.180327E-01
9.000000E-01
8.232168E-01
1.000000E+00
7.693093E-01
7.682954E-01
1.000000E+00
9.136251E-01
8.031005E-01
8.498366E-01
1.000000E+00
7.297564E-01
9.000000E-01
7.682954E-01
6.706914E-01
9.000000E-01
6.403124E-01
6.285394E-01
7.453560E-01
8.498366E-01
6.698906E-01
7.693093E-01
8.031005E-01
7.034898E-01
1.000000E+00
7.682954E-01
7.288690E-01
6.706914E-01
6.767938E-01
6.863753E-01
7.453560E-01
8.031005E-01
7.693093E-01
7.034898E-01
9.000000E-01
9.000000E-01
9.136251E-01
7.682954E-01
6.760409E-01
9.000000E-01
8.232168E-01
7.428040E-01
6.706914E-01
7.180327E-01
6.934715E-01
7.060600E-01
7.080855E-01
7.288690E-01
6.874517E-01
8.232168E-01
6.689775E-01
6.863753E-01
7.124216E-01
1.000000E+00
8.232168E-01
7.538554E-01
6.760409E-01
8.031005E-01
8.232168E-01
7.288690E-01
7.079080E-01
6.706914E-01
8.232168E-01
8.232168E-01
7.284314E-01
7.284314E-01
7.453560E-01
8.232168E-01
0.000000E+00
1.000000E+00
7.211103E-01
7.071068E-01
7.284314E-01
4.714045E-01
7.603453E-01
1.000000E+00
1.000000E+00
7.453560E-01
8.089011E-01
5.000000E-01
4.714045E-01
1.000000E+00
7.453560E-01
5.590170E-01
1.000000E+00
7.453560E-01
7.211103E-01
7.071068E-01
1.000000E+00
6.324555E-01
5.000000E-01
5.590170E-01
7.856742E-01
5.000000E-01
8.689661E-01
8.232168E-01
7.693093E-01
7.071068E-01
8.232168E-01
7.453560E-01
7.211103E-01
6.871843E-01
1.000000E+00
5.590170E-01
7.905694E-01
7.856742E-01
8.496432E-01
7.284314E-01
7.693093E-01
7.211103E-01
7.453560E-01
6.871843E-01
5.000000E-01
5.000000E-01
7.453560E-01
5.590170E-01
7.603453E-01
5.000000E-01
4.714045E-01
9.234717E-01
7.856742E-01
8.089011E-01
8.772293E-01
8.906233E-01
8.381404E-01
7.905694E-01
8.838835E-01
4.714045E-01
8.062258E-01
7.905694E-01
9.055385E-01
1.000000E+00
4.714045E-01
9.360399E-01
7.603453E-01
7.211103E-01
4.714045E-01
7.905694E-01
8.600261E-01
7.856742E-01
4.714045E-01
4.714045E-01
1.000000E+00
1.000000E+00
1.000000E+00
1.000000E+00
1.000000E+00
0.000000E+00
1.000000E+00
1.000000E+00
1.000000E+00
1.000000E+00
1.000000E+00
0.000000E+00
0.000000E+00
1.000000E+00
1.000000E+00
1.000000E+00
1.000000E+00
0.000000E+00
1.000000E+00
1.000000E+00
0.000000E+00
1.000000E+00
1.000000E+00
1.000000E+00
0.000000E+00
1.000000E+00
1.000000E+00
1.000000E+00
1.000000E+00
1.000000E+00
1.000000E+00
1.000000E+00
1.000000E+00
1.000000E+00
1.000000E+00
1.000000E+00
1.000000E+00
1.000000E+00
0.000000E+00
1.000000E+00
1.000000E+00
1.000000E+00
1.000000E+00
1.000000E+00
1.000000E+00
1.000000E+00
1.000000E+00
1.000000E+00
1.000000E+00
1.000000E+00
1.000000E+00
1.000000E+00
1.000000E+00
1.000000E+00
1.000000E+00
1.000000E+00
1.000000E+00
1.000000E+00
1.000000E+00
1.000000E+00
1.000000E+00
1.000000E+00
1.000000E+00
1.000000E+00
1.000000E+00
1.000000E+00
1.000000E+00
0.000000E+00
1.000000E+00
1.000000E+00
1.000000E+00
1.000000E+00
1.000000E+00
1.000000E+00
1.000000E+00
1.000000E+00
1.000000E+00
1.000000E+00
7.453560E-01
7.453560E-01
6.666667E-01
8.031005E-01
7.211103E-01
1.000000E+00
0.000000E+00
7.211103E-01
7.453560E-01
7.211103E-01
7.615773E-01
1.000000E+00
1.000000E+00
6.666667E-01
7.027284E-01
7.905694E-01
7.211103E-01
1.000000E+00
6.009252E-01
7.071068E-01
1.000000E+00
6.666667E-01
5.656854E-01
5.590170E-01
1.000000E+00
7.142857E-01
7.905694E-01
7.071068E-01
7.767276E-01
7.905694E-01
7.985957E-01
8.031005E-01
7.288690E-01
5.590170E-01
8.031005E-01
6.009252E-01
5.656854E-01
7.288690E-01
1.000000E+00
7.071068E-01
6.731456E-01
7.767276E-01
8.246211E-01
7.453560E-01
6.388766E-01
5.656854E-01
6.009252E-01
7.288690E-01
7.905694E-01
7.905694E-01
6.666667E-01
7.071068E-01
7.615773E-01
7.905694E-01
7.211103E-01
8.836289E-01
7.767276E-01
7.027284E-01
8.498366E-01
8.486587E-01
7.496556E-01
6.731456E-01
8.220592E-01
7.211103E-01
7.905694E-01
6.731456E-01
8.558621E-01
1.000000E+00
7.211103E-01
9.136251E-01
7.615773E-01
5.656854E-01
7.211103E-01
6.731456E-01
7.844645E-01
7.767276E-01
7.211103E-01
7.211103E-01
7.284314E-01
7.905694E-01
7.453560E-01
8.498366E-01
7.071068E-01
1.000000E+00
7.211103E-01
0.000000E+00
7.905694E-01
7.071068E-01
8.089011E-01
1.000000E+00
1.000000E+00
7.453560E-01
8.089011E-01
7.453560E-01
7.071068E-01
1.000000E+00
6.324555E-01
7.211103E-01
1.000000E+00
7.453560E-01
7.211103E-01
4.714045E-01
1.000000E+00
7.453560E-01
7.453560E-01
7.211103E-01
8.246211E-01
7.453560E-01
8.689661E-01
8.498366E-01
7.693093E-01
7.071068E-01
8.498366E-01
6.324555E-01
7.211103E-01
7.693093E-01
1.000000E+00
7.211103E-01
7.284314E-01
8.246211E-01
8.689661E-01
7.905694E-01
7.693093E-01
5.590170E-01
7.453560E-01
7.693093E-01
7.453560E-01
7.453560E-01
7.453560E-01
5.590170E-01
8.089011E-01
7.453560E-01
7.071068E-01
9.234717E-01
8.246211E-01
8.089011E-01
8.901615E-01
9.009075E-01
8.381404E-01
7.905694E-01
8.838835E-01
7.071068E-01
8.381404E-01
7.905694E-01
9.055385E-01
1.000000E+00
4.714045E-01
9.395810E-01
8.089011E-01
5.590170E-01
7.071068E-01
7.905694E-01
8.600261E-01
8.246211E-01
7.071068E-01
7.071068E-01
5.656854E-01
6.428243E-01
8.689661E-01
6.863753E-01
7.284314E-01
1.000000E+00
7.453560E-01
7.905694E-01
0.000000E+00
7.284314E-01
6.508541E-01
1.000000E+00
1.000000E+00
8.689661E-01
7.091957E-01
8.333333E-01
7.284314E-01
1.000000E+00
7.211103E-01
6.731456E-01
1.000000E+00
8.689661E-01
7.453560E-01
7.905694E-01
1.000000E+00
6.478835E-01
8.333333E-01
6.731456E-01
6.617173E-01
8.333333E-01
7.453560E-01
6.863753E-01
7.100227E-01
7.905694E-01
6.388766E-01
7.211103E-01
7.453560E-01
5.555556E-01
1.000000E+00
6.731456E-01
7.071068E-01
6.617173E-01
6.731456E-01
6.428243E-01
7.100227E-01
7.453560E-01
7.211103E-01
6.403124E-01
8.333333E-01
8.333333E-01
8.689661E-01
6.731456E-01
6.508541E-01
8.333333E-01
7.284314E-01
8.196458E-01
6.617173E-01
6.508541E-01
7.158669E-01
7.838155E-01
7.211103E-01
7.071068E-01
7.615773E-01
7.284314E-01
6.738558E-01
7.071068E-01
7.905694E-01
1.000000E+00
7.284314E-01
8.407965E-01
6.508541E-01
7.453560E-01
7.284314E-01
7.071068E-01
7.370567E-01
6.617173E-01
7.284314E-01
7.284314E-01
7.284314E-01
7.284314E-01
7.453560E-01
8.232168E-01
4.714045E-01
1.000000E+00
7.211103E-01
7.071068E-01
7.284314E-01
0.000000E+00
7.603453E-01
1.000000E+00
1.000000E+00
7.453560E-01
8.089011E-01
5.000000E-01
4.714045E-01
1.000000E+00
7.453560E-01
5.590170E-01
1.000000E+00
7.453560E-01
7.211103E-01
7.071068E-01
1.000000E+00
6.324555E-01
5.000000E-01
5.590170E-01
7.856742E-01
5.000000E-01
8.689661E-01
8.232168E-01
7.693093E-01
7.071068E-01
8.232168E-01
7.453560E-01
7.211103E-01
6.871843E-01
1.000000E+00
5.590170E-01
7.905694E-01
7.856742E-01
8.496432E-01
7.284314E-01
7.693093E-01
7.211103E-01
7.453560E-01
6.871843E-01
5.000000E-01
5.000000E-01
7.453560E-01
5.590170E-01
7.603453E-01
5.000000E-01
4.714045E-01
9.234717E-01
7.856742E-01
8.089011E-01
8.772293E-01
9.009075E-01
8.381404E-01
7.905694E-01
8.838835E-01
4.714045E-01
8.062258E-01
7.905694E-01
9.055385E-01
1.000000E+00
4.714045E-01
9.360399E-01
7.603453E-01
7.211103E-01
4.714045E-01
7.905694E-01
8.600261E-01
7.856742E-01
4.714045E-01
4.714045E-01
5.821022E-01
5.821022E-01
8.838835E-01
6.289321E-01
7.603453E-01
1.000000E+00
7.615773E-01
8.089011E-01
6.508541E-01
7.603453E-01
0.000000E+00
1.000000E+00
1.000000E+00
8.838835E-01
7.071068E-01
8.571429E-01
7.603453E-01
1.000000E+00
7.329325E-01
7.027284E-01
1.000000E+00
8.838835E-01
7.615773E-01
8.089011E-01
1.000000E+00
5.983516E-01
8.571429E-01
7.027284E-01
6.007884E-01
8.571429E-01
6.961091E-01
6.760409E-01
6.555548E-01
8.089011E-01
6.760409E-01
7.329325E-01
7.615773E-01
6.555548E-01
1.000000E+00
6.373774E-01
7.091957E-01
6.007884E-01
6.961091E-01
5.821022E-01
7.168604E-01
7.615773E-01
7.329325E-01
6.555548E-01
8.571429E-01
8.571429E-01
8.838835E-01
7.027284E-01
6.527140E-01
8.571429E-01
7.603453E-01
7.863279E-01
6.585389E-01
7.071068E-01
7.253117E-01
7.660323E-01
7.126096E-01
7.091957E-01
7.158911E-01
7.603453E-01
6.666667E-01
7.091957E-01
7.288285E-01
1.000000E+00
7.603453E-01
8.027849E-01
6.527140E-01
7.615773E-01
7.603453E-01
6.508541E-01
7.243558E-01
6.007884E-01
7.603453E-01
7.603453E-01
1.000000E+00
1.000000E+00
1.000000E+00
1.000000E+00
1.000000E+00
0.000000E+00
1.000000E+00
1.000000E+00
1.000000E+00
1.000000E+00
1.000000E+00
0.000000E+00
0.000000E+00
1.000000E+00
1.000000E+00
1.000000E+00
1.000000E+00
0.000000E+00
1.000000E+00
1.000000E+00
0.000000E+00
1.000000E+00
1.000000E+00
1.000000E+00
0.000000E+00
1.000000E+00
1.000000E+00
1.000000E+00
1.000000E+00
1.000000E+00
1.000000E+00
1.000000E+00
1.000000E+00
1.000000E+00
1.000000E+00
1.000000E+00
1.000000E+00
1.000000E+00
0.000000E+00
1.000000E+00
1.000000E+00
1.000000E+00
1.000000E+00
1.000000E+00
1.000000E+00
1.000000E+00
1.000000E+00
1.000000E+00
1.000000E+00
1.000000E+00
1.000000E+00
1.000000E+00
1.000000E+00
1.000000E+00
1.000000E+00
1.000000E+00
1.000000E+00
1.000000E+00
1.000000E+00
1.000000E+00
1.000000E+00
1.000000E+00
1.000000E+00
1.000000E+00
1.000000E+00
1.000000E+00
1.000000E+00
0.000000E+00
1.000000E+00
1.000000E+00
1.000000E+00
1.000000E+00
1.000000E+00
1.000000E+00
1.000000E+00
1.000000E+00
1.000000E+00
1.000000E+00
1.000000E+00
1.000000E+00
1.000000E+00
1.000000E+00
1.000000E+00
0.000000E+00
1.000000E+00
1.000000E+00
1.000000E+00
1.000000E+00
1.000000E+00
0.000000E+00
0.000000E+00
1.000000E+00
1.000000E+00
1.000000E+00
1.000000E+00
0.000000E+00
1.000000E+00
1.000000E+00
0.000000E+00
1.000000E+00
1.000000E+00
1.000000E+00
0.000000E+00
1.000000E+00
1.000000E+00
1.000000E+00
1.000000E+00
1.000000E+00
1.000000E+00
1.000000E+00
1.000000E+00
1.000000E+00
1.000000E+00
1.000000E+00
1.000000E+00
1.000000E+00
0.000000E+00
1.000000E+00
1.000000E+00
1.000000E+00
1.000000E+00
1.000000E+00
1.000000E+00
1.000000E+00
1.000000E+00
1.000000E+00
1.000000E+00
1.000000E+00
1.000000E+00
1.000000E+00
1.000000E+00
1.000000E+00
1.000000E+00
1.000000E+00
1.000000E+00
1.000000E+00
1.000000E+00
1.000000E+00
1.000000E+00
1.000000E+00
1.000000E+00
1.000000E+00
1.000000E+00
1.000000E+00
1.000000E+00
0.000000E+00
1.000000E+00
1.000000E+00
1.000000E+00
1.000000E+00
1.000000E+00
1.000000E+00
1.000000E+00
1.000000E+00
1.000000E+00
1.000000E+00
8.689661E-01
8.689661E-01
0.000000E+00
9.136251E-01
7.453560E-01
1.000000E+00
6.666667E-01
7.453560E-01
8.689661E-01
7.453560E-01
8.838835E-01
1.000000E+00
1.000000E+00
0.000000E+00
8.571429E-01
7.071068E-01
7.453560E-01
1.000000E+00
7.500000E-01
7.905694E-01
1.000000E+00
0.000000E+00
6.666667E-01
5.000000E-01
1.000000E+00
8.246211E-01
7.071068E-01
7.905694E-01
8.958064E-01
7.071068E-01
9.166667E-01
9.136251E-01
8.498366E-01
5.000000E-01
9.136251E-01
7.500000E-01
6.666667E-01
8.498366E-01
1.000000E+00
7.905694E-01
8.333333E-01
8.958064E-01
9.262765E-01
8.689661E-01
8.000000E-01
6.666667E-01
7.500000E-01
8.498366E-01
7.071068E-01
7.071068E-01
0.000000E+00
7.905694E-01
8.838835E-01
7.071068E-01
7.453560E-01
9.565217E-01
8.958064E-01
8.571429E-01
9.395810E-01
9.411765E-01
8.888889E-01
8.333333E-01
9.285714E-01
7.453560E-01
9.055385E-01
8.333333E-01
9.444444E-01
1.000000E+00
7.453560E-01
9.682794E-01
8.838835E-01
6.666667E-01
7.453560E-01
8.333333E-01
9.090909E-01
8.958064E-01
7.453560E-01
7.453560E-01
7.091957E-01
7.091957E-01
8.571429E-01
7.180327E-01
8.089011E-01
1.000000E+00
7.027284E-01
8.089011E-01
7.091957E-01
8.089011E-01
7.071068E-01
1.000000E+00
1.000000E+00
8.571429E-01
0.000000E+00
8.838835E-01
8.089011E-01
1.000000E+00
6.708204E-01
7.615773E-01
1.000000E+00
8.571429E-01
7.027284E-01
7.603453E-01
1.000000E+00
7.329325E-01
8.838835E-01
7.615773E-01
7.086764E-01
8.838835E-01
6.961091E-01
7.180327E-01
7.168604E-01
7.603453E-01
7.180327E-01
6.708204E-01
7.027284E-01
6.555548E-01
1.000000E+00
7.615773E-01
6.508541E-01
7.086764E-01
7.311813E-01
7.091957E-01
6.555548E-01
7.027284E-01
6.708204E-01
6.555548E-01
8.838835E-01
8.838835E-01
8.571429E-01
7.615773E-01
7.071068E-01
8.838835E-01
8.089011E-01
7.863279E-01
7.086764E-01
6.527140E-01
6.657427E-01
7.429568E-01
6.144518E-01
6.508541E-01
7.158911E-01
8.089011E-01
7.126096E-01
6.508541E-01
7.511565E-01
1.000000E+00
8.089011E-01
8.027849E-01
7.071068E-01
7.027284E-01
8.089011E-01
6.508541E-01
6.859943E-01
7.086764E-01
8.089011E-01
8.089011E-01
8.333333E-01
8.333333E-01
7.071068E-01
9.000000E-01
5.000000E-01
1.000000E+00
7.905694E-01
7.453560E-01
8.333333E-01
5.000000E-01
8.571429E-01
1.000000E+00
1.000000E+00
7.071068E-01
8.838835E-01
0.000000E+00
5.000000E-01
1.000000E+00
8.246211E-01
6.666667E-01
1.000000E+00
7.071068E-01
7.905694E-01
7.453560E-01
1.000000E+00
7.500000E-01
0.000000E+00
6.666667E-01
8.750000E-01
0.000000E+00
9.262765E-01
9.000000E-01
8.498366E-01
7.453560E-01
9.000000E-01
8.246211E-01
7.905694E-01
8.000000E-01
1.000000E+00
6.666667E-01
8.689661E-01
8.750000E-01
9.166667E-01
8.333333E-01
8.498366E-01
7.905694E-01
8.246211E-01
8.000000E-01
0.000000E+00
0.000000E+00
7.071068E-01
6.666667E-01
8.571429E-01
0.000000E+00
5.000000E-01
9.592387E-01
8.750000E-01
8.838835E-01
9.333333E-01
9.460770E-01
9.055385E-01
8.689661E-01
9.357113E-01
5.000000E-01
8.888889E-01
8.689661E-01
9.488293E-01
1.000000E+00
5.000000E-01
9.666667E-01
8.571429E-01
7.905694E-01
5.000000E-01
8.689661E-01
9.204468E-01
8.750000E-01
5.000000E-01
5.000000E-01
7.284314E-01
7.284314E-01
7.453560E-01
8.232168E-01
4.714045E-01
1.000000E+00
7.211103E-01
7.071068E-01
7.284314E-01
4.714045E-01
7.603453E-01
1.000000E+00
1.000000E+00
7.453560E-01
8.089011E-01
5.000000E-01
0.000000E+00
1.000000E+00
7.453560E-01
5.590170E-01
1.000000E+00
7.453560E-01
7.211103E-01
7.071068E-01
1.000000E+00
6.324555E-01
5.000000E-01
5.590170E-01
7.856742E-01
5.000000E-01
8.689661E-01
8.232168E-01
7.693093E-01
7.071068E-01
8.232168E-01
7.453560E-01
7.211103E-01
6.871843E-01
1.000000E+00
5.590170E-01
7.905694E-01
7.856742E-01
8.496432E-01
7.284314E-01
7.693093E-01
7.211103E-01
7.453560E-01
6.871843E-01
5.000000E-01
5.000000E-01
7.453560E-01
5.590170E-01
7.603453E-01
5.000000E-01
4.714045E-01
9.234717E-01
7.856742E-01
8.089011E-01
8.772293E-01
9.009075E-01
8.381404E-01
7.905694E-01
8.838835E-01
4.714045E-01
8.062258E-01
7.905694E-01
9.055385E-01
1.000000E+00
4.714045E-01
9.360399E-01
7.603453E-01
7.211103E-01
4.714045E-01
7.905694E-01
8.600261E-01
7.856742E-01
4.714045E-01
4.714045E-01
1.000000E+00
1.000000E+00
1.000000E+00
1.000000E+00
1.000000E+00
0.000000E+00
1.000000E+00
1.000000E+00
1.000000E+00
1.000000E+00
1.000000E+00
0.000000E+00
0.000000E+00
1.000000E+00
1.000000E+00
1.000000E+00
1.000000E+00
0.000000E+00
1.000000E+00
1.000000E+00
0.000000E+00
1.000000E+00
1.000000E+00
1.000000E+00
0.000000E+00
1.000000E+00
1.000000E+00
1.000000E+00
1.000000E+00
1.000000E+00
1.000000E+00
1.000000E+00
1.000000E+00
1.000000E+00
1.000000E+00
1.000000E+00
1.000000E+00
1.000000E+00
0.000000E+00
1.000000E+00
1.000000E+00
1.000000E+00
1.000000E+00
1.000000E+00
1.000000E+00
1.000000E+00
1.000000E+00
1.000000E+00
1.000000E+00
1.000000E+00
1.000000E+00
1.000000E+00
1.000000E+00
1.000000E+00
1.000000E+00
1.000000E+00
1.000000E+00
1.000000E+00
1.000000E+00
1.000000E+00
1.000000E+00
1.000000E+00
1.000000E+00
1.000000E+00
1.000000E+00
1.000000E+00
1.000000E+00
0.000000E+00
1.000000E+00
1.000000E+00
1.000000E+00
1.000000E+00
1.000000E+00
1.000000E+00
1.000000E+00
1.000000E+00
1.000000E+00
1.000000E+00
5.590170E-01
7.211103E-01
7.500000E-01
7.693093E-01
7.453560E-01
1.000000E+00
6.009252E-01
6.324555E-01
7.211103E-01
7.453560E-01
7.329325E-01
1.000000E+00
1.000000E+00
7.500000E-01
6.708204E-01
8.246211E-01
7.453560E-01
1.000000E+00
0.000000E+00
7.142857E-01
1.000000E+00
7.500000E-01
6.009252E-01
5.000000E-01
1.000000E+00
7.071068E-01
8.246211E-01
7.142857E-01
7.453560E-01
8.246211E-01
7.601170E-01
7.693093E-01
7.114582E-01
5.000000E-01
7.693093E-01
2.828427E-01
6.009252E-01
7.114582E-01
1.000000E+00
7.142857E-01
5.590170E-01
7.453560E-01
7.601170E-01
7.211103E-01
6.250000E-01
4.472136E-01
6.060915E-01
6.250000E-01
8.246211E-01
8.246211E-01
7.500000E-01
6.009252E-01
7.329325E-01
8.246211E-01
7.453560E-01
8.539847E-01
7.453560E-01
6.708204E-01
8.170618E-01
8.139410E-01
7.120003E-01
6.478835E-01
7.848038E-01
7.453560E-01
7.576044E-01
6.478835E-01
8.220322E-01
1.000000E+00
6.324555E-01
8.834776E-01
7.329325E-01
4.472136E-01
7.453560E-01
6.478835E-01
7.457362E-01
7.453560E-01
6.324555E-01
7.453560E-01
6.731456E-01
6.731456E-01
7.905694E-01
7.682954E-01
5.590170E-01
1.000000E+00
7.071068E-01
7.211103E-01
6.731456E-01
5.590170E-01
7.027284E-01
1.000000E+00
1.000000E+00
7.905694E-01
7.615773E-01
6.666667E-01
5.590170E-01
1.000000E+00
7.142857E-01
0.000000E+00
1.000000E+00
7.905694E-01
7.071068E-01
7.211103E-01
1.000000E+00
6.009252E-01
6.666667E-01
5.656854E-01
7.280110E-01
6.666667E-01
8.246211E-01
7.682954E-01
7.288690E-01
7.211103E-01
7.682954E-01
7.142857E-01
7.071068E-01
6.388766E-01
1.000000E+00
5.656854E-01
7.453560E-01
7.280110E-01
7.985957E-01
6.731456E-01
7.288690E-01
7.071068E-01
7.142857E-01
6.388766E-01
6.666667E-01
6.666667E-01
7.905694E-01
5.656854E-01
7.027284E-01
6.666667E-01
5.590170E-01
8.921087E-01
7.280110E-01
7.615773E-01
8.318903E-01
8.631338E-01
7.905694E-01
7.453560E-01
8.422248E-01
5.590170E-01
7.496556E-01
7.453560E-01
8.689661E-01
1.000000E+00
5.590170E-01
9.084026E-01
7.027284E-01
7.071068E-01
5.590170E-01
7.453560E-01
8.144110E-01
7.280110E-01
5.590170E-01
5.590170E-01
1.000000E+00
1.000000E+00
1.000000E+00
1.000000E+00
1.000000E+00
0.000000E+00
1.000000E+00
1.000000E+00
1.000000E+00
1.000000E+00
1.000000E+00
0.000000E+00
0.000000E+00
1.000000E+00
1.000000E+00
1.000000E+00
1.000000E+00
0.000000E+00
1.000000E+00
1.000000E+00
0.000000E+00
1.000000E+00
1.000000E+00
1.000000E+00
0.000000E+00
1.000000E+00
1.000000E+00
1.000000E+00
1.000000E+00
1.000000E+00
1.000000E+00
1.000000E+00
1.000000E+00
1.000000E+00
1.000000E+00
1.000000E+00
1.000000E+00
1.000000E+00
0.000000E+00
1.000000E+00
1.000000E+00
1.000000E+00
1.000000E+00
1.000000E+00
1.000000E+00
1.000000E+00
1.000000E+00
1.000000E+00
1.000000E+00
1.000000E+00
1.000000E+00
1.000000E+00
1.000000E+00
1.000000E+00
1.000000E+00
1.000000E+00
1.000000E+00
1.000000E+00
1.000000E+00
1.000000E+00
1.000000E+00
1.000000E+00
1.000000E+00
1.000000E+00
1.000000E+00
1.000000E+00
1.000000E+00
0.000000E+00
1.000000E+00
1.000000E+00
1.000000E+00
1.000000E+00
1.000000E+00
1.000000E+00
1.000000E+00
1.000000E+00
1.000000E+00
1.000000E+00
8.689661E-01
8.689661E-01
0.000000E+00
9.136251E-01
7.453560E-01
1.000000E+00
6.666667E-01
7.453560E-01
8.689661E-01
7.453560E-01
8.838835E-01
1.000000E+00
1.000000E+00
0.000000E+00
8.571429E-01
7.071068E-01
7.453560E-01
1.000000E+00
7.500000E-01
7.905694E-01
1.000000E+00
0.000000E+00
6.666667E-01
5.000000E-01
1.000000E+00
8.246211E-01
7.071068E-01
7.905694E-01
8.958064E-01
7.071068E-01
9.166667E-01
9.136251E-01
8.498366E-01
5.000000E-01
9.136251E-01
7.500000E-01
6.666667E-01
8.498366E-01
1.000000E+00
7.905694E-01
8.333333E-01
8.958064E-01
9.262765E-01
8.689661E-01
8.000000E-01
6.666667E-01
7.500000E-01
8.498366E-01
7.071068E-01
7.071068E-01
0.000000E+00
7.905694E-01
8.838835E-01
7.071068E-01
7.453560E-01
9.565217E-01
8.958064E-01
8.571429E-01
9.395810E-01
9.411765E-01
8.888889E-01
8.333333E-01
9.285714E-01
7.453560E-01
9.055385E-01
8.333333E-01
9.444444E-01
1.000000E+00
7.453560E-01
9.682794E-01
8.838835E-01
6.666667E-01
7.453560E-01
8.333333E-01
9.090909E-01
8.958064E-01
7.453560E-01
7.453560E-01
7.453560E-01
7.453560E-01
6.666667E-01
8.031005E-01
7.211103E-01
1.000000E+00
5.656854E-01
7.211103E-01
7.453560E-01
7.211103E-01
7.615773E-01
1.000000E+00
1.000000E+00
6.666667E-01
7.027284E-01
7.905694E-01
7.211103E-01
1.000000E+00
6.009252E-01
7.071068E-01
1.000000E+00
6.666667E-01
0.000000E+00
5.590170E-01
1.000000E+00
7.142857E-01
7.905694E-01
7.071068E-01
7.767276E-01
7.905694E-01
7.985957E-01
8.031005E-01
6.388766E-01
5.590170E-01
8.031005E-01
6.009252E-01
5.656854E-01
7.288690E-01
1.000000E+00
7.071068E-01
6.731456E-01
7.767276E-01
8.246211E-01
7.453560E-01
6.388766E-01
5.656854E-01
6.009252E-01
7.288690E-01
7.905694E-01
7.905694E-01
6.666667E-01
7.071068E-01
7.615773E-01
7.905694E-01
7.211103E-01
8.836289E-01
7.767276E-01
7.027284E-01
8.498366E-01
8.486587E-01
7.496556E-01
6.731456E-01
8.220592E-01
7.211103E-01
7.905694E-01
6.731456E-01
8.558621E-01
1.000000E+00
7.211103E-01
9.136251E-01
7.615773E-01
5.656854E-01
7.211103E-01
6.731456E-01
7.844645E-01
7.767276E-01
7.211103E-01
7.211103E-01
7.284314E-01
7.905694E-01
5.000000E-01
8.498366E-01
7.071068E-01
1.000000E+00
5.590170E-01
4.714045E-01
7.905694E-01
7.071068E-01
8.089011E-01
1.000000E+00
1.000000E+00
5.000000E-01
7.603453E-01
7.453560E-01
7.071068E-01
1.000000E+00
5.000000E-01
7.211103E-01
1.000000E+00
5.000000E-01
5.590170E-01
0.000000E+00
1.000000E+00
7.453560E-01
7.453560E-01
7.211103E-01
8.246211E-01
7.453560E-01
8.496432E-01
8.498366E-01
7.693093E-01
4.714045E-01
8.498366E-01
5.000000E-01
5.590170E-01
7.693093E-01
1.000000E+00
7.211103E-01
6.666667E-01
8.246211E-01
8.689661E-01
7.905694E-01
6.871843E-01
3.333333E-01
6.324555E-01
7.693093E-01
7.453560E-01
7.453560E-01
5.000000E-01
5.590170E-01
8.089011E-01
7.453560E-01
7.071068E-01
9.176131E-01
8.246211E-01
7.603453E-01
8.901615E-01
8.906233E-01
8.062258E-01
7.284314E-01
8.692270E-01
7.071068E-01
8.381404E-01
7.284314E-01
8.962835E-01
1.000000E+00
4.714045E-01
9.395810E-01
8.089011E-01
3.333333E-01
7.071068E-01
7.284314E-01
8.374896E-01
8.246211E-01
7.071068E-01
7.071068E-01
1.000000E+00
1.000000E+00
1.000000E+00
1.000000E+00
1.000000E+00
0.000000E+00
1.000000E+00
1.000000E+00
1.000000E+00
1.000000E+00
1.000000E+00
0.000000E+00
0.000000E+00
1.000000E+00
1.000000E+00
1.000000E+00
1.000000E+00
0.000000E+00
1.000000E+00
1.000000E+00
0.000000E+00
1.000000E+00
1.000000E+00
1.000000E+00
0.000000E+00
1.000000E+00
1.000000E+00
1.000000E+00
1.000000E+00
1.000000E+00
1.000000E+00
1.000000E+00
1.000000E+00
1.000000E+00
1.000000E+00
1.000000E+00
1.000000E+00
1.000000E+00
0.000000E+00
1.000000E+00
1.000000E+00
1.000000E+00
1.000000E+00
1.000000E+00
1.000000E+00
1.000000E+00
1.000000E+00
1.000000E+00
1.000000E+00
1.000000E+00
1.000000E+00
1.000000E+00
1.000000E+00
1.000000E+00
1.000000E+00
1.000000E+00
1.000000E+00
1.000000E+00
1.000000E+00
1.000000E+00
1.000000E+00
1.000000E+00
1.000000E+00
1.000000E+00
1.000000E+00
1.000000E+00
1.000000E+00
0.000000E+00
1.000000E+00
1.000000E+00
1.000000E+00
1.000000E+00
1.000000E+00
1.000000E+00
1.000000E+00
1.000000E+00
1.000000E+00
1.000000E+00
5.590170E-01
6.478835E-01
8.246211E-01
7.297564E-01
6.324555E-01
1.000000E+00
7.142857E-01
7.453560E-01
6.478835E-01
6.324555E-01
5.983516E-01
1.000000E+00
1.000000E+00
8.246211E-01
7.329325E-01
7.500000E-01
6.324555E-01
1.000000E+00
7.071068E-01
6.009252E-01
1.000000E+00
8.246211E-01
7.142857E-01
7.453560E-01
1.000000E+00
0.000000E+00
7.500000E-01
6.009252E-01
6.324555E-01
7.500000E-01
7.905694E-01
7.297564E-01
6.250000E-01
7.453560E-01
7.297564E-01
7.071068E-01
7.142857E-01
6.250000E-01
1.000000E+00
4.472136E-01
7.211103E-01
6.324555E-01
7.601170E-01
5.590170E-01
7.114582E-01
7.142857E-01
7.071068E-01
6.250000E-01
7.500000E-01
7.500000E-01
8.246211E-01
6.009252E-01
6.708204E-01
7.500000E-01
6.324555E-01
8.646383E-01
6.923430E-01
7.329325E-01
7.954345E-01
8.316309E-01
7.576044E-01
7.211103E-01
8.089011E-01
6.324555E-01
7.120003E-01
7.211103E-01
8.381404E-01
1.000000E+00
6.324555E-01
8.834776E-01
6.708204E-01
7.142857E-01
6.324555E-01
6.478835E-01
7.803133E-01
5.665577E-01
6.324555E-01
6.324555E-01
8.333333E-01
8.333333E-01
7.071068E-01
9.000000E-01
5.000000E-01
1.000000E+00
7.905694E-01
7.453560E-01
8.333333E-01
5.000000E-01
8.571429E-01
1.000000E+00
1.000000E+00
7.071068E-01
8.838835E-01
0.000000E+00
5.000000E-01
1.000000E+00
8.246211E-01
6.666667E-01
1.000000E+00
7.071068E-01
7.905694E-01
7.453560E-01
1.000000E+00
7.500000E-01
0.000000E+00
6.666667E-01
8.750000E-01
0.000000E+00
9.262765E-01
9.000000E-01
8.498366E-01
7.453560E-01
9.000000E-01
8.246211E-01
7.905694E-01
8.000000E-01
1.000000E+00
6.666667E-01
8.689661E-01
8.750000E-01
9.166667E-01
8.333333E-01
8.498366E-01
7.905694E-01
8.246211E-01
8.000000E-01
0.000000E+00
0.000000E+00
7.071068E-01
6.666667E-01
8.571429E-01
0.000000E+00
5.000000E-01
9.592387E-01
8.750000E-01
8.838835E-01
9.333333E-01
9.460770E-01
9.055385E-01
8.689661E-01
9.357113E-01
5.000000E-01
8.888889E-01
8.689661E-01
9.488293E-01
1.000000E+00
5.000000E-01
9.666667E-01
8.571429E-01
7.905694E-01
5.000000E-01
8.689661E-01
9.204468E-01
8.750000E-01
5.000000E-01
5.000000E-01
6.731456E-01
6.731456E-01
7.905694E-01
7.682954E-01
5.590170E-01
1.000000E+00
7.071068E-01
7.211103E-01
6.731456E-01
5.590170E-01
7.027284E-01
1.000000E+00
1.000000E+00
7.905694E-01
7.615773E-01
6.666667E-01
5.590170E-01
1.000000E+00
7.142857E-01
5.656854E-01
1.000000E+00
7.905694E-01
7.071068E-01
7.211103E-01
1.000000E+00
6.009252E-01
6.666667E-01
0.000000E+00
7.280110E-01
6.666667E-01
8.246211E-01
7.682954E-01
7.288690E-01
7.211103E-01
7.682954E-01
7.142857E-01
7.071068E-01
6.388766E-01
1.000000E+00
5.656854E-01
7.453560E-01
7.280110E-01
7.985957E-01
6.731456E-01
7.288690E-01
7.071068E-01
7.142857E-01
6.388766E-01
6.666667E-01
6.666667E-01
7.905694E-01
5.656854E-01
7.027284E-01
6.666667E-01
5.590170E-01
8.921087E-01
7.280110E-01
7.615773E-01
8.318903E-01
8.631338E-01
7.905694E-01
7.453560E-01
8.422248E-01
5.590170E-01
7.496556E-01
7.453560E-01
8.689661E-01
1.000000E+00
5.590170E-01
9.084026E-01
7.027284E-01
7.071068E-01
5.590170E-01
7.453560E-01
8.144110E-01
7.280110E-01
5.590170E-01
5.590170E-01
6.009252E-01
6.617173E-01
8.958064E-01
6.706914E-01
7.856742E-01
1.000000E+00
7.767276E-01
8.246211E-01
6.617173E-01
7.856742E-01
6.007884E-01
1.000000E+00
1.000000E+00
8.958064E-01
7.086764E-01
8.750000E-01
7.856742E-01
1.000000E+00
7.453560E-01
7.280110E-01
1.000000E+00
8.958064E-01
7.767276E-01
8.246211E-01
1.000000E+00
6.324555E-01
8.750000E-01
7.280110E-01
0.000000E+00
8.750000E-01
7.211103E-01
6.706914E-01
6.718548E-01
8.246211E-01
6.706914E-01
7.453560E-01
7.767276E-01
6.718548E-01
1.000000E+00
6.758625E-01
7.142857E-01
6.060915E-01
6.862318E-01
5.300865E-01
7.256909E-01
7.767276E-01
7.453560E-01
6.718548E-01
8.750000E-01
8.750000E-01
8.958064E-01
7.280110E-01
6.585389E-01
8.750000E-01
7.856742E-01
7.855352E-01
6.599663E-01
7.086764E-01
7.114762E-01
7.515318E-01
7.083291E-01
7.142857E-01
7.329325E-01
7.856742E-01
6.643841E-01
7.142857E-01
7.576044E-01
1.000000E+00
7.856742E-01
8.062937E-01
6.585389E-01
7.767276E-01
7.856742E-01
6.617173E-01
7.158669E-01
6.060915E-01
7.856742E-01
7.856742E-01
8.333333E-01
8.333333E-01
7.071068E-01
9.000000E-01
5.000000E-01
1.000000E+00
7.905694E-01
7.453560E-01
8.333333E-01
5.000000E-01
8.571429E-01
1.000000E+00
1.000000E+00
7.071068E-01
8.838835E-01
0.000000E+00
5.000000E-01
1.000000E+00
8.246211E-01
6.666667E-01
1.000000E+00
7.071068E-01
7.905694E-01
7.453560E-01
1.000000E+00
7.500000E-01
0.000000E+00
6.666667E-01
8.750000E-01
0.000000E+00
9.262765E-01
9.000000E-01
8.498366E-01
7.453560E-01
9.000000E-01
8.246211E-01
7.905694E-01
8.000000E-01
1.000000E+00
6.666667E-01
8.689661E-01
8.750000E-01
9.166667E-01
8.333333E-01
8.498366E-01
7.905694E-01
8.246211E-01
8.000000E-01
0.000000E+00
0.000000E+00
7.071068E-01
6.666667E-01
8.571429E-01
0.000000E+00
5.000000E-01
9.592387E-01
8.750000E-01
8.838835E-01
9.333333E-01
9.460770E-01
9.055385E-01
8.689661E-01
9.357113E-01
5.000000E-01
8.888889E-01
8.689661E-01
9.488293E-01
1.000000E+00
5.000000E-01
9.666667E-01
8.571429E-01
7.905694E-01
5.000000E-01
8.689661E-01
9.204468E-01
8.750000E-01
5.000000E-01
5.000000E-01
7.453560E-01
6.731456E-01
9.166667E-01
6.403124E-01
8.689661E-01
1.000000E+00
7.985957E-01
8.689661E-01
7.453560E-01
8.689661E-01
6.961091E-01
1.000000E+00
1.000000E+00
9.166667E-01
6.961091E-01
9.262765E-01
8.689661E-01
1.000000E+00
7.601170E-01
8.246211E-01
1.000000E+00
9.166667E-01
7.985957E-01
8.496432E-01
1.000000E+00
7.905694E-01
9.262765E-01
8.246211E-01
7.211103E-01
9.262765E-01
0.000000E+00
6.403124E-01
7.647059E-01
8.496432E-01
7.100227E-01
7.601170E-01
7.985957E-01
7.647059E-01
1.000000E+00
8.246211E-01
7.107674E-01
7.211103E-01
6.763630E-01
7.453560E-01
7.315437E-01
7.985957E-01
7.601170E-01
7.647059E-01
9.262765E-01
9.262765E-01
9.166667E-01
8.246211E-01
7.311813E-01
9.262765E-01
8.689661E-01
6.650170E-01
6.862318E-01
6.961091E-01
7.114582E-01
6.676947E-01
6.800735E-01
6.731456E-01
6.179422E-01
8.689661E-01
7.142857E-01
6.731456E-01
6.478835E-01
1.000000E+00
8.689661E-01
7.016624E-01
7.311813E-01
7.985957E-01
8.689661E-01
7.107674E-01
6.757304E-01
7.211103E-01
8.689661E-01
8.689661E-01
6.863753E-01
6.863753E-01
9.136251E-01
6.285394E-01
8.232168E-01
1.000000E+00
8.031005E-01
8.498366E-01
6.863753E-01
8.232168E-01
6.760409E-01
1.000000E+00
1.000000E+00
9.136251E-01
7.180327E-01
9.000000E-01
8.232168E-01
1.000000E+00
7.693093E-01
7.682954E-01
1.000000E+00
9.136251E-01
8.031005E-01
8.498366E-01
1.000000E+00
7.297564E-01
9.000000E-01
7.682954E-01
6.706914E-01
9.000000E-01
6.403124E-01
0.000000E+00
7.453560E-01
8.498366E-01
6.698906E-01
7.693093E-01
8.031005E-01
7.034898E-01
1.000000E+00
7.682954E-01
7.288690E-01
6.706914E-01
6.767938E-01
6.863753E-01
7.453560E-01
8.031005E-01
7.693093E-01
7.034898E-01
9.000000E-01
9.000000E-01
9.136251E-01
7.682954E-01
6.760409E-01
9.000000E-01
8.232168E-01
7.428040E-01
6.250000E-01
7.180327E-01
6.934715E-01
7.304846E-01
7.080855E-01
7.288690E-01
6.555548E-01
8.232168E-01
6.689775E-01
7.288690E-01
7.354022E-01
1.000000E+00
8.232168E-01
7.412036E-01
6.760409E-01
8.031005E-01
8.232168E-01
7.288690E-01
7.079080E-01
6.706914E-01
8.232168E-01
8.232168E-01
6.403124E-01
7.100227E-01
8.498366E-01
7.453560E-01
7.693093E-01
1.000000E+00
7.288690E-01
7.693093E-01
7.100227E-01
7.693093E-01
6.555548E-01
1.000000E+00
1.000000E+00
8.498366E-01
7.168604E-01
8.498366E-01
7.693093E-01
1.000000E+00
7.114582E-01
7.288690E-01
1.000000E+00
8.498366E-01
6.388766E-01
7.693093E-01
1.000000E+00
6.250000E-01
8.498366E-01
7.288690E-01
6.718548E-01
8.498366E-01
7.647059E-01
7.453560E-01
0.000000E+00
7.693093E-01
7.453560E-01
7.114582E-01
7.288690E-01
7.071068E-01
1.000000E+00
6.388766E-01
7.100227E-01
6.718548E-01
7.647059E-01
6.403124E-01
7.071068E-01
7.288690E-01
7.114582E-01
7.071068E-01
8.498366E-01
8.498366E-01
8.498366E-01
7.288690E-01
7.168604E-01
8.498366E-01
7.693093E-01
8.406144E-01
7.256909E-01
7.168604E-01
7.905694E-01
8.054566E-01
7.354022E-01
7.100227E-01
7.824247E-01
7.693093E-01
7.354022E-01
7.100227E-01
8.122409E-01
1.000000E+00
7.693093E-01
8.689661E-01
7.168604E-01
7.288690E-01
7.693093E-01
6.403124E-01
7.551904E-01
6.718548E-01
7.693093E-01
7.693093E-01
7.905694E-01
7.905694E-01
5.000000E-01
8.498366E-01
7.071068E-01
1.000000E+00
5.590170E-01
7.071068E-01
7.905694E-01
7.071068E-01
8.089011E-01
1.000000E+00
1.000000E+00
5.000000E-01
7.603453E-01
7.453560E-01
7.071068E-01
1.000000E+00
5.000000E-01
7.211103E-01
1.000000E+00
5.000000E-01
5.590170E-01
4.714045E-01
1.000000E+00
7.453560E-01
7.453560E-01
7.211103E-01
8.246211E-01
7.453560E-01
8.496432E-01
8.498366E-01
7.693093E-01
0.000000E+00
8.498366E-01
6.324555E-01
5.590170E-01
7.693093E-01
1.000000E+00
7.211103E-01
7.284314E-01
8.246211E-01
8.689661E-01
7.905694E-01
6.871843E-01
5.590170E-01
6.324555E-01
7.693093E-01
7.453560E-01
7.453560E-01
5.000000E-01
7.211103E-01
8.089011E-01
7.453560E-01
7.071068E-01
9.176131E-01
8.246211E-01
7.603453E-01
8.901615E-01
8.906233E-01
8.062258E-01
7.284314E-01
8.692270E-01
7.071068E-01
8.381404E-01
7.284314E-01
8.962835E-01
1.000000E+00
7.071068E-01
9.395810E-01
8.089011E-01
5.590170E-01
7.071068E-01
7.284314E-01
8.374896E-01
8.246211E-01
7.071068E-01
7.071068E-01
6.388766E-01
6.863753E-01
9.136251E-01
6.698906E-01
8.232168E-01
1.000000E+00
8.031005E-01
8.498366E-01
6.388766E-01
8.232168E-01
6.760409E-01
1.000000E+00
1.000000E+00
9.136251E-01
7.180327E-01
9.000000E-01
8.232168E-01
1.000000E+00
7.693093E-01
7.682954E-01
1.000000E+00
9.136251E-01
8.031005E-01
8.498366E-01
1.000000E+00
7.297564E-01
9.000000E-01
7.682954E-01
6.706914E-01
9.000000E-01
7.100227E-01
6.698906E-01
7.453560E-01
8.498366E-01
0.000000E+00
7.693093E-01
8.031005E-01
6.572311E-01
1.000000E+00
7.682954E-01
7.288690E-01
6.706914E-01
6.403124E-01
6.863753E-01
7.453560E-01
8.031005E-01
7.693093E-01
7.034898E-01
9.000000E-01
9.000000E-01
9.136251E-01
7.682954E-01
6.760409E-01
9.000000E-01
8.232168E-01
7.428040E-01
6.706914E-01
6.760409E-01
6.636668E-01
7.304846E-01
7.080855E-01
7.288690E-01
7.168604E-01
8.232168E-01
6.689775E-01
7.288690E-01
7.354022E-01
1.000000E+00
8.232168E-01
7.785757E-01
6.760409E-01
8.031005E-01
8.232168E-01
7.288690E-01
7.079080E-01
6.706914E-01
8.232168E-01
8.232168E-01
5.590170E-01
7.211103E-01
7.500000E-01
7.693093E-01
7.453560E-01
1.000000E+00
6.009252E-01
6.324555E-01
7.211103E-01
7.453560E-01
7.329325E-01
1.000000E+00
1.000000E+00
7.500000E-01
6.708204E-01
8.246211E-01
7.453560E-01
1.000000E+00
2.828427E-01
7.142857E-01
1.000000E+00
7.500000E-01
6.009252E-01
5.000000E-01
1.000000E+00
7.071068E-01
8.246211E-01
7.142857E-01
7.453560E-01
8.246211E-01
7.601170E-01
7.693093E-01
7.114582E-01
6.324555E-01
7.693093E-01
0.000000E+00
6.009252E-01
7.114582E-01
1.000000E+00
7.142857E-01
5.590170E-01
7.453560E-01
7.601170E-01
7.211103E-01
6.250000E-01
4.472136E-01
6.060915E-01
6.250000E-01
8.246211E-01
8.246211E-01
7.500000E-01
6.009252E-01
7.329325E-01
8.246211E-01
7.453560E-01
8.539847E-01
7.453560E-01
6.708204E-01
8.170618E-01
8.139410E-01
7.120003E-01
6.478835E-01
7.848038E-01
7.453560E-01
7.576044E-01
6.478835E-01
8.220322E-01
1.000000E+00
6.324555E-01
8.834776E-01
7.329325E-01
4.472136E-01
7.453560E-01
6.478835E-01
7.457362E-01
7.453560E-01
6.324555E-01
7.453560E-01
7.453560E-01
7.453560E-01
6.666667E-01
8.031005E-01
7.211103E-01
1.000000E+00
5.656854E-01
7.211103E-01
7.453560E-01
7.211103E-01
7.615773E-01
1.000000E+00
1.000000E+00
6.666667E-01
7.027284E-01
7.905694E-01
7.211103E-01
1.000000E+00
6.009252E-01
7.071068E-01
1.000000E+00
6.666667E-01
5.656854E-01
5.590170E-01
1.000000E+00
7.142857E-01
7.905694E-01
7.071068E-01
7.767276E-01
7.905694E-01
7.985957E-01
8.031005E-01
7.288690E-01
5.590170E-01
8.031005E-01
6.009252E-01
0.000000E+00
7.288690E-01
1.000000E+00
7.071068E-01
6.731456E-01
7.767276E-01
8.246211E-01
7.453560E-01
6.388766E-01
5.656854E-01
6.009252E-01
7.288690E-01
7.905694E-01
7.905694E-01
6.666667E-01
7.071068E-01
7.027284E-01
7.905694E-01
7.211103E-01
8.836289E-01
7.767276E-01
7.027284E-01
8.498366E-01
8.486587E-01
7.496556E-01
6.731456E-01
8.220592E-01
7.211103E-01
7.905694E-01
6.731456E-01
8.558621E-01
1.000000E+00
7.211103E-01
9.136251E-01
7.615773E-01
5.656854E-01
7.211103E-01
6.731456E-01
7.844645E-01
7.767276E-01
7.211103E-01
7.211103E-01
5.555556E-01
6.403124E-01
8.498366E-01
7.034898E-01
6.871843E-01
1.000000E+00
7.288690E-01
7.693093E-01
5.555556E-01
6.871843E-01
6.555548E-01
1.000000E+00
1.000000E+00
8.498366E-01
6.555548E-01
8.000000E-01
6.871843E-01
1.000000E+00
7.114582E-01
6.388766E-01
1.000000E+00
8.498366E-01
7.288690E-01
7.693093E-01
1.000000E+00
6.250000E-01
8.000000E-01
6.388766E-01
6.718548E-01
8.000000E-01
7.647059E-01
7.034898E-01
7.071068E-01
7.693093E-01
6.572311E-01
7.114582E-01
7.288690E-01
0.000000E+00
1.000000E+00
6.388766E-01
7.100227E-01
6.718548E-01
6.960204E-01
6.403124E-01
7.071068E-01
7.288690E-01
7.114582E-01
6.285394E-01
8.000000E-01
8.000000E-01
8.498366E-01
6.388766E-01
6.555548E-01
8.000000E-01
6.871843E-01
8.406144E-01
6.718548E-01
6.555548E-01
7.156191E-01
7.853535E-01
7.354022E-01
7.100227E-01
7.824247E-01
6.871843E-01
6.880209E-01
7.100227E-01
8.122409E-01
1.000000E+00
6.871843E-01
8.533411E-01
6.555548E-01
7.288690E-01
6.871843E-01
7.100227E-01
7.551904E-01
6.718548E-01
6.871843E-01
6.871843E-01
1.000000E+00
1.000000E+00
1.000000E+00
1.000000E+00
1.000000E+00
0.000000E+00
1.000000E+00
1.000000E+00
1.000000E+00
1.000000E+00
1.000000E+00
0.000000E+00
0.000000E+00
1.000000E+00
1.000000E+00
1.000000E+00
1.000000E+00
0.000000E+00
1.000000E+00
1.000000E+00
0.000000E+00
1.000000E+00
1.000000E+00
1.000000E+00
0.000000E+00
1.000000E+00
1.000000E+00
1.000000E+00
1.000000E+00
1.000000E+00
1.000000E+00
1.000000E+00
1.000000E+00
1.000000E+00
1.000000E+00
1.000000E+00
1.000000E+00
1.000000E+00
0.000000E+00
1.000000E+00
1.000000E+00
1.000000E+00
1.000000E+00
1.000000E+00
1.000000E+00
1.000000E+00
1.000000E+00
1.000000E+00
1.000000E+00
1.000000E+00
1.000000E+00
1.000000E+00
1.000000E+00
1.000000E+00
1.000000E+00
1.000000E+00
1.000000E+00
1.000000E+00
1.000000E+00
1.000000E+00
1.000000E+00
1.000000E+00
1.000000E+00
1.000000E+00
1.000000E+00
1.000000E+00
1.000000E+00
0.000000E+00
1.000000E+00
1.000000E+00
1.000000E+00
1.000000E+00
1.000000E+00
1.000000E+00
1.000000E+00
1.000000E+00
1.000000E+00
1.000000E+00
5.890151E-01
6.731456E-01
7.905694E-01
7.682954E-01
5.590170E-01
1.000000E+00
7.071068E-01
7.211103E-01
6.731456E-01
5.590170E-01
6.373774E-01
1.000000E+00
1.000000E+00
7.905694E-01
7.615773E-01
6.666667E-01
5.590170E-01
1.000000E+00
7.142857E-01
5.656854E-01
1.000000E+00
7.905694E-01
7.071068E-01
7.211103E-01
1.000000E+00
4.472136E-01
6.666667E-01
5.656854E-01
6.758625E-01
6.666667E-01
8.246211E-01
7.682954E-01
6.388766E-01
7.211103E-01
7.682954E-01
7.142857E-01
7.071068E-01
6.388766E-01
1.000000E+00
0.000000E+00
7.453560E-01
6.758625E-01
7.985957E-01
5.890151E-01
7.288690E-01
7.071068E-01
7.142857E-01
6.388766E-01
6.666667E-01
6.666667E-01
7.905694E-01
5.656854E-01
7.027284E-01
6.666667E-01
5.590170E-01
8.921087E-01
7.280110E-01
7.615773E-01
8.318903E-01
8.631338E-01
7.905694E-01
7.453560E-01
8.422248E-01
5.590170E-01
7.496556E-01
7.453560E-01
8.689661E-01
1.000000E+00
5.590170E-01
9.084026E-01
7.027284E-01
7.071068E-01
5.590170E-01
6.731456E-01
8.144110E-01
6.758625E-01
5.590170E-01
5.590170E-01
6.428243E-01
7.071068E-01
8.333333E-01
7.288690E-01
7.905694E-01
1.000000E+00
6.731456E-01
7.284314E-01
7.071068E-01
7.905694E-01
7.091957E-01
1.000000E+00
1.000000E+00
8.333333E-01
6.508541E-01
8.689661E-01
7.905694E-01
1.000000E+00
5.590170E-01
7.453560E-01
1.000000E+00
8.333333E-01
6.731456E-01
6.666667E-01
1.000000E+00
7.211103E-01
8.689661E-01
7.453560E-01
7.142857E-01
8.689661E-01
7.107674E-01
7.288690E-01
7.100227E-01
7.284314E-01
7.288690E-01
5.590170E-01
6.731456E-01
7.100227E-01
1.000000E+00
7.453560E-01
0.000000E+00
7.142857E-01
7.453560E-01
7.071068E-01
6.403124E-01
5.890151E-01
6.478835E-01
7.100227E-01
8.689661E-01
8.689661E-01
8.333333E-01
6.731456E-01
7.091957E-01
8.689661E-01
7.905694E-01
8.057510E-01
7.142857E-01
6.508541E-01
7.693093E-01
7.619570E-01
6.738558E-01
6.428243E-01
7.330731E-01
7.905694E-01
7.211103E-01
6.428243E-01
7.704367E-01
1.000000E+00
7.284314E-01
8.498366E-01
7.091957E-01
5.890151E-01
7.905694E-01
6.428243E-01
6.987712E-01
7.142857E-01
7.905694E-01
7.905694E-01
6.009252E-01
6.617173E-01
8.958064E-01
6.706914E-01
7.856742E-01
1.000000E+00
7.767276E-01
8.246211E-01
6.617173E-01
7.856742E-01
6.007884E-01
1.000000E+00
1.000000E+00
8.958064E-01
7.086764E-01
8.750000E-01
7.856742E-01
1.000000E+00
7.453560E-01
7.280110E-01
1.000000E+00
8.958064E-01
7.767276E-01
8.246211E-01
1.000000E+00
6.324555E-01
8.750000E-01
7.280110E-01
6.060915E-01
8.750000E-01
7.211103E-01
6.706914E-01
6.718548E-01
8.246211E-01
6.706914E-01
7.453560E-01
7.767276E-01
6.718548E-01
1.000000E+00
6.758625E-01
7.142857E-01
0.000000E+00
6.862318E-01
6.009252E-01
7.256909E-01
7.767276E-01
7.453560E-01
6.718548E-01
8.750000E-01
8.750000E-01
8.958064E-01
7.280110E-01
6.585389E-01
8.750000E-01
7.856742E-01
7.855352E-01
6.599663E-01
7.086764E-01
7.114762E-01
7.515318E-01
7.083291E-01
7.142857E-01
7.329325E-01
7.856742E-01
6.643841E-01
7.142857E-01
7.576044E-01
1.000000E+00
7.856742E-01
8.062937E-01
6.585389E-01
7.767276E-01
7.856742E-01
6.617173E-01
7.158669E-01
6.060915E-01
7.856742E-01
7.856742E-01
6.324555E-01
7.107674E-01
9.262765E-01
6.767938E-01
8.496432E-01
1.000000E+00
8.246211E-01
8.689661E-01
6.731456E-01
8.496432E-01
6.961091E-01
1.000000E+00
1.000000E+00
9.262765E-01
7.311813E-01
9.166667E-01
8.496432E-01
1.000000E+00
7.601170E-01
7.985957E-01
1.000000E+00
9.262765E-01
8.246211E-01
8.689661E-01
1.000000E+00
7.601170E-01
9.166667E-01
7.985957E-01
6.862318E-01
9.166667E-01
6.763630E-01
6.767938E-01
7.647059E-01
8.689661E-01
6.403124E-01
7.601170E-01
8.246211E-01
6.960204E-01
1.000000E+00
7.985957E-01
7.453560E-01
6.862318E-01
0.000000E+00
7.107674E-01
7.647059E-01
8.246211E-01
7.905694E-01
6.960204E-01
9.166667E-01
9.166667E-01
9.262765E-01
7.985957E-01
6.961091E-01
9.166667E-01
8.496432E-01
7.048305E-01
6.862318E-01
6.961091E-01
6.560488E-01
7.175397E-01
7.142857E-01
7.453560E-01
7.091957E-01
8.496432E-01
6.424503E-01
7.107674E-01
6.982226E-01
1.000000E+00
8.496432E-01
7.297564E-01
6.961091E-01
8.246211E-01
8.496432E-01
7.453560E-01
7.077748E-01
6.862318E-01
8.333333E-01
8.496432E-01
5.656854E-01
6.428243E-01
8.689661E-01
6.863753E-01
7.284314E-01
1.000000E+00
7.453560E-01
7.905694E-01
6.428243E-01
7.284314E-01
5.821022E-01
1.000000E+00
1.000000E+00
8.689661E-01
7.091957E-01
8.333333E-01
7.284314E-01
1.000000E+00
7.211103E-01
6.731456E-01
1.000000E+00
8.689661E-01
7.453560E-01
7.905694E-01
1.000000E+00
5.590170E-01
8.333333E-01
6.731456E-01
5.300865E-01
8.333333E-01
7.453560E-01
6.863753E-01
6.403124E-01
7.905694E-01
6.863753E-01
7.211103E-01
7.453560E-01
6.403124E-01
1.000000E+00
5.890151E-01
7.071068E-01
6.009252E-01
7.107674E-01
0.000000E+00
7.100227E-01
7.453560E-01
7.211103E-01
6.403124E-01
8.333333E-01
8.333333E-01
8.689661E-01
6.731456E-01
6.508541E-01
8.333333E-01
7.284314E-01
8.196458E-01
6.617173E-01
7.091957E-01
7.433034E-01
7.838155E-01
7.211103E-01
7.071068E-01
7.615773E-01
7.284314E-01
6.738558E-01
7.071068E-01
7.905694E-01
1.000000E+00
7.284314E-01
8.407965E-01
6.508541E-01
7.453560E-01
7.284314E-01
6.428243E-01
7.370567E-01
6.009252E-01
7.284314E-01
7.284314E-01
7.100227E-01
7.100227E-01
8.000000E-01
7.453560E-01
7.693093E-01
1.000000E+00
6.388766E-01
7.693093E-01
7.100227E-01
7.693093E-01
7.168604E-01
1.000000E+00
1.000000E+00
8.000000E-01
6.555548E-01
8.498366E-01
7.693093E-01
1.000000E+00
6.250000E-01
7.288690E-01
1.000000E+00
8.000000E-01
6.388766E-01
6.871843E-01
1.000000E+00
7.114582E-01
8.498366E-01
7.288690E-01
7.256909E-01
8.498366E-01
7.315437E-01
7.453560E-01
7.071068E-01
6.871843E-01
7.453560E-01
6.250000E-01
6.388766E-01
7.071068E-01
1.000000E+00
7.288690E-01
6.403124E-01
7.256909E-01
7.647059E-01
7.100227E-01
0.000000E+00
6.388766E-01
5.150788E-01
7.071068E-01
8.498366E-01
8.498366E-01
8.000000E-01
7.288690E-01
7.168604E-01
8.498366E-01
7.693093E-01
8.281733E-01
7.256909E-01
6.555548E-01
7.905694E-01
7.853535E-01
6.880209E-01
6.403124E-01
7.556373E-01
7.693093E-01
7.354022E-01
6.403124E-01
7.938295E-01
1.000000E+00
7.693093E-01
8.689661E-01
7.168604E-01
6.388766E-01
7.693093E-01
6.403124E-01
7.180220E-01
7.256909E-01
7.693093E-01
7.693093E-01
6.731456E-01
7.453560E-01
6.666667E-01
8.031005E-01
7.211103E-01
1.000000E+00
5.656854E-01
5.590170E-01
7.453560E-01
7.211103E-01
7.615773E-01
1.000000E+00
1.000000E+00
6.666667E-01
7.027284E-01
7.905694E-01
7.211103E-01
1.000000E+00
4.472136E-01
7.071068E-01
1.000000E+00
6.666667E-01
5.656854E-01
3.333333E-01
1.000000E+00
7.142857E-01
7.905694E-01
7.071068E-01
7.767276E-01
7.905694E-01
7.985957E-01
8.031005E-01
7.288690E-01
5.590170E-01
8.031005E-01
4.472136E-01
5.656854E-01
7.288690E-01
1.000000E+00
7.071068E-01
5.890151E-01
7.767276E-01
8.246211E-01
7.453560E-01
6.388766E-01
0.000000E+00
6.009252E-01
7.288690E-01
7.905694E-01
7.905694E-01
6.666667E-01
3.535534E-01
7.615773E-01
7.905694E-01
7.211103E-01
8.836289E-01
7.767276E-01
7.027284E-01
8.498366E-01
8.486587E-01
7.496556E-01
6.731456E-01
8.220592E-01
7.211103E-01
7.905694E-01
6.731456E-01
8.558621E-01
1.000000E+00
5.590170E-01
9.136251E-01
7.615773E-01
3.535534E-01
7.211103E-01
6.731456E-01
7.844645E-01
7.767276E-01
7.211103E-01
7.211103E-01
7.211103E-01
7.211103E-01
7.500000E-01
7.693093E-01
7.453560E-01
1.000000E+00
6.009252E-01
7.453560E-01
7.211103E-01
7.453560E-01
7.329325E-01
1.000000E+00
1.000000E+00
7.500000E-01
6.708204E-01
8.246211E-01
7.453560E-01
1.000000E+00
6.060915E-01
7.142857E-01
1.000000E+00
7.500000E-01
6.009252E-01
6.324555E-01
1.000000E+00
7.071068E-01
8.246211E-01
7.142857E-01
7.453560E-01
8.246211E-01
7.601170E-01
7.693093E-01
7.114582E-01
6.324555E-01
7.693093E-01
6.060915E-01
6.009252E-01
7.114582E-01
1.000000E+00
7.142857E-01
6.478835E-01
7.453560E-01
7.905694E-01
7.211103E-01
5.150788E-01
6.009252E-01
0.000000E+00
7.114582E-01
8.246211E-01
8.246211E-01
7.500000E-01
7.142857E-01
7.329325E-01
8.246211E-01
7.453560E-01
8.539847E-01
7.453560E-01
6.708204E-01
8.170618E-01
8.139410E-01
7.120003E-01
6.478835E-01
7.848038E-01
7.453560E-01
7.576044E-01
6.478835E-01
8.220322E-01
1.000000E+00
7.453560E-01
8.901615E-01
7.329325E-01
6.009252E-01
7.453560E-01
6.478835E-01
7.457362E-01
7.453560E-01
7.453560E-01
7.453560E-01
5.555556E-01
6.403124E-01
8.498366E-01
7.034898E-01
6.871843E-01
1.000000E+00
7.288690E-01
7.693093E-01
6.403124E-01
6.871843E-01
6.555548E-01
1.000000E+00
1.000000E+00
8.498366E-01
6.555548E-01
8.000000E-01
6.871843E-01
1.000000E+00
6.250000E-01
6.388766E-01
1.000000E+00
8.498366E-01
7.288690E-01
7.693093E-01
1.000000E+00
6.250000E-01
8.000000E-01
6.388766E-01
6.718548E-01
8.000000E-01
7.647059E-01
7.034898E-01
7.071068E-01
7.693093E-01
7.034898E-01
6.250000E-01
7.288690E-01
6.285394E-01
1.000000E+00
6.388766E-01
7.100227E-01
6.718548E-01
6.960204E-01
6.403124E-01
7.071068E-01
7.288690E-01
7.114582E-01
0.000000E+00
8.000000E-01
8.000000E-01
8.498366E-01
6.388766E-01
6.555548E-01
8.000000E-01
6.871843E-01
8.406144E-01
6.718548E-01
7.168604E-01
7.412036E-01
8.054566E-01
7.354022E-01
7.100227E-01
7.824247E-01
6.871843E-01
6.880209E-01
7.100227E-01
8.122409E-01
1.000000E+00
6.871843E-01
8.460616E-01
6.555548E-01
7.288690E-01
6.871843E-01
7.100227E-01
7.551904E-01
6.718548E-01
6.000000E-01
6.871843E-01
8.333333E-01
8.333333E-01
7.071068E-01
9.000000E-01
5.000000E-01
1.000000E+00
7.905694E-01
7.453560E-01
8.333333E-01
5.000000E-01
8.571429E-01
1.000000E+00
1.000000E+00
7.071068E-01
8.838835E-01
0.000000E+00
5.000000E-01
1.000000E+00
8.246211E-01
6.666667E-01
1.000000E+00
7.071068E-01
7.905694E-01
7.453560E-01
1.000000E+00
7.500000E-01
0.000000E+00
6.666667E-01
8.750000E-01
0.000000E+00
9.262765E-01
9.000000E-01
8.498366E-01
7.453560E-01
9.000000E-01
8.246211E-01
7.905694E-01
8.000000E-01
1.000000E+00
6.666667E-01
8.689661E-01
8.750000E-01
9.166667E-01
8.333333E-01
8.498366E-01
7.905694E-01
8.246211E-01
8.000000E-01
0.000000E+00
0.000000E+00
7.071068E-01
6.666667E-01
8.571429E-01
0.000000E+00
5.000000E-01
9.592387E-01
8.750000E-01
8.838835E-01
9.333333E-01
9.460770E-01
9.055385E-01
8.689661E-01
9.357113E-01
5.000000E-01
8.888889E-01
8.689661E-01
9.488293E-01
1.000000E+00
5.000000E-01
9.666667E-01
8.571429E-01
7.905694E-01
5.000000E-01
8.689661E-01
9.204468E-01
8.750000E-01
5.000000E-01
5.000000E-01
8.333333E-01
8.333333E-01
7.071068E-01
9.000000E-01
5.000000E-01
1.000000E+00
7.905694E-01
7.453560E-01
8.333333E-01
5.000000E-01
8.571429E-01
1.000000E+00
1.000000E+00
7.071068E-01
8.838835E-01
0.000000E+00
5.000000E-01
1.000000E+00
8.246211E-01
6.666667E-01
1.000000E+00
7.071068E-01
7.905694E-01
7.453560E-01
1.000000E+00
7.500000E-01
0.000000E+00
6.666667E-01
8.750000E-01
0.000000E+00
9.262765E-01
9.000000E-01
8.498366E-01
7.453560E-01
9.000000E-01
8.246211E-01
7.905694E-01
8.000000E-01
1.000000E+00
6.666667E-01
8.689661E-01
8.750000E-01
9.166667E-01
8.333333E-01
8.498366E-01
7.905694E-01
8.246211E-01
8.000000E-01
0.000000E+00
0.000000E+00
7.071068E-01
6.666667E-01
8.571429E-01
0.000000E+00
5.000000E-01
9.592387E-01
8.750000E-01
8.838835E-01
9.333333E-01
9.460770E-01
9.055385E-01
8.689661E-01
9.357113E-01
5.000000E-01
8.888889E-01
8.689661E-01
9.488293E-01
1.000000E+00
5.000000E-01
9.666667E-01
8.571429E-01
7.905694E-01
5.000000E-01
8.689661E-01
9.204468E-01
8.750000E-01
5.000000E-01
5.000000E-01
8.689661E-01
8.689661E-01
0.000000E+00
9.136251E-01
7.453560E-01
1.000000E+00
6.666667E-01
7.453560E-01
8.689661E-01
7.453560E-01
8.838835E-01
1.000000E+00
1.000000E+00
0.000000E+00
8.571429E-01
7.071068E-01
7.453560E-01
1.000000E+00
7.500000E-01
7.905694E-01
1.000000E+00
0.000000E+00
6.666667E-01
5.000000E-01
1.000000E+00
8.246211E-01
7.071068E-01
7.905694E-01
8.958064E-01
7.071068E-01
9.166667E-01
9.136251E-01
8.498366E-01
5.000000E-01
9.136251E-01
7.500000E-01
6.666667E-01
8.498366E-01
1.000000E+00
7.905694E-01
8.333333E-01
8.958064E-01
9.262765E-01
8.689661E-01
8.000000E-01
6.666667E-01
7.500000E-01
8.498366E-01
7.071068E-01
7.071068E-01
0.000000E+00
7.905694E-01
8.838835E-01
7.071068E-01
7.453560E-01
9.565217E-01
8.958064E-01
8.571429E-01
9.395810E-01
9.411765E-01
8.888889E-01
8.333333E-01
9.285714E-01
7.453560E-01
9.055385E-01
8.333333E-01
9.444444E-01
1.000000E+00
7.453560E-01
9.682794E-01
8.838835E-01
6.666667E-01
7.453560E-01
8.333333E-01
9.090909E-01
8.958064E-01
7.453560E-01
7.453560E-01
5.890151E-01
6.731456E-01
7.905694E-01
7.682954E-01
5.590170E-01
1.000000E+00
7.071068E-01
5.590170E-01
6.731456E-01
5.590170E-01
7.027284E-01
1.000000E+00
1.000000E+00
7.905694E-01
7.615773E-01
6.666667E-01
5.590170E-01
1.000000E+00
6.009252E-01
5.656854E-01
1.000000E+00
7.905694E-01
7.071068E-01
5.590170E-01
1.000000E+00
6.009252E-01
6.666667E-01
5.656854E-01
7.280110E-01
6.666667E-01
8.246211E-01
7.682954E-01
7.288690E-01
7.211103E-01
7.682954E-01
6.009252E-01
7.071068E-01
6.388766E-01
1.000000E+00
5.656854E-01
6.731456E-01
7.280110E-01
7.985957E-01
6.731456E-01
7.288690E-01
3.535534E-01
7.142857E-01
6.388766E-01
6.666667E-01
6.666667E-01
7.905694E-01
0.000000E+00
7.027284E-01
6.666667E-01
5.590170E-01
8.921087E-01
7.280110E-01
7.615773E-01
8.318903E-01
8.631338E-01
7.905694E-01
7.453560E-01
8.422248E-01
5.590170E-01
7.496556E-01
7.453560E-01
8.689661E-01
1.000000E+00
3.333333E-01
9.084026E-01
7.027284E-01
5.656854E-01
5.590170E-01
7.453560E-01
8.144110E-01
7.280110E-01
5.590170E-01
5.590170E-01
6.508541E-01
6.508541E-01
8.838835E-01
6.760409E-01
7.603453E-01
1.000000E+00
7.615773E-01
8.089011E-01
6.508541E-01
7.603453E-01
6.527140E-01
1.000000E+00
1.000000E+00
8.838835E-01
7.071068E-01
8.571429E-01
7.603453E-01
1.000000E+00
7.329325E-01
7.027284E-01
1.000000E+00
8.838835E-01
7.615773E-01
8.089011E-01
1.000000E+00
6.708204E-01
8.571429E-01
7.027284E-01
6.585389E-01
8.571429E-01
7.311813E-01
6.760409E-01
7.168604E-01
8.089011E-01
6.760409E-01
7.329325E-01
7.027284E-01
6.555548E-01
1.000000E+00
7.027284E-01
7.091957E-01
6.585389E-01
6.961091E-01
6.508541E-01
7.168604E-01
7.615773E-01
7.329325E-01
6.555548E-01
8.571429E-01
8.571429E-01
8.838835E-01
7.027284E-01
0.000000E+00
8.571429E-01
7.603453E-01
8.013877E-01
6.585389E-01
7.071068E-01
7.253117E-01
7.660323E-01
7.126096E-01
7.091957E-01
7.453560E-01
7.603453E-01
6.666667E-01
7.091957E-01
7.725283E-01
1.000000E+00
7.603453E-01
8.226163E-01
6.527140E-01
7.615773E-01
7.603453E-01
7.091957E-01
7.243558E-01
6.585389E-01
7.603453E-01
7.603453E-01
8.333333E-01
8.333333E-01
7.071068E-01
9.000000E-01
5.000000E-01
1.000000E+00
7.905694E-01
7.453560E-01
8.333333E-01
5.000000E-01
8.571429E-01
1.000000E+00
1.000000E+00
7.071068E-01
8.838835E-01
0.000000E+00
5.000000E-01
1.000000E+00
8.246211E-01
6.666667E-01
1.000000E+00
7.071068E-01
7.905694E-01
7.453560E-01
1.000000E+00
7.500000E-01
0.000000E+00
6.666667E-01
8.750000E-01
0.000000E+00
9.262765E-01
9.000000E-01
8.498366E-01
7.453560E-01
9.000000E-01
8.246211E-01
7.905694E-01
8.000000E-01
1.000000E+00
6.666667E-01
8.689661E-01
8.750000E-01
9.166667E-01
8.333333E-01
8.498366E-01
7.905694E-01
8.246211E-01
8.000000E-01
0.000000E+00
0.000000E+00
7.071068E-01
6.666667E-01
8.571429E-01
0.000000E+00
5.000000E-01
9.592387E-01
8.750000E-01
8.838835E-01
9.333333E-01
9.460770E-01
9.055385E-01
8.689661E-01
9.357113E-01
5.000000E-01
8.888889E-01
8.689661E-01
9.488293E-01
1.000000E+00
5.000000E-01
9.666667E-01
8.571429E-01
7.905694E-01
5.000000E-01
8.689661E-01
9.204468E-01
8.750000E-01
5.000000E-01
5.000000E-01
7.284314E-01
7.284314E-01
7.453560E-01
8.232168E-01
4.714045E-01
1.000000E+00
7.211103E-01
7.071068E-01
7.284314E-01
4.714045E-01
7.603453E-01
1.000000E+00
1.000000E+00
7.453560E-01
8.089011E-01
5.000000E-01
4.714045E-01
1.000000E+00
7.453560E-01
5.590170E-01
1.000000E+00
7.453560E-01
7.211103E-01
7.071068E-01
1.000000E+00
6.324555E-01
5.000000E-01
5.590170E-01
7.856742E-01
5.000000E-01
8.689661E-01
8.232168E-01
7.693093E-01
7.071068E-01
8.232168E-01
7.453560E-01
7.211103E-01
6.871843E-01
1.000000E+00
5.590170E-01
7.905694E-01
7.856742E-01
8.496432E-01
7.284314E-01
7.693093E-01
7.211103E-01
7.453560E-01
6.871843E-01
5.000000E-01
5.000000E-01
7.453560E-01
5.590170E-01
7.603453E-01
5.000000E-01
0.000000E+00
9.234717E-01
7.856742E-01
8.089011E-01
8.772293E-01
9.009075E-01
8.381404E-01
7.905694E-01
8.838835E-01
4.714045E-01
8.062258E-01
7.905694E-01
9.055385E-01
1.000000E+00
4.714045E-01
9.360399E-01
7.603453E-01
7.211103E-01
4.714045E-01
7.905694E-01
8.600261E-01
7.500000E-01
4.714045E-01
4.714045E-01
8.196458E-01
8.057510E-01
9.565217E-01
7.428040E-01
9.234717E-01
1.000000E+00
8.836289E-01
9.234717E-01
8.196458E-01
9.234717E-01
7.863279E-01
1.000000E+00
1.000000E+00
9.565217E-01
7.863279E-01
9.592387E-01
9.234717E-01
1.000000E+00
8.539847E-01
8.921087E-01
1.000000E+00
9.565217E-01
8.836289E-01
9.176131E-01
1.000000E+00
8.646383E-01
9.592387E-01
8.921087E-01
7.855352E-01
9.592387E-01
6.650170E-01
7.428040E-01
8.406144E-01
9.176131E-01
7.428040E-01
8.539847E-01
8.836289E-01
8.406144E-01
1.000000E+00
8.921087E-01
8.057510E-01
7.855352E-01
7.048305E-01
8.196458E-01
8.281733E-01
8.836289E-01
8.539847E-01
8.406144E-01
9.592387E-01
9.592387E-01
9.565217E-01
8.921087E-01
8.013877E-01
9.592387E-01
9.234717E-01
0.000000E+00
7.855352E-01
7.863279E-01
7.226069E-01
6.975113E-01
7.551419E-01
8.057510E-01
6.713360E-01
9.234717E-01
7.551419E-01
7.778365E-01
6.167668E-01
1.000000E+00
9.234717E-01
6.720119E-01
8.013877E-01
8.836289E-01
9.234717E-01
8.057510E-01
6.948600E-01
7.695598E-01
9.234717E-01
9.234717E-01
6.617173E-01
6.617173E-01
8.958064E-01
6.706914E-01
7.856742E-01
1.000000E+00
7.767276E-01
8.246211E-01
6.617173E-01
7.856742E-01
6.585389E-01
1.000000E+00
1.000000E+00
8.958064E-01
7.086764E-01
8.750000E-01
7.856742E-01
1.000000E+00
7.453560E-01
7.280110E-01
1.000000E+00
8.958064E-01
7.767276E-01
8.246211E-01
1.000000E+00
6.923430E-01
8.750000E-01
7.280110E-01
6.599663E-01
8.750000E-01
6.862318E-01
6.250000E-01
7.256909E-01
8.246211E-01
6.706914E-01
7.453560E-01
7.767276E-01
6.718548E-01
1.000000E+00
7.280110E-01
7.142857E-01
6.599663E-01
6.862318E-01
6.617173E-01
7.256909E-01
7.767276E-01
7.453560E-01
6.718548E-01
8.750000E-01
8.750000E-01
8.958064E-01
7.280110E-01
6.585389E-01
8.750000E-01
7.856742E-01
7.855352E-01
0.000000E+00
7.086764E-01
7.114762E-01
7.515318E-01
7.083291E-01
7.142857E-01
7.030868E-01
7.856742E-01
6.643841E-01
7.142857E-01
7.576044E-01
1.000000E+00
7.856742E-01
8.062937E-01
6.585389E-01
7.767276E-01
7.856742E-01
7.142857E-01
7.158669E-01
6.599663E-01
7.856742E-01
7.856742E-01
6.508541E-01
6.508541E-01
8.571429E-01
7.180327E-01
8.089011E-01
1.000000E+00
7.027284E-01
8.089011E-01
6.508541E-01
8.089011E-01
7.071068E-01
1.000000E+00
1.000000E+00
8.571429E-01
6.527140E-01
8.838835E-01
8.089011E-01
1.000000E+00
6.708204E-01
7.615773E-01
1.000000E+00
8.571429E-01
7.027284E-01
7.603453E-01
1.000000E+00
7.329325E-01
8.838835E-01
7.615773E-01
7.086764E-01
8.838835E-01
6.961091E-01
7.180327E-01
7.168604E-01
7.603453E-01
6.760409E-01
6.708204E-01
7.027284E-01
6.555548E-01
1.000000E+00
7.615773E-01
6.508541E-01
7.086764E-01
6.961091E-01
7.091957E-01
6.555548E-01
7.027284E-01
6.708204E-01
7.168604E-01
8.838835E-01
8.838835E-01
8.571429E-01
7.615773E-01
7.071068E-01
8.838835E-01
8.089011E-01
7.863279E-01
7.086764E-01
0.000000E+00
6.964194E-01
7.429568E-01
6.666667E-01
6.508541E-01
7.158911E-01
8.089011E-01
7.126096E-01
6.508541E-01
7.511565E-01
1.000000E+00
8.089011E-01
8.027849E-01
6.527140E-01
7.027284E-01
8.089011E-01
6.508541E-01
6.859943E-01
6.585389E-01
8.089011E-01
8.089011E-01
7.158669E-01
7.158669E-01
9.395810E-01
6.934715E-01
8.772293E-01
1.000000E+00
8.498366E-01
8.901615E-01
7.158669E-01
8.772293E-01
7.253117E-01
1.000000E+00
1.000000E+00
9.395810E-01
6.657427E-01
9.333333E-01
8.772293E-01
1.000000E+00
8.170618E-01
8.318903E-01
1.000000E+00
9.395810E-01
8.498366E-01
8.901615E-01
1.000000E+00
7.954345E-01
9.333333E-01
8.318903E-01
7.114762E-01
9.333333E-01
7.114582E-01
6.934715E-01
7.905694E-01
8.901615E-01
6.636668E-01
8.170618E-01
8.498366E-01
7.156191E-01
1.000000E+00
8.318903E-01
7.693093E-01
7.114762E-01
6.560488E-01
7.433034E-01
7.905694E-01
8.498366E-01
8.170618E-01
7.412036E-01
9.333333E-01
9.333333E-01
9.395810E-01
8.318903E-01
7.253117E-01
9.333333E-01
8.772293E-01
7.226069E-01
7.114762E-01
6.964194E-01
0.000000E+00
7.084865E-01
7.288690E-01
7.693093E-01
7.075271E-01
8.772293E-01
7.010659E-01
7.693093E-01
7.100227E-01
1.000000E+00
8.772293E-01
6.885656E-01
6.964194E-01
8.498366E-01
8.772293E-01
7.693093E-01
7.154260E-01
6.818010E-01
8.772293E-01
8.772293E-01
7.838155E-01
7.619570E-01
9.411765E-01
7.060600E-01
8.906233E-01
1.000000E+00
8.486587E-01
9.009075E-01
7.838155E-01
9.009075E-01
7.660323E-01
1.000000E+00
1.000000E+00
9.411765E-01
7.429568E-01
9.460770E-01
9.009075E-01
1.000000E+00
8.139410E-01
8.631338E-01
1.000000E+00
9.411765E-01
8.486587E-01
8.906233E-01
1.000000E+00
8.316309E-01
9.460770E-01
8.631338E-01
7.515318E-01
9.460770E-01
6.676947E-01
7.304846E-01
8.054566E-01
8.906233E-01
7.304846E-01
8.139410E-01
8.486587E-01
7.853535E-01
1.000000E+00
8.631338E-01
7.619570E-01
7.515318E-01
7.175397E-01
7.838155E-01
7.853535E-01
8.486587E-01
8.139410E-01
8.054566E-01
9.460770E-01
9.460770E-01
9.411765E-01
8.631338E-01
7.660323E-01
9.460770E-01
9.009075E-01
6.975113E-01
7.515318E-01
7.429568E-01
7.084865E-01
0.000000E+00
6.897061E-01
7.619570E-01
6.623922E-01
9.009075E-01
7.398225E-01
7.619570E-01
6.645973E-01
1.000000E+00
9.009075E-01
7.058836E-01
7.660323E-01
8.486587E-01
9.009075E-01
7.619570E-01
6.988134E-01
7.515318E-01
9.009075E-01
9.009075E-01
7.211103E-01
7.211103E-01
8.888889E-01
7.080855E-01
8.381404E-01
1.000000E+00
7.496556E-01
8.381404E-01
7.211103E-01
8.381404E-01
7.126096E-01
1.000000E+00
1.000000E+00
8.888889E-01
6.144518E-01
9.055385E-01
8.381404E-01
1.000000E+00
7.120003E-01
7.905694E-01
1.000000E+00
8.888889E-01
7.496556E-01
8.062258E-01
1.000000E+00
7.576044E-01
9.055385E-01
7.905694E-01
7.083291E-01
9.055385E-01
6.800735E-01
7.080855E-01
7.354022E-01
8.062258E-01
7.080855E-01
7.120003E-01
7.496556E-01
7.354022E-01
1.000000E+00
7.905694E-01
6.738558E-01
7.083291E-01
7.142857E-01
7.211103E-01
6.880209E-01
7.496556E-01
7.120003E-01
7.354022E-01
9.055385E-01
9.055385E-01
8.888889E-01
7.905694E-01
7.126096E-01
9.055385E-01
8.381404E-01
7.551419E-01
7.083291E-01
6.666667E-01
7.288690E-01
6.897061E-01
0.000000E+00
6.738558E-01
6.615450E-01
8.381404E-01
7.071068E-01
6.738558E-01
7.226267E-01
1.000000E+00
8.381404E-01
7.916636E-01
7.126096E-01
7.496556E-01
8.381404E-01
6.738558E-01
6.740131E-01
7.083291E-01
8.381404E-01
8.381404E-01
7.071068E-01
7.071068E-01
8.333333E-01
7.288690E-01
7.905694E-01
1.000000E+00
6.731456E-01
7.905694E-01
7.071068E-01
7.905694E-01
7.091957E-01
1.000000E+00
1.000000E+00
8.333333E-01
6.508541E-01
8.689661E-01
7.905694E-01
1.000000E+00
6.478835E-01
7.453560E-01
1.000000E+00
8.333333E-01
6.731456E-01
7.284314E-01
1.000000E+00
7.211103E-01
8.689661E-01
7.453560E-01
7.142857E-01
8.689661E-01
6.731456E-01
7.288690E-01
7.100227E-01
7.284314E-01
7.288690E-01
6.478835E-01
6.731456E-01
7.100227E-01
1.000000E+00
7.453560E-01
6.428243E-01
7.142857E-01
7.453560E-01
7.071068E-01
6.403124E-01
6.731456E-01
6.478835E-01
7.100227E-01
8.689661E-01
8.689661E-01
8.333333E-01
7.453560E-01
7.091957E-01
8.689661E-01
7.905694E-01
8.057510E-01
7.142857E-01
6.508541E-01
7.693093E-01
7.619570E-01
6.738558E-01
0.000000E+00
7.330731E-01
7.905694E-01
7.211103E-01
6.428243E-01
7.704367E-01
1.000000E+00
7.905694E-01
8.498366E-01
7.091957E-01
6.731456E-01
7.905694E-01
6.428243E-01
6.987712E-01
7.142857E-01
7.905694E-01
7.905694E-01
7.615773E-01
7.330731E-01
9.285714E-01
6.874517E-01
8.838835E-01
1.000000E+00
8.220592E-01
8.838835E-01
7.615773E-01
8.838835E-01
7.158911E-01
1.000000E+00
1.000000E+00
9.285714E-01
7.158911E-01
9.357113E-01
8.838835E-01
1.000000E+00
7.848038E-01
8.422248E-01
1.000000E+00
9.285714E-01
8.220592E-01
8.692270E-01
1.000000E+00
8.089011E-01
9.357113E-01
8.422248E-01
7.329325E-01
9.357113E-01
6.179422E-01
6.555548E-01
7.824247E-01
8.692270E-01
7.168604E-01
7.848038E-01
8.220592E-01
7.824247E-01
1.000000E+00
8.422248E-01
7.330731E-01
7.329325E-01
7.091957E-01
7.615773E-01
7.556373E-01
8.220592E-01
7.848038E-01
7.824247E-01
9.357113E-01
9.357113E-01
9.285714E-01
8.422248E-01
7.453560E-01
9.357113E-01
8.838835E-01
6.713360E-01
7.030868E-01
7.158911E-01
7.075271E-01
6.623922E-01
6.615450E-01
7.330731E-01
0.000000E+00
8.838835E-01
7.236225E-01
7.330731E-01
6.666667E-01
1.000000E+00
8.838835E-01
7.390813E-01
7.453560E-01
8.220592E-01
8.838835E-01
7.330731E-01
6.833841E-01
7.329325E-01
8.838835E-01
8.838835E-01
6.666667E-01
7.284314E-01
7.453560E-01
8.232168E-01
4.714045E-01
1.000000E+00
7.211103E-01
7.071068E-01
7.284314E-01
4.714045E-01
7.603453E-01
1.000000E+00
1.000000E+00
7.453560E-01
8.089011E-01
5.000000E-01
4.714045E-01
1.000000E+00
7.453560E-01
5.590170E-01
1.000000E+00
7.453560E-01
7.211103E-01
7.071068E-01
1.000000E+00
6.324555E-01
5.000000E-01
5.590170E-01
7.856742E-01
5.000000E-01
8.689661E-01
8.232168E-01
7.693093E-01
7.071068E-01
8.232168E-01
7.453560E-01
7.211103E-01
6.871843E-01
1.000000E+00
5.590170E-01
7.905694E-01
7.856742E-01
8.496432E-01
7.284314E-01
7.693093E-01
7.211103E-01
7.453560E-01
6.871843E-01
5.000000E-01
5.000000E-01
7.453560E-01
5.590170E-01
7.603453E-01
5.000000E-01
4.714045E-01
9.234717E-01
7.856742E-01
8.089011E-01
8.772293E-01
9.009075E-01
8.381404E-01
7.905694E-01
8.838835E-01
0.000000E+00
8.062258E-01
7.905694E-01
9.055385E-01
1.000000E+00
4.714045E-01
9.360399E-01
7.603453E-01
7.211103E-01
4.714045E-01
7.905694E-01
8.600261E-01
7.856742E-01
4.714045E-01
4.714045E-01
6.738558E-01
6.738558E-01
9.055385E-01
6.689775E-01
8.062258E-01
1.000000E+00
7.905694E-01
8.381404E-01
6.738558E-01
8.062258E-01
6.666667E-01
1.000000E+00
1.000000E+00
9.055385E-01
7.126096E-01
8.888889E-01
8.062258E-01
1.000000E+00
7.576044E-01
7.496556E-01
1.000000E+00
9.055385E-01
7.905694E-01
8.381404E-01
1.000000E+00
7.120003E-01
8.888889E-01
7.496556E-01
6.643841E-01
8.888889E-01
7.142857E-01
6.689775E-01
7.354022E-01
8.381404E-01
6.689775E-01
7.576044E-01
7.905694E-01
6.880209E-01
1.000000E+00
7.496556E-01
7.211103E-01
6.643841E-01
6.424503E-01
6.738558E-01
7.354022E-01
7.905694E-01
7.576044E-01
6.880209E-01
8.888889E-01
8.888889E-01
9.055385E-01
7.496556E-01
6.666667E-01
8.888889E-01
8.062258E-01
7.551419E-01
6.643841E-01
7.126096E-01
7.010659E-01
7.398225E-01
7.071068E-01
7.211103E-01
7.236225E-01
8.062258E-01
0.000000E+00
7.211103E-01
7.453560E-01
1.000000E+00
8.062258E-01
7.916636E-01
6.666667E-01
7.905694E-01
8.062258E-01
7.211103E-01
7.106335E-01
6.146363E-01
8.062258E-01
8.062258E-01
7.071068E-01
7.071068E-01
8.333333E-01
6.863753E-01
7.905694E-01
1.000000E+00
6.731456E-01
7.905694E-01
7.071068E-01
7.905694E-01
7.091957E-01
1.000000E+00
1.000000E+00
8.333333E-01
6.508541E-01
8.689661E-01
7.905694E-01
1.000000E+00
6.478835E-01
7.453560E-01
1.000000E+00
8.333333E-01
6.731456E-01
7.284314E-01
1.000000E+00
7.211103E-01
8.689661E-01
7.453560E-01
7.142857E-01
8.689661E-01
6.731456E-01
7.288690E-01
7.100227E-01
7.284314E-01
7.288690E-01
6.478835E-01
6.731456E-01
7.100227E-01
1.000000E+00
7.453560E-01
6.428243E-01
7.142857E-01
7.107674E-01
7.071068E-01
6.403124E-01
6.731456E-01
6.478835E-01
7.100227E-01
8.689661E-01
8.689661E-01
8.333333E-01
7.453560E-01
7.091957E-01
8.689661E-01
7.905694E-01
7.778365E-01
7.142857E-01
6.508541E-01
7.693093E-01
7.619570E-01
6.738558E-01
6.428243E-01
7.330731E-01
7.905694E-01
7.211103E-01
0.000000E+00
7.496556E-01
1.000000E+00
7.905694E-01
8.318903E-01
7.091957E-01
6.731456E-01
7.905694E-01
6.428243E-01
6.565905E-01
7.142857E-01
7.905694E-01
7.905694E-01
7.905694E-01
7.704367E-01
9.444444E-01
7.124216E-01
9.055385E-01
1.000000E+00
8.558621E-01
9.055385E-01
7.905694E-01
9.055385E-01
7.288285E-01
1.000000E+00
1.000000E+00
9.444444E-01
7.511565E-01
9.488293E-01
9.055385E-01
1.000000E+00
8.220322E-01
8.689661E-01
1.000000E+00
9.444444E-01
8.558621E-01
8.962835E-01
1.000000E+00
8.381404E-01
9.488293E-01
8.689661E-01
7.576044E-01
9.488293E-01
6.478835E-01
7.354022E-01
8.122409E-01
8.962835E-01
7.354022E-01
8.220322E-01
8.558621E-01
8.122409E-01
1.000000E+00
8.689661E-01
7.704367E-01
7.576044E-01
6.982226E-01
7.905694E-01
7.938295E-01
8.558621E-01
8.220322E-01
8.122409E-01
9.488293E-01
9.488293E-01
9.444444E-01
8.689661E-01
7.725283E-01
9.488293E-01
9.055385E-01
6.167668E-01
7.576044E-01
7.511565E-01
7.100227E-01
6.645973E-01
7.226267E-01
7.704367E-01
6.666667E-01
9.055385E-01
7.453560E-01
7.496556E-01
0.000000E+00
1.000000E+00
9.055385E-01
6.553025E-01
7.725283E-01
8.558621E-01
9.055385E-01
7.704367E-01
6.799096E-01
7.576044E-01
9.055385E-01
9.055385E-01
1.000000E+00
1.000000E+00
1.000000E+00
1.000000E+00
1.000000E+00
0.000000E+00
1.000000E+00
1.000000E+00
1.000000E+00
1.000000E+00
1.000000E+00
0.000000E+00
0.000000E+00
1.000000E+00
1.000000E+00
1.000000E+00
1.000000E+00
0.000000E+00
1.000000E+00
1.000000E+00
0.000000E+00
1.000000E+00
1.000000E+00
1.000000E+00
0.000000E+00
1.000000E+00
1.000000E+00
1.000000E+00
1.000000E+00
1.000000E+00
1.000000E+00
1.000000E+00
1.000000E+00
1.000000E+00
1.000000E+00
1.000000E+00
1.000000E+00
1.000000E+00
0.000000E+00
1.000000E+00
1.000000E+00
1.000000E+00
1.000000E+00
1.000000E+00
1.000000E+00
1.000000E+00
1.000000E+00
1.000000E+00
1.000000E+00
1.000000E+00
1.000000E+00
1.000000E+00
1.000000E+00
1.000000E+00
1.000000E+00
1.000000E+00
1.000000E+00
1.000000E+00
1.000000E+00
1.000000E+00
1.000000E+00
1.000000E+00
1.000000E+00
1.000000E+00
1.000000E+00
1.000000E+00
1.000000E+00
0.000000E+00
1.000000E+00
1.000000E+00
1.000000E+00
1.000000E+00
1.000000E+00
1.000000E+00
1.000000E+00
1.000000E+00
1.000000E+00
1.000000E+00
6.666667E-01
7.284314E-01
7.453560E-01
8.232168E-01
4.714045E-01
1.000000E+00
7.211103E-01
4.714045E-01
7.284314E-01
4.714045E-01
7.603453E-01
1.000000E+00
1.000000E+00
7.453560E-01
8.089011E-01
5.000000E-01
4.714045E-01
1.000000E+00
6.324555E-01
5.590170E-01
1.000000E+00
7.453560E-01
7.211103E-01
4.714045E-01
1.000000E+00
6.324555E-01
5.000000E-01
5.590170E-01
7.856742E-01
5.000000E-01
8.689661E-01
8.232168E-01
7.693093E-01
7.071068E-01
8.232168E-01
6.324555E-01
7.211103E-01
6.871843E-01
1.000000E+00
5.590170E-01
7.284314E-01
7.856742E-01
8.496432E-01
7.284314E-01
7.693093E-01
5.590170E-01
7.453560E-01
6.871843E-01
5.000000E-01
5.000000E-01
7.453560E-01
3.333333E-01
7.603453E-01
5.000000E-01
4.714045E-01
9.234717E-01
7.856742E-01
8.089011E-01
8.772293E-01
9.009075E-01
8.381404E-01
7.905694E-01
8.838835E-01
4.714045E-01
8.062258E-01
7.905694E-01
9.055385E-01
1.000000E+00
0.000000E+00
9.360399E-01
7.603453E-01
5.590170E-01
4.714045E-01
7.905694E-01
8.600261E-01
7.856742E-01
4.714045E-01
4.714045E-01
8.318903E-01
8.149003E-01
9.682794E-01
7.538554E-01
9.360399E-01
1.000000E+00
9.136251E-01
9.395810E-01
8.407965E-01
9.360399E-01
8.027849E-01
1.000000E+00
1.000000E+00
9.682794E-01
8.027849E-01
9.666667E-01
9.360399E-01
1.000000E+00
8.834776E-01
9.084026E-01
1.000000E+00
9.682794E-01
9.136251E-01
9.395810E-01
1.000000E+00
8.834776E-01
9.666667E-01
9.084026E-01
8.062937E-01
9.666667E-01
7.016624E-01
7.412036E-01
8.689661E-01
9.395810E-01
7.785757E-01
8.834776E-01
9.136251E-01
8.533411E-01
1.000000E+00
9.084026E-01
8.498366E-01
8.062937E-01
7.297564E-01
8.407965E-01
8.689661E-01
9.136251E-01
8.901615E-01
8.460616E-01
9.666667E-01
9.666667E-01
9.682794E-01
9.084026E-01
8.226163E-01
9.666667E-01
9.360399E-01
6.720119E-01
8.062937E-01
8.027849E-01
6.885656E-01
7.058836E-01
7.916636E-01
8.498366E-01
7.390813E-01
9.360399E-01
7.916636E-01
8.318903E-01
6.553025E-01
1.000000E+00
9.360399E-01
0.000000E+00
8.126550E-01
9.136251E-01
9.360399E-01
8.498366E-01
7.793437E-01
7.954345E-01
9.333333E-01
9.360399E-01
6.508541E-01
5.821022E-01
8.838835E-01
6.760409E-01
7.603453E-01
1.000000E+00
7.615773E-01
8.089011E-01
6.508541E-01
7.603453E-01
6.527140E-01
1.000000E+00
1.000000E+00
8.838835E-01
7.071068E-01
8.571429E-01
7.603453E-01
1.000000E+00
7.329325E-01
7.027284E-01
1.000000E+00
8.838835E-01
7.615773E-01
8.089011E-01
1.000000E+00
6.708204E-01
8.571429E-01
7.027284E-01
6.585389E-01
8.571429E-01
7.311813E-01
6.760409E-01
7.168604E-01
8.089011E-01
6.760409E-01
7.329325E-01
7.615773E-01
6.555548E-01
1.000000E+00
7.027284E-01
7.091957E-01
6.585389E-01
6.961091E-01
6.508541E-01
7.168604E-01
7.615773E-01
7.329325E-01
6.555548E-01
8.571429E-01
8.571429E-01
8.838835E-01
7.027284E-01
6.527140E-01
8.571429E-01
7.603453E-01
8.013877E-01
6.585389E-01
6.527140E-01
6.964194E-01
7.660323E-01
7.126096E-01
7.091957E-01
7.453560E-01
7.603453E-01
6.666667E-01
7.091957E-01
7.725283E-01
1.000000E+00
7.603453E-01
8.126550E-01
0.000000E+00
7.615773E-01
7.603453E-01
7.091957E-01
7.243558E-01
6.007884E-01
7.603453E-01
7.603453E-01
6.731456E-01
7.453560E-01
6.666667E-01
8.031005E-01
7.211103E-01
1.000000E+00
5.656854E-01
5.590170E-01
7.453560E-01
7.211103E-01
7.615773E-01
1.000000E+00
1.000000E+00
6.666667E-01
7.027284E-01
7.905694E-01
7.211103E-01
1.000000E+00
4.472136E-01
7.071068E-01
1.000000E+00
6.666667E-01
5.656854E-01
3.333333E-01
1.000000E+00
7.142857E-01
7.905694E-01
7.071068E-01
7.767276E-01
7.905694E-01
7.985957E-01
8.031005E-01
7.288690E-01
5.590170E-01
8.031005E-01
4.472136E-01
5.656854E-01
7.288690E-01
1.000000E+00
7.071068E-01
5.890151E-01
7.767276E-01
8.246211E-01
7.453560E-01
6.388766E-01
3.535534E-01
6.009252E-01
7.288690E-01
7.905694E-01
7.905694E-01
6.666667E-01
5.656854E-01
7.615773E-01
7.905694E-01
7.211103E-01
8.836289E-01
7.767276E-01
7.027284E-01
8.498366E-01
8.486587E-01
7.496556E-01
6.731456E-01
8.220592E-01
7.211103E-01
7.905694E-01
6.731456E-01
8.558621E-01
1.000000E+00
5.590170E-01
9.136251E-01
7.615773E-01
0.000000E+00
7.211103E-01
6.731456E-01
7.844645E-01
7.767276E-01
7.211103E-01
7.211103E-01
7.284314E-01
7.284314E-01
7.453560E-01
8.232168E-01
4.714045E-01
1.000000E+00
7.211103E-01
7.071068E-01
7.284314E-01
4.714045E-01
7.603453E-01
1.000000E+00
1.000000E+00
7.453560E-01
8.089011E-01
5.000000E-01
4.714045E-01
1.000000E+00
7.453560E-01
5.590170E-01
1.000000E+00
7.453560E-01
7.211103E-01
7.071068E-01
1.000000E+00
6.324555E-01
5.000000E-01
5.590170E-01
7.856742E-01
5.000000E-01
8.689661E-01
8.232168E-01
7.693093E-01
7.071068E-01
8.232168E-01
7.453560E-01
7.211103E-01
6.871843E-01
1.000000E+00
5.590170E-01
7.905694E-01
7.856742E-01
8.496432E-01
7.284314E-01
7.693093E-01
7.211103E-01
7.453560E-01
6.871843E-01
5.000000E-01
5.000000E-01
7.453560E-01
5.590170E-01
7.603453E-01
5.000000E-01
4.714045E-01
9.234717E-01
7.856742E-01
8.089011E-01
8.772293E-01
9.009075E-01
8.381404E-01
7.905694E-01
8.838835E-01
4.714045E-01
8.062258E-01
7.905694E-01
9.055385E-01
1.000000E+00
4.714045E-01
9.360399E-01
7.603453E-01
7.211103E-01
0.000000E+00
7.905694E-01
8.600261E-01
7.856742E-01
4.714045E-01
4.714045E-01
6.428243E-01
7.071068E-01
8.333333E-01
7.288690E-01
7.905694E-01
1.000000E+00
6.731456E-01
7.905694E-01
7.071068E-01
7.905694E-01
6.508541E-01
1.000000E+00
1.000000E+00
8.333333E-01
6.508541E-01
8.689661E-01
7.905694E-01
1.000000E+00
6.478835E-01
7.453560E-01
1.000000E+00
8.333333E-01
6.731456E-01
7.284314E-01
1.000000E+00
6.478835E-01
8.689661E-01
7.453560E-01
6.617173E-01
8.689661E-01
7.107674E-01
7.288690E-01
6.403124E-01
7.284314E-01
7.288690E-01
6.478835E-01
6.731456E-01
7.100227E-01
1.000000E+00
6.731456E-01
6.428243E-01
6.617173E-01
7.453560E-01
6.428243E-01
6.403124E-01
6.731456E-01
6.478835E-01
7.100227E-01
8.689661E-01
8.689661E-01
8.333333E-01
7.453560E-01
7.091957E-01
8.689661E-01
7.905694E-01
8.057510E-01
7.142857E-01
6.508541E-01
7.693093E-01
7.619570E-01
6.738558E-01
6.428243E-01
7.330731E-01
7.905694E-01
7.211103E-01
6.428243E-01
7.704367E-01
1.000000E+00
7.905694E-01
8.498366E-01
7.091957E-01
6.731456E-01
7.905694E-01
0.000000E+00
6.987712E-01
6.617173E-01
7.905694E-01
7.905694E-01
7.370567E-01
7.370567E-01
9.090909E-01
7.079080E-01
8.600261E-01
1.000000E+00
7.844645E-01
8.600261E-01
7.370567E-01
8.600261E-01
7.243558E-01
1.000000E+00
1.000000E+00
9.090909E-01
6.859943E-01
9.204468E-01
8.600261E-01
1.000000E+00
7.457362E-01
8.144110E-01
1.000000E+00
9.090909E-01
7.844645E-01
8.374896E-01
1.000000E+00
7.803133E-01
9.204468E-01
8.144110E-01
7.158669E-01
9.204468E-01
6.757304E-01
7.079080E-01
7.551904E-01
8.374896E-01
7.079080E-01
7.457362E-01
7.844645E-01
7.551904E-01
1.000000E+00
8.144110E-01
6.987712E-01
7.158669E-01
7.077748E-01
7.370567E-01
7.180220E-01
7.844645E-01
7.457362E-01
7.551904E-01
9.204468E-01
9.204468E-01
9.090909E-01
8.144110E-01
7.243558E-01
9.204468E-01
8.600261E-01
6.948600E-01
7.158669E-01
6.859943E-01
7.154260E-01
6.988134E-01
6.740131E-01
6.987712E-01
6.833841E-01
8.600261E-01
7.106335E-01
6.565905E-01
6.799096E-01
1.000000E+00
8.600261E-01
7.793437E-01
7.243558E-01
7.844645E-01
8.600261E-01
6.987712E-01
0.000000E+00
7.158669E-01
8.600261E-01
8.600261E-01
6.009252E-01
6.009252E-01
8.958064E-01
6.706914E-01
7.856742E-01
1.000000E+00
7.767276E-01
8.246211E-01
6.617173E-01
7.856742E-01
6.007884E-01
1.000000E+00
1.000000E+00
8.958064E-01
7.086764E-01
8.750000E-01
7.856742E-01
1.000000E+00
7.453560E-01
7.280110E-01
1.000000E+00
8.958064E-01
7.767276E-01
8.246211E-01
1.000000E+00
5.665577E-01
8.750000E-01
7.280110E-01
6.060915E-01
8.750000E-01
7.211103E-01
6.706914E-01
6.718548E-01
8.246211E-01
6.706914E-01
7.453560E-01
7.767276E-01
6.718548E-01
1.000000E+00
6.758625E-01
7.142857E-01
6.060915E-01
6.862318E-01
6.009252E-01
7.256909E-01
7.767276E-01
7.453560E-01
6.718548E-01
8.750000E-01
8.750000E-01
8.958064E-01
7.280110E-01
6.585389E-01
8.750000E-01
7.500000E-01
7.695598E-01
6.599663E-01
6.585389E-01
6.818010E-01
7.515318E-01
7.083291E-01
7.142857E-01
7.329325E-01
7.856742E-01
6.146363E-01
7.142857E-01
7.576044E-01
1.000000E+00
7.856742E-01
7.954345E-01
6.007884E-01
7.767276E-01
7.856742E-01
6.617173E-01
7.158669E-01
0.000000E+00
7.856742E-01
7.856742E-01
6.666667E-01
7.284314E-01
7.453560E-01
8.232168E-01
4.714045E-01
1.000000E+00
7.211103E-01
7.071068E-01
7.284314E-01
4.714045E-01
7.603453E-01
1.000000E+00
1.000000E+00
7.453560E-01
8.089011E-01
5.000000E-01
4.714045E-01
1.000000E+00
6.324555E-01
5.590170E-01
1.000000E+00
7.453560E-01
7.211103E-01
7.071068E-01
1.000000E+00
6.324555E-01
5.000000E-01
5.590170E-01
7.856742E-01
5.000000E-01
8.689661E-01
8.232168E-01
7.693093E-01
7.071068E-01
8.232168E-01
6.324555E-01
7.211103E-01
6.871843E-01
1.000000E+00
5.590170E-01
7.905694E-01
7.856742E-01
8.333333E-01
7.284314E-01
7.693093E-01
7.211103E-01
7.453560E-01
6.000000E-01
5.000000E-01
5.000000E-01
7.453560E-01
5.590170E-01
7.603453E-01
5.000000E-01
4.714045E-01
9.234717E-01
7.856742E-01
8.089011E-01
8.772293E-01
9.009075E-01
8.381404E-01
7.905694E-01
8.838835E-01
4.714045E-01
8.062258E-01
7.905694E-01
9.055385E-01
1.000000E+00
4.714045E-01
9.333333E-01
7.603453E-01
7.211103E-01
4.714045E-01
7.905694E-01
8.600261E-01
7.856742E-01
0.000000E+00
4.714045E-01
7.284314E-01
7.284314E-01
7.453560E-01
8.232168E-01
4.714045E-01
1.000000E+00
7.211103E-01
7.071068E-01
7.284314E-01
4.714045E-01
7.603453E-01
1.000000E+00
1.000000E+00
7.453560E-01
8.089011E-01
5.000000E-01
4.714045E-01
1.000000E+00
7.453560E-01
5.590170E-01
1.000000E+00
7.453560E-01
7.211103E-01
7.071068E-01
1.000000E+00
6.324555E-01
5.000000E-01
5.590170E-01
7.856742E-01
5.000000E-01
8.689661E-01
8.232168E-01
7.693093E-01
7.071068E-01
8.232168E-01
7.453560E-01
7.211103E-01
6.871843E-01
1.000000E+00
5.590170E-01
7.905694E-01
7.856742E-01
8.496432E-01
7.284314E-01
7.693093E-01
7.211103E-01
7.453560E-01
6.871843E-01
5.000000E-01
5.000000E-01
7.453560E-01
5.590170E-01
7.603453E-01
5.000000E-01
4.714045E-01
9.234717E-01
7.856742E-01
8.089011E-01
8.772293E-01
9.009075E-01
8.381404E-01
7.905694E-01
8.838835E-01
4.714045E-01
8.062258E-01
7.905694E-01
9.055385E-01
1.000000E+00
4.714045E-01
9.360399E-01
7.603453E-01
7.211103E-01
4.714045E-01
7.905694E-01
8.600261E-01
7.856742E-01
4.714045E-01
0.000000E+00
