7.142857E-01
7.288690E-01
5.590170E-01
8.498366E-01
3.535534E-01
1.000000E+00
7.071068E-01
7.027284E-01
7.615773E-01
8.407081E-01
7.027284E-01
7.844645E-01
5.590170E-01
6.666667E-01
6.009252E-01
7.027284E-01
8.031005E-01
6.388766E-01
5.656854E-01
7.905694E-01
7.615773E-01
8.110350E-01
6.666667E-01
5.590170E-01
6.731456E-01
7.453560E-01
7.615773E-01
7.288690E-01
6.009252E-01
5.590170E-01
8.338540E-01
6.009252E-01
7.280110E-01
7.453560E-01
6.731456E-01
6.009252E-01
7.027284E-01
7.071068E-01
7.114582E-01
6.324555E-01
8.170618E-01
6.009252E-01
1.000000E+00
7.142857E-01
6.708204E-01
7.329325E-01
8.246211E-01
7.329325E-01
7.457362E-01
6.324555E-01
7.500000E-01
6.060915E-01
6.708204E-01
7.693093E-01
6.250000E-01
6.009252E-01
8.246211E-01
7.329325E-01
7.730823E-01
7.500000E-01
6.324555E-01
6.478835E-01
7.211103E-01
7.329325E-01
7.114582E-01
6.060915E-01
6.324555E-01
7.730823E-01
6.060915E-01
6.923430E-01
7.211103E-01
6.478835E-01
6.060915E-01
6.708204E-01
7.211103E-01
7.100227E-01
7.284314E-01
7.693093E-01
6.731456E-01
1.000000E+00
7.453560E-01
6.508541E-01
7.091957E-01
7.767276E-01
7.091957E-01
6.987712E-01
7.284314E-01
8.333333E-01
6.478835E-01
6.508541E-01
7.288690E-01
6.403124E-01
6.731456E-01
8.689661E-01
7.091957E-01
6.525192E-01
8.333333E-01
7.284314E-01
6.428243E-01
7.071068E-01
7.091957E-01
7.100227E-01
6.478835E-01
7.284314E-01
7.535695E-01
6.478835E-01
6.617173E-01
7.071068E-01
6.428243E-01
6.478835E-01
6.508541E-01
6.923430E-01
7.256909E-01
7.856742E-01
7.114762E-01
7.280110E-01
1.000000E+00
7.767276E-01
6.585389E-01
7.086764E-01
7.196933E-01
7.086764E-01
6.781420E-01
7.856742E-01
8.750000E-01
6.324555E-01
6.007884E-01
7.114582E-01
5.385165E-01
7.280110E-01
8.958064E-01
6.585389E-01
6.211300E-01
8.750000E-01
7.856742E-01
6.617173E-01
7.142857E-01
7.086764E-01
7.256909E-01
6.324555E-01
7.856742E-01
7.268732E-01
6.923430E-01
6.599663E-01
7.142857E-01
6.617173E-01
6.923430E-01
6.585389E-01
7.453560E-01
7.693093E-01
4.714045E-01
8.901615E-01
5.590170E-01
1.000000E+00
7.211103E-01
7.603453E-01
8.089011E-01
8.958064E-01
8.089011E-01
8.374896E-01
4.714045E-01
5.000000E-01
6.324555E-01
7.603453E-01
8.498366E-01
6.871843E-01
5.590170E-01
7.453560E-01
8.089011E-01
8.601139E-01
5.000000E-01
4.714045E-01
7.284314E-01
7.905694E-01
8.089011E-01
7.693093E-01
6.324555E-01
4.714045E-01
8.768631E-01
6.324555E-01
7.856742E-01
7.905694E-01
7.284314E-01
6.324555E-01
7.603453E-01
6.478835E-01
6.403124E-01
7.905694E-01
7.433034E-01
7.453560E-01
1.000000E+00
5.890151E-01
6.508541E-01
6.508541E-01
7.529233E-01
6.508541E-01
6.987712E-01
7.905694E-01
8.689661E-01
7.211103E-01
7.091957E-01
6.388766E-01
7.100227E-01
6.731456E-01
8.689661E-01
6.508541E-01
7.535695E-01
8.689661E-01
7.905694E-01
7.071068E-01
5.656854E-01
7.091957E-01
6.403124E-01
6.478835E-01
7.284314E-01
7.222222E-01
6.478835E-01
7.142857E-01
6.428243E-01
7.071068E-01
6.478835E-01
7.091957E-01
6.324555E-01
6.871843E-01
7.071068E-01
8.772293E-01
7.211103E-01
1.000000E+00
5.590170E-01
8.089011E-01
7.603453E-01
8.958064E-01
7.603453E-01
8.600261E-01
7.071068E-01
7.453560E-01
7.453560E-01
8.089011E-01
8.232168E-01
7.693093E-01
7.211103E-01
7.453560E-01
7.603453E-01
8.768631E-01
7.453560E-01
7.071068E-01
7.905694E-01
7.284314E-01
8.089011E-01
6.871843E-01
7.453560E-01
7.071068E-01
8.601139E-01
7.453560E-01
8.246211E-01
7.284314E-01
7.905694E-01
7.453560E-01
8.089011E-01
7.453560E-01
7.693093E-01
4.714045E-01
8.901615E-01
5.590170E-01
1.000000E+00
7.211103E-01
7.603453E-01
8.089011E-01
8.958064E-01
8.089011E-01
8.374896E-01
4.714045E-01
5.000000E-01
6.324555E-01
7.603453E-01
8.498366E-01
6.871843E-01
5.590170E-01
7.453560E-01
8.089011E-01
8.601139E-01
5.000000E-01
4.714045E-01
7.284314E-01
7.905694E-01
8.089011E-01
7.693093E-01
6.324555E-01
4.714045E-01
8.768631E-01
6.324555E-01
7.856742E-01
7.905694E-01
7.284314E-01
6.324555E-01
7.603453E-01
7.114582E-01
7.071068E-01
6.871843E-01
7.905694E-01
6.388766E-01
1.000000E+00
6.388766E-01
5.830952E-01
7.168604E-01
7.762087E-01
7.168604E-01
6.776309E-01
6.871843E-01
8.000000E-01
6.250000E-01
6.555548E-01
7.034898E-01
6.285394E-01
5.270463E-01
8.498366E-01
7.168604E-01
7.440653E-01
8.000000E-01
6.871843E-01
6.403124E-01
7.100227E-01
7.168604E-01
7.071068E-01
5.150788E-01
6.000000E-01
7.737993E-01
5.150788E-01
6.718548E-01
7.100227E-01
6.403124E-01
5.150788E-01
6.555548E-01
7.453560E-01
7.693093E-01
4.714045E-01
8.901615E-01
5.590170E-01
1.000000E+00
7.211103E-01
7.603453E-01
8.089011E-01
8.958064E-01
8.089011E-01
8.374896E-01
4.714045E-01
5.000000E-01
6.324555E-01
7.603453E-01
8.498366E-01
6.871843E-01
5.590170E-01
7.453560E-01
8.089011E-01
8.601139E-01
5.000000E-01
4.714045E-01
7.284314E-01
7.905694E-01
8.089011E-01
7.693093E-01
6.324555E-01
4.714045E-01
8.768631E-01
6.324555E-01
7.856742E-01
7.905694E-01
7.284314E-01
6.324555E-01
7.603453E-01
7.211103E-01
7.100227E-01
7.905694E-01
7.693093E-01
7.453560E-01
1.000000E+00
6.731456E-01
6.508541E-01
7.091957E-01
7.529233E-01
7.091957E-01
6.987712E-01
7.905694E-01
8.689661E-01
7.211103E-01
7.091957E-01
6.388766E-01
7.100227E-01
6.731456E-01
8.689661E-01
7.091957E-01
7.535695E-01
8.689661E-01
7.905694E-01
7.071068E-01
7.071068E-01
7.091957E-01
7.100227E-01
6.478835E-01
7.284314E-01
7.535695E-01
6.478835E-01
7.142857E-01
7.071068E-01
7.071068E-01
6.478835E-01
7.091957E-01
7.453560E-01
7.693093E-01
4.714045E-01
8.901615E-01
5.590170E-01
1.000000E+00
7.211103E-01
7.603453E-01
8.089011E-01
8.958064E-01
8.089011E-01
8.374896E-01
4.714045E-01
5.000000E-01
6.324555E-01
7.603453E-01
8.498366E-01
6.871843E-01
5.590170E-01
7.453560E-01
8.089011E-01
8.601139E-01
5.000000E-01
4.714045E-01
7.284314E-01
7.905694E-01
8.089011E-01
7.693093E-01
6.324555E-01
4.714045E-01
8.768631E-01
6.324555E-01
7.856742E-01
7.905694E-01
7.284314E-01
6.324555E-01
7.603453E-01
7.453560E-01
7.693093E-01
4.714045E-01
8.901615E-01
5.590170E-01
1.000000E+00
7.211103E-01
7.603453E-01
8.089011E-01
8.958064E-01
8.089011E-01
8.374896E-01
4.714045E-01
5.000000E-01
6.324555E-01
7.603453E-01
8.498366E-01
6.871843E-01
5.590170E-01
7.453560E-01
8.089011E-01
8.601139E-01
5.000000E-01
4.714045E-01
7.284314E-01
7.905694E-01
8.089011E-01
7.693093E-01
6.324555E-01
4.714045E-01
8.768631E-01
6.324555E-01
7.856742E-01
7.905694E-01
7.284314E-01
6.324555E-01
7.603453E-01
7.453560E-01
7.693093E-01
4.714045E-01
8.901615E-01
5.590170E-01
1.000000E+00
5.590170E-01
7.142857E-01
8.089011E-01
8.843116E-01
8.089011E-01
8.181818E-01
4.714045E-01
5.000000E-01
6.324555E-01
7.603453E-01
8.232168E-01
6.871843E-01
3.333333E-01
7.453560E-01
8.089011E-01
8.601139E-01
5.000000E-01
4.714045E-01
7.284314E-01
7.905694E-01
8.089011E-01
7.693093E-01
5.000000E-01
0.000000E+00
8.768631E-01
5.000000E-01
7.856742E-01
7.905694E-01
7.284314E-01
5.000000E-01
7.603453E-01
7.453560E-01
7.693093E-01
4.714045E-01
8.901615E-01
5.590170E-01
1.000000E+00
7.211103E-01
7.603453E-01
8.089011E-01
8.958064E-01
8.089011E-01
8.374896E-01
4.714045E-01
5.000000E-01
6.324555E-01
7.603453E-01
8.498366E-01
6.871843E-01
5.590170E-01
7.453560E-01
8.089011E-01
8.601139E-01
5.000000E-01
4.714045E-01
7.284314E-01
7.905694E-01
8.089011E-01
7.693093E-01
6.324555E-01
4.714045E-01
8.768631E-01
6.324555E-01
7.856742E-01
7.905694E-01
7.284314E-01
6.324555E-01
7.603453E-01
6.009252E-01
6.388766E-01
7.211103E-01
8.318903E-01
7.071068E-01
1.000000E+00
5.656854E-01
7.615773E-01
7.027284E-01
8.567800E-01
7.027284E-01
8.144110E-01
7.211103E-01
7.905694E-01
7.142857E-01
7.615773E-01
7.682954E-01
7.288690E-01
7.071068E-01
7.905694E-01
7.027284E-01
8.338540E-01
7.905694E-01
7.211103E-01
7.453560E-01
6.731456E-01
7.615773E-01
6.388766E-01
7.142857E-01
7.211103E-01
8.110350E-01
7.142857E-01
7.767276E-01
6.731456E-01
7.453560E-01
7.142857E-01
7.615773E-01
7.453560E-01
7.693093E-01
4.714045E-01
8.901615E-01
5.590170E-01
1.000000E+00
7.211103E-01
7.603453E-01
8.089011E-01
8.958064E-01
8.089011E-01
8.374896E-01
4.714045E-01
5.000000E-01
6.324555E-01
7.603453E-01
8.498366E-01
6.871843E-01
5.590170E-01
7.453560E-01
8.089011E-01
8.601139E-01
5.000000E-01
4.714045E-01
7.284314E-01
7.905694E-01
8.089011E-01
7.693093E-01
6.324555E-01
4.714045E-01
8.768631E-01
6.324555E-01
7.856742E-01
7.905694E-01
7.284314E-01
6.324555E-01
7.603453E-01
8.246211E-01
8.498366E-01
5.000000E-01
9.395810E-01
6.666667E-01
1.000000E+00
7.905694E-01
8.571429E-01
8.838835E-01
9.430129E-01
8.838835E-01
9.090909E-01
5.000000E-01
0.000000E+00
7.500000E-01
8.571429E-01
9.136251E-01
8.000000E-01
6.666667E-01
7.071068E-01
8.838835E-01
9.230769E-01
0.000000E+00
5.000000E-01
8.333333E-01
8.689661E-01
8.838835E-01
8.498366E-01
7.500000E-01
5.000000E-01
9.313146E-01
7.500000E-01
8.750000E-01
8.689661E-01
8.333333E-01
7.500000E-01
8.571429E-01
6.324555E-01
6.871843E-01
7.071068E-01
8.772293E-01
7.211103E-01
1.000000E+00
5.590170E-01
8.089011E-01
7.603453E-01
8.958064E-01
7.142857E-01
8.600261E-01
7.071068E-01
7.453560E-01
7.453560E-01
8.089011E-01
8.232168E-01
7.693093E-01
7.211103E-01
7.453560E-01
7.603453E-01
8.768631E-01
7.453560E-01
7.071068E-01
7.905694E-01
7.284314E-01
8.089011E-01
6.871843E-01
7.453560E-01
7.071068E-01
8.601139E-01
7.453560E-01
8.246211E-01
7.284314E-01
7.905694E-01
7.453560E-01
8.089011E-01
7.114582E-01
7.071068E-01
6.871843E-01
7.663274E-01
5.270463E-01
1.000000E+00
7.288690E-01
6.555548E-01
6.555548E-01
7.762087E-01
6.555548E-01
7.180220E-01
6.871843E-01
8.000000E-01
6.250000E-01
6.555548E-01
7.453560E-01
6.285394E-01
6.388766E-01
8.498366E-01
7.168604E-01
7.440653E-01
8.000000E-01
6.871843E-01
6.403124E-01
7.100227E-01
7.168604E-01
7.071068E-01
6.250000E-01
6.871843E-01
7.737993E-01
6.250000E-01
6.718548E-01
7.100227E-01
6.403124E-01
5.150788E-01
6.555548E-01
7.453560E-01
7.693093E-01
4.714045E-01
8.901615E-01
5.590170E-01
1.000000E+00
7.211103E-01
7.603453E-01
8.089011E-01
8.958064E-01
8.089011E-01
8.374896E-01
4.714045E-01
5.000000E-01
6.324555E-01
7.603453E-01
8.498366E-01
6.871843E-01
5.590170E-01
7.453560E-01
8.089011E-01
8.601139E-01
5.000000E-01
4.714045E-01
7.284314E-01
7.905694E-01
8.089011E-01
7.693093E-01
6.324555E-01
4.714045E-01
8.768631E-01
6.324555E-01
7.856742E-01
7.905694E-01
7.284314E-01
6.324555E-01
7.603453E-01
7.329325E-01
7.168604E-01
7.603453E-01
7.253117E-01
7.027284E-01
1.000000E+00
7.615773E-01
6.527140E-01
6.527140E-01
7.593152E-01
7.071068E-01
6.859943E-01
7.603453E-01
8.571429E-01
6.708204E-01
6.527140E-01
7.180327E-01
6.555548E-01
7.027284E-01
8.838835E-01
7.071068E-01
6.712803E-01
8.571429E-01
7.603453E-01
6.508541E-01
7.091957E-01
7.071068E-01
7.168604E-01
6.708204E-01
7.603453E-01
7.382412E-01
6.708204E-01
6.585389E-01
7.091957E-01
6.508541E-01
5.983516E-01
6.527140E-01
7.142857E-01
7.288690E-01
5.590170E-01
8.498366E-01
5.656854E-01
1.000000E+00
7.071068E-01
7.027284E-01
7.615773E-01
8.567800E-01
7.615773E-01
7.844645E-01
5.590170E-01
6.666667E-01
6.009252E-01
7.027284E-01
8.031005E-01
6.388766E-01
5.656854E-01
7.905694E-01
7.615773E-01
8.110350E-01
6.666667E-01
5.590170E-01
6.731456E-01
7.453560E-01
7.615773E-01
7.288690E-01
6.009252E-01
5.590170E-01
8.338540E-01
6.009252E-01
7.280110E-01
7.453560E-01
6.731456E-01
6.009252E-01
7.027284E-01
7.453560E-01
7.693093E-01
7.071068E-01
8.901615E-01
5.590170E-01
1.000000E+00
7.211103E-01
8.089011E-01
8.089011E-01
8.843116E-01
7.603453E-01
8.600261E-01
7.071068E-01
7.453560E-01
7.453560E-01
8.089011E-01
8.498366E-01
7.693093E-01
7.211103E-01
7.453560E-01
8.089011E-01
8.768631E-01
7.453560E-01
7.071068E-01
7.905694E-01
7.905694E-01
8.089011E-01
7.693093E-01
7.453560E-01
7.071068E-01
8.768631E-01
7.453560E-01
8.246211E-01
7.905694E-01
7.905694E-01
7.453560E-01
8.089011E-01
6.478835E-01
6.403124E-01
7.905694E-01
7.158669E-01
7.453560E-01
1.000000E+00
6.731456E-01
7.091957E-01
6.508541E-01
7.767276E-01
6.508541E-01
7.370567E-01
7.905694E-01
8.689661E-01
7.211103E-01
7.091957E-01
6.863753E-01
7.100227E-01
7.453560E-01
8.689661E-01
6.508541E-01
7.535695E-01
8.689661E-01
7.905694E-01
7.071068E-01
6.428243E-01
7.091957E-01
6.403124E-01
7.211103E-01
7.905694E-01
7.222222E-01
7.211103E-01
7.142857E-01
6.428243E-01
7.071068E-01
7.211103E-01
7.091957E-01
7.693093E-01
7.453560E-01
8.232168E-01
7.211103E-01
7.682954E-01
1.000000E+00
8.031005E-01
6.760409E-01
7.180327E-01
7.256909E-01
7.180327E-01
6.726812E-01
8.232168E-01
9.000000E-01
6.871843E-01
6.760409E-01
7.071068E-01
6.572311E-01
7.682954E-01
9.136251E-01
6.760409E-01
6.476891E-01
9.000000E-01
8.232168E-01
6.863753E-01
7.288690E-01
7.180327E-01
7.453560E-01
7.297564E-01
8.232168E-01
7.130965E-01
7.297564E-01
6.706914E-01
7.288690E-01
6.863753E-01
7.297564E-01
6.760409E-01
7.453560E-01
7.693093E-01
4.714045E-01
8.901615E-01
5.590170E-01
1.000000E+00
5.590170E-01
7.142857E-01
8.089011E-01
8.843116E-01
8.089011E-01
8.181818E-01
4.714045E-01
5.000000E-01
6.324555E-01
7.603453E-01
8.232168E-01
6.871843E-01
3.333333E-01
7.453560E-01
8.089011E-01
8.601139E-01
5.000000E-01
4.714045E-01
7.284314E-01
7.905694E-01
8.089011E-01
7.693093E-01
5.000000E-01
0.000000E+00
8.768631E-01
5.000000E-01
7.856742E-01
7.905694E-01
7.284314E-01
5.000000E-01
7.603453E-01
8.246211E-01
8.498366E-01
5.000000E-01
9.395810E-01
6.666667E-01
1.000000E+00
7.905694E-01
8.571429E-01
8.838835E-01
9.430129E-01
8.838835E-01
9.090909E-01
5.000000E-01
0.000000E+00
7.500000E-01
8.571429E-01
9.136251E-01
8.000000E-01
6.666667E-01
7.071068E-01
8.838835E-01
9.230769E-01
0.000000E+00
5.000000E-01
8.333333E-01
8.689661E-01
8.838835E-01
8.498366E-01
7.500000E-01
5.000000E-01
9.313146E-01
7.500000E-01
8.750000E-01
8.689661E-01
8.333333E-01
7.500000E-01
8.571429E-01
