6.009252E-01
6.731456E-01
7.280110E-01
5.590170E-01
7.453560E-01
7.211103E-01
5.590170E-01
6.388766E-01
5.590170E-01
7.453560E-01
5.590170E-01
5.590170E-01
5.590170E-01
5.590170E-01
7.071068E-01
5.590170E-01
6.666667E-01
7.211103E-01
5.270463E-01
5.590170E-01
7.027284E-01
5.656854E-01
5.590170E-01
7.453560E-01
7.682954E-01
5.590170E-01
6.666667E-01
0.000000E+00
6.478835E-01
6.923430E-01
6.324555E-01
7.211103E-01
7.453560E-01
6.324555E-01
6.250000E-01
6.324555E-01
7.211103E-01
6.324555E-01
6.324555E-01
6.324555E-01
6.324555E-01
7.142857E-01
6.324555E-01
7.500000E-01
7.453560E-01
6.250000E-01
6.324555E-01
6.708204E-01
6.009252E-01
7.453560E-01
7.211103E-01
7.297564E-01
6.324555E-01
7.500000E-01
6.478835E-01
0.000000E+00
6.617173E-01
7.284314E-01
7.071068E-01
7.905694E-01
7.284314E-01
6.403124E-01
7.284314E-01
7.071068E-01
7.284314E-01
7.284314E-01
7.284314E-01
7.284314E-01
7.453560E-01
7.284314E-01
8.333333E-01
7.905694E-01
6.403124E-01
7.284314E-01
5.821022E-01
6.731456E-01
7.905694E-01
7.071068E-01
6.863753E-01
7.284314E-01
8.333333E-01
6.923430E-01
6.617173E-01
0.000000E+00
7.856742E-01
7.142857E-01
8.246211E-01
7.856742E-01
6.718548E-01
7.856742E-01
7.142857E-01
7.856742E-01
7.856742E-01
7.856742E-01
7.856742E-01
7.767276E-01
7.856742E-01
8.750000E-01
8.246211E-01
6.718548E-01
7.856742E-01
6.585389E-01
7.280110E-01
8.246211E-01
7.142857E-01
6.250000E-01
7.856742E-01
8.750000E-01
6.324555E-01
7.284314E-01
7.856742E-01
0.000000E+00
7.905694E-01
7.071068E-01
4.714045E-01
6.871843E-01
4.714045E-01
7.905694E-01
4.714045E-01
4.714045E-01
4.714045E-01
4.714045E-01
7.211103E-01
4.714045E-01
5.000000E-01
7.071068E-01
6.871843E-01
4.714045E-01
7.603453E-01
5.590170E-01
7.071068E-01
7.905694E-01
8.232168E-01
4.714045E-01
5.000000E-01
7.211103E-01
7.071068E-01
7.142857E-01
7.905694E-01
0.000000E+00
7.284314E-01
7.905694E-01
6.403124E-01
7.905694E-01
6.428243E-01
7.905694E-01
7.905694E-01
7.284314E-01
7.905694E-01
6.731456E-01
7.905694E-01
8.689661E-01
7.284314E-01
7.100227E-01
7.905694E-01
7.091957E-01
7.453560E-01
7.905694E-01
6.428243E-01
7.288690E-01
7.284314E-01
8.689661E-01
7.453560E-01
7.905694E-01
8.246211E-01
7.071068E-01
7.284314E-01
0.000000E+00
7.071068E-01
7.693093E-01
7.071068E-01
7.905694E-01
7.071068E-01
7.071068E-01
7.071068E-01
7.071068E-01
5.590170E-01
7.071068E-01
7.453560E-01
4.714045E-01
7.693093E-01
7.071068E-01
8.089011E-01
7.211103E-01
7.071068E-01
7.284314E-01
8.498366E-01
7.071068E-01
7.453560E-01
6.324555E-01
7.284314E-01
7.856742E-01
4.714045E-01
7.905694E-01
7.071068E-01
0.000000E+00
6.871843E-01
4.714045E-01
7.905694E-01
4.714045E-01
4.714045E-01
4.714045E-01
4.714045E-01
7.211103E-01
4.714045E-01
5.000000E-01
7.071068E-01
6.871843E-01
4.714045E-01
7.603453E-01
5.590170E-01
7.071068E-01
7.905694E-01
8.232168E-01
4.714045E-01
5.000000E-01
6.250000E-01
6.403124E-01
6.718548E-01
6.871843E-01
6.403124E-01
7.693093E-01
6.871843E-01
0.000000E+00
6.871843E-01
6.403124E-01
6.871843E-01
6.871843E-01
6.000000E-01
6.871843E-01
7.288690E-01
6.871843E-01
8.000000E-01
7.693093E-01
6.285394E-01
6.871843E-01
6.555548E-01
6.388766E-01
7.693093E-01
7.100227E-01
6.572311E-01
6.000000E-01
8.000000E-01
6.324555E-01
7.284314E-01
7.856742E-01
4.714045E-01
7.905694E-01
7.071068E-01
4.714045E-01
6.871843E-01
0.000000E+00
7.905694E-01
4.714045E-01
4.714045E-01
4.714045E-01
4.714045E-01
7.211103E-01
4.714045E-01
5.000000E-01
7.071068E-01
6.871843E-01
4.714045E-01
7.603453E-01
5.590170E-01
7.071068E-01
7.905694E-01
8.232168E-01
4.714045E-01
5.000000E-01
7.211103E-01
7.071068E-01
7.142857E-01
7.905694E-01
6.428243E-01
7.905694E-01
7.905694E-01
6.403124E-01
7.905694E-01
0.000000E+00
7.905694E-01
7.905694E-01
7.284314E-01
7.905694E-01
7.453560E-01
7.905694E-01
8.689661E-01
7.905694E-01
7.100227E-01
7.905694E-01
7.091957E-01
7.453560E-01
7.905694E-01
7.071068E-01
7.288690E-01
7.284314E-01
8.689661E-01
6.324555E-01
7.284314E-01
7.856742E-01
4.714045E-01
7.905694E-01
7.071068E-01
4.714045E-01
6.871843E-01
4.714045E-01
7.905694E-01
0.000000E+00
4.714045E-01
4.714045E-01
4.714045E-01
7.211103E-01
4.714045E-01
5.000000E-01
7.071068E-01
6.871843E-01
4.714045E-01
7.603453E-01
5.590170E-01
7.071068E-01
7.905694E-01
8.232168E-01
4.714045E-01
5.000000E-01
6.324555E-01
7.284314E-01
7.856742E-01
4.714045E-01
7.905694E-01
7.071068E-01
4.714045E-01
6.871843E-01
4.714045E-01
7.905694E-01
4.714045E-01
0.000000E+00
4.714045E-01
4.714045E-01
7.211103E-01
4.714045E-01
5.000000E-01
7.071068E-01
6.871843E-01
4.714045E-01
7.603453E-01
5.590170E-01
7.071068E-01
7.905694E-01
8.232168E-01
4.714045E-01
5.000000E-01
6.324555E-01
7.284314E-01
7.856742E-01
4.714045E-01
7.284314E-01
7.071068E-01
4.714045E-01
6.000000E-01
4.714045E-01
7.284314E-01
4.714045E-01
4.714045E-01
0.000000E+00
4.714045E-01
7.211103E-01
4.714045E-01
5.000000E-01
7.071068E-01
6.871843E-01
4.714045E-01
7.603453E-01
5.590170E-01
7.071068E-01
7.905694E-01
8.232168E-01
0.000000E+00
5.000000E-01
6.324555E-01
7.284314E-01
7.856742E-01
4.714045E-01
7.905694E-01
7.071068E-01
4.714045E-01
6.871843E-01
4.714045E-01
7.905694E-01
4.714045E-01
4.714045E-01
4.714045E-01
0.000000E+00
7.211103E-01
4.714045E-01
5.000000E-01
7.071068E-01
6.871843E-01
4.714045E-01
7.603453E-01
5.590170E-01
7.071068E-01
7.905694E-01
8.232168E-01
4.714045E-01
5.000000E-01
7.142857E-01
7.453560E-01
7.767276E-01
7.211103E-01
6.731456E-01
5.590170E-01
7.211103E-01
7.288690E-01
7.211103E-01
7.453560E-01
7.211103E-01
7.211103E-01
7.211103E-01
7.211103E-01
0.000000E+00
7.211103E-01
7.905694E-01
5.590170E-01
7.288690E-01
7.211103E-01
7.615773E-01
7.071068E-01
7.211103E-01
6.731456E-01
8.031005E-01
7.211103E-01
7.905694E-01
6.324555E-01
7.284314E-01
7.856742E-01
4.714045E-01
7.905694E-01
7.071068E-01
4.714045E-01
6.871843E-01
4.714045E-01
7.905694E-01
4.714045E-01
4.714045E-01
4.714045E-01
4.714045E-01
7.211103E-01
0.000000E+00
5.000000E-01
7.071068E-01
6.871843E-01
4.714045E-01
7.603453E-01
5.590170E-01
7.071068E-01
7.905694E-01
8.232168E-01
4.714045E-01
5.000000E-01
7.500000E-01
8.333333E-01
8.750000E-01
5.000000E-01
8.689661E-01
7.453560E-01
5.000000E-01
8.000000E-01
5.000000E-01
8.689661E-01
5.000000E-01
5.000000E-01
5.000000E-01
5.000000E-01
7.905694E-01
5.000000E-01
0.000000E+00
7.453560E-01
8.000000E-01
5.000000E-01
8.571429E-01
6.666667E-01
7.453560E-01
8.689661E-01
9.000000E-01
5.000000E-01
0.000000E+00
7.453560E-01
7.905694E-01
8.246211E-01
7.071068E-01
7.284314E-01
4.714045E-01
7.071068E-01
7.693093E-01
7.071068E-01
7.905694E-01
7.071068E-01
7.071068E-01
7.071068E-01
7.071068E-01
5.590170E-01
7.071068E-01
7.453560E-01
0.000000E+00
7.693093E-01
7.071068E-01
8.089011E-01
7.211103E-01
7.071068E-01
7.284314E-01
8.498366E-01
7.071068E-01
7.453560E-01
6.250000E-01
6.403124E-01
6.718548E-01
6.871843E-01
7.100227E-01
7.693093E-01
6.871843E-01
6.285394E-01
6.871843E-01
7.100227E-01
6.871843E-01
6.871843E-01
6.871843E-01
6.871843E-01
7.288690E-01
6.871843E-01
8.000000E-01
7.693093E-01
0.000000E+00
6.871843E-01
5.830952E-01
6.388766E-01
6.871843E-01
7.100227E-01
7.034898E-01
6.871843E-01
8.000000E-01
6.324555E-01
7.284314E-01
7.856742E-01
4.714045E-01
7.905694E-01
7.071068E-01
4.714045E-01
6.871843E-01
4.714045E-01
7.905694E-01
4.714045E-01
4.714045E-01
4.714045E-01
4.714045E-01
7.211103E-01
4.714045E-01
5.000000E-01
7.071068E-01
6.871843E-01
0.000000E+00
7.603453E-01
5.590170E-01
7.071068E-01
7.905694E-01
8.232168E-01
4.714045E-01
5.000000E-01
6.708204E-01
5.821022E-01
6.585389E-01
7.603453E-01
7.091957E-01
8.089011E-01
7.603453E-01
6.555548E-01
7.603453E-01
7.091957E-01
7.603453E-01
7.603453E-01
7.603453E-01
7.603453E-01
7.615773E-01
7.603453E-01
8.571429E-01
8.089011E-01
5.830952E-01
7.603453E-01
0.000000E+00
7.027284E-01
8.089011E-01
7.091957E-01
6.760409E-01
7.603453E-01
8.571429E-01
6.009252E-01
6.731456E-01
7.280110E-01
5.590170E-01
7.453560E-01
7.211103E-01
5.590170E-01
6.388766E-01
5.590170E-01
7.453560E-01
5.590170E-01
5.590170E-01
5.590170E-01
5.590170E-01
7.071068E-01
5.590170E-01
6.666667E-01
7.211103E-01
6.388766E-01
5.590170E-01
7.027284E-01
0.000000E+00
7.211103E-01
7.453560E-01
7.682954E-01
5.590170E-01
6.666667E-01
7.453560E-01
7.905694E-01
8.246211E-01
7.071068E-01
7.905694E-01
7.071068E-01
7.071068E-01
7.693093E-01
7.071068E-01
7.905694E-01
7.071068E-01
7.071068E-01
7.071068E-01
7.071068E-01
7.211103E-01
7.071068E-01
7.453560E-01
7.071068E-01
6.871843E-01
7.071068E-01
8.089011E-01
7.211103E-01
0.000000E+00
7.905694E-01
8.498366E-01
7.071068E-01
7.453560E-01
7.211103E-01
7.071068E-01
7.142857E-01
7.905694E-01
6.428243E-01
7.284314E-01
7.905694E-01
7.100227E-01
7.905694E-01
7.071068E-01
7.905694E-01
7.905694E-01
7.905694E-01
7.905694E-01
6.731456E-01
7.905694E-01
8.689661E-01
7.284314E-01
7.100227E-01
7.905694E-01
7.091957E-01
7.453560E-01
7.905694E-01
0.000000E+00
7.288690E-01
7.905694E-01
8.689661E-01
7.297564E-01
6.863753E-01
6.250000E-01
8.232168E-01
7.288690E-01
8.498366E-01
8.232168E-01
6.572311E-01
8.232168E-01
7.288690E-01
8.232168E-01
8.232168E-01
8.232168E-01
8.232168E-01
8.031005E-01
8.232168E-01
9.000000E-01
8.498366E-01
7.034898E-01
8.232168E-01
6.760409E-01
7.682954E-01
8.498366E-01
7.288690E-01
0.000000E+00
8.232168E-01
9.000000E-01
6.324555E-01
7.284314E-01
7.856742E-01
4.714045E-01
7.284314E-01
7.071068E-01
4.714045E-01
6.000000E-01
4.714045E-01
7.284314E-01
4.714045E-01
4.714045E-01
0.000000E+00
4.714045E-01
7.211103E-01
4.714045E-01
5.000000E-01
7.071068E-01
6.871843E-01
4.714045E-01
7.603453E-01
5.590170E-01
7.071068E-01
7.905694E-01
8.232168E-01
0.000000E+00
5.000000E-01
7.500000E-01
8.333333E-01
8.750000E-01
5.000000E-01
8.689661E-01
7.453560E-01
5.000000E-01
8.000000E-01
5.000000E-01
8.689661E-01
5.000000E-01
5.000000E-01
5.000000E-01
5.000000E-01
7.905694E-01
5.000000E-01
0.000000E+00
7.453560E-01
8.000000E-01
5.000000E-01
8.571429E-01
6.666667E-01
7.453560E-01
8.689661E-01
9.000000E-01
5.000000E-01
0.000000E+00
