7.130965E-01
6.698906E-01
9.000000E-01
6.997142E-01
6.863753E-01
7.034898E-01
6.726812E-01
6.760409E-01
6.818182E-01
7.288690E-01
8.232168E-01
6.871843E-01
7.403762E-01
6.863753E-01
7.693093E-01
8.232168E-01
6.767938E-01
6.863753E-01
7.071068E-01
9.136251E-01
7.100227E-01
8.232168E-01
7.682954E-01
7.288690E-01
7.297564E-01
0.000000E+00
7.130965E-01
9.313146E-01
6.860490E-01
7.535695E-01
7.737993E-01
7.095578E-01
7.382412E-01
7.071068E-01
7.222222E-01
8.768631E-01
8.000865E-01
6.749486E-01
7.535695E-01
7.730823E-01
8.768631E-01
7.076722E-01
7.535695E-01
6.818182E-01
9.313146E-01
6.115284E-01
8.768631E-01
8.338540E-01
6.885118E-01
8.000865E-01
7.130965E-01
0.000000E+00
9.000000E-01
7.256909E-01
6.863753E-01
6.572311E-01
6.726812E-01
6.760409E-01
6.818182E-01
6.863753E-01
8.232168E-01
7.297564E-01
6.958627E-01
6.863753E-01
7.693093E-01
8.000000E-01
6.767938E-01
6.863753E-01
7.071068E-01
9.136251E-01
6.767938E-01
8.232168E-01
7.682954E-01
7.288690E-01
7.297564E-01
9.313146E-01
9.000000E-01
0.000000E+00
9.430129E-01
8.333333E-01
8.000000E-01
9.090909E-01
8.571429E-01
9.230769E-01
8.689661E-01
5.000000E-01
7.500000E-01
9.513149E-01
8.333333E-01
8.246211E-01
5.000000E-01
9.166667E-01
8.333333E-01
9.136251E-01
7.071068E-01
9.262765E-01
5.000000E-01
6.666667E-01
8.689661E-01
7.500000E-01
6.860490E-01
7.256909E-01
9.430129E-01
0.000000E+00
7.767276E-01
7.762087E-01
7.191292E-01
7.593152E-01
7.108803E-01
7.529233E-01
8.958064E-01
8.246211E-01
6.891397E-01
7.767276E-01
8.051083E-01
8.958064E-01
7.142857E-01
7.767276E-01
6.997142E-01
9.430129E-01
6.889287E-01
8.958064E-01
8.567800E-01
7.529233E-01
8.246211E-01
7.535695E-01
6.863753E-01
8.333333E-01
7.767276E-01
0.000000E+00
6.403124E-01
6.987712E-01
6.508541E-01
7.222222E-01
7.071068E-01
7.284314E-01
6.478835E-01
7.969944E-01
6.428243E-01
7.211103E-01
7.284314E-01
7.107674E-01
6.428243E-01
7.288690E-01
8.689661E-01
7.453560E-01
7.284314E-01
6.731456E-01
7.071068E-01
6.478835E-01
7.737993E-01
6.572311E-01
8.000000E-01
7.762087E-01
6.403124E-01
0.000000E+00
6.776309E-01
6.555548E-01
7.440653E-01
6.403124E-01
6.871843E-01
6.250000E-01
8.186201E-01
6.403124E-01
7.114582E-01
6.871843E-01
7.315437E-01
6.403124E-01
7.453560E-01
8.498366E-01
7.647059E-01
6.871843E-01
6.388766E-01
7.100227E-01
6.250000E-01
7.095578E-01
6.726812E-01
9.090909E-01
7.191292E-01
6.987712E-01
6.776309E-01
0.000000E+00
6.859943E-01
6.460305E-01
7.370567E-01
8.374896E-01
7.457362E-01
7.318166E-01
6.987712E-01
7.803133E-01
8.374896E-01
6.757304E-01
6.565905E-01
6.726812E-01
9.204468E-01
7.077748E-01
8.374896E-01
7.844645E-01
7.370567E-01
7.457362E-01
7.382412E-01
6.760409E-01
8.571429E-01
7.593152E-01
6.508541E-01
6.555548E-01
6.859943E-01
0.000000E+00
7.061267E-01
7.091957E-01
7.603453E-01
6.708204E-01
7.787868E-01
6.508541E-01
7.329325E-01
7.603453E-01
6.961091E-01
6.508541E-01
7.180327E-01
8.838835E-01
7.311813E-01
7.603453E-01
7.027284E-01
7.091957E-01
6.708204E-01
7.071068E-01
6.818182E-01
9.230769E-01
7.108803E-01
7.222222E-01
7.440653E-01
6.460305E-01
7.061267E-01
0.000000E+00
7.535695E-01
8.461538E-01
7.730823E-01
7.194290E-01
7.222222E-01
8.000865E-01
8.601139E-01
6.782842E-01
6.525192E-01
6.476891E-01
9.313146E-01
6.782842E-01
8.601139E-01
8.110350E-01
7.535695E-01
7.453560E-01
7.222222E-01
6.863753E-01
8.689661E-01
7.529233E-01
7.071068E-01
6.403124E-01
7.370567E-01
7.091957E-01
7.535695E-01
0.000000E+00
7.905694E-01
7.211103E-01
7.783976E-01
7.071068E-01
6.478835E-01
7.905694E-01
7.453560E-01
7.071068E-01
6.863753E-01
8.689661E-01
7.107674E-01
7.905694E-01
7.453560E-01
6.428243E-01
7.211103E-01
8.768631E-01
8.232168E-01
5.000000E-01
8.958064E-01
7.284314E-01
6.871843E-01
8.374896E-01
7.603453E-01
8.461538E-01
7.905694E-01
0.000000E+00
6.324555E-01
9.097606E-01
7.284314E-01
7.453560E-01
4.714045E-01
8.496432E-01
6.666667E-01
8.498366E-01
7.453560E-01
8.689661E-01
4.714045E-01
5.590170E-01
7.905694E-01
5.000000E-01
8.000865E-01
7.297564E-01
7.500000E-01
8.246211E-01
6.478835E-01
6.250000E-01
7.457362E-01
6.708204E-01
7.730823E-01
7.211103E-01
6.324555E-01
0.000000E+00
8.441951E-01
5.590170E-01
7.071068E-01
6.324555E-01
7.601170E-01
6.478835E-01
7.693093E-01
8.246211E-01
7.905694E-01
6.324555E-01
6.009252E-01
7.211103E-01
6.060915E-01
6.749486E-01
6.958627E-01
9.513149E-01
6.891397E-01
7.969944E-01
8.186201E-01
7.318166E-01
7.787868E-01
7.194290E-01
7.783976E-01
9.097606E-01
8.441951E-01
0.000000E+00
7.969944E-01
8.151068E-01
9.013878E-01
7.249098E-01
7.969944E-01
7.187361E-01
9.513149E-01
6.556271E-01
9.097606E-01
8.743356E-01
7.593152E-01
8.441951E-01
7.535695E-01
6.863753E-01
8.333333E-01
7.767276E-01
6.428243E-01
6.403124E-01
6.987712E-01
6.508541E-01
7.222222E-01
7.071068E-01
7.284314E-01
5.590170E-01
7.969944E-01
0.000000E+00
7.211103E-01
7.284314E-01
7.107674E-01
6.428243E-01
7.288690E-01
8.689661E-01
7.453560E-01
7.284314E-01
6.731456E-01
7.071068E-01
6.478835E-01
7.730823E-01
7.693093E-01
8.246211E-01
8.051083E-01
7.211103E-01
7.114582E-01
7.803133E-01
7.329325E-01
8.000865E-01
6.478835E-01
7.453560E-01
7.071068E-01
8.151068E-01
7.211103E-01
0.000000E+00
7.453560E-01
7.905694E-01
7.211103E-01
7.297564E-01
8.246211E-01
7.601170E-01
7.453560E-01
7.142857E-01
6.478835E-01
7.071068E-01
8.768631E-01
8.000000E-01
5.000000E-01
8.958064E-01
7.284314E-01
6.871843E-01
8.374896E-01
7.603453E-01
8.601139E-01
7.905694E-01
4.714045E-01
6.324555E-01
9.013878E-01
7.284314E-01
7.453560E-01
0.000000E+00
8.496432E-01
7.284314E-01
8.498366E-01
7.453560E-01
8.689661E-01
4.714045E-01
5.590170E-01
7.905694E-01
6.324555E-01
7.076722E-01
6.767938E-01
9.166667E-01
7.142857E-01
7.107674E-01
7.315437E-01
6.757304E-01
6.961091E-01
6.782842E-01
7.453560E-01
8.496432E-01
7.601170E-01
7.249098E-01
7.107674E-01
7.905694E-01
8.496432E-01
0.000000E+00
7.107674E-01
7.100227E-01
9.262765E-01
7.071068E-01
8.496432E-01
7.985957E-01
7.453560E-01
7.601170E-01
7.535695E-01
6.863753E-01
8.333333E-01
7.767276E-01
6.428243E-01
6.403124E-01
6.565905E-01
6.508541E-01
6.525192E-01
7.071068E-01
6.666667E-01
6.478835E-01
7.969944E-01
6.428243E-01
7.211103E-01
7.284314E-01
7.107674E-01
0.000000E+00
6.863753E-01
8.689661E-01
7.453560E-01
7.284314E-01
6.731456E-01
7.071068E-01
5.590170E-01
6.818182E-01
7.071068E-01
9.136251E-01
6.997142E-01
7.288690E-01
7.453560E-01
6.726812E-01
7.180327E-01
6.476891E-01
6.863753E-01
8.498366E-01
7.693093E-01
7.187361E-01
7.288690E-01
7.297564E-01
8.498366E-01
7.100227E-01
6.863753E-01
0.000000E+00
9.136251E-01
6.403124E-01
8.498366E-01
8.031005E-01
6.863753E-01
7.693093E-01
9.313146E-01
9.136251E-01
7.071068E-01
9.430129E-01
8.689661E-01
8.498366E-01
9.204468E-01
8.838835E-01
9.313146E-01
8.689661E-01
7.453560E-01
8.246211E-01
9.513149E-01
8.689661E-01
8.246211E-01
7.453560E-01
9.262765E-01
8.689661E-01
9.136251E-01
0.000000E+00
9.262765E-01
7.453560E-01
7.905694E-01
8.689661E-01
8.246211E-01
6.115284E-01
6.767938E-01
9.262765E-01
6.889287E-01
7.453560E-01
7.647059E-01
7.077748E-01
7.311813E-01
6.782842E-01
7.107674E-01
8.689661E-01
7.905694E-01
6.556271E-01
7.453560E-01
7.601170E-01
8.689661E-01
7.071068E-01
7.453560E-01
6.403124E-01
9.262765E-01
0.000000E+00
8.689661E-01
8.246211E-01
7.107674E-01
7.905694E-01
8.768631E-01
8.232168E-01
5.000000E-01
8.958064E-01
7.284314E-01
6.871843E-01
8.374896E-01
7.603453E-01
8.601139E-01
7.905694E-01
4.714045E-01
6.324555E-01
9.097606E-01
7.284314E-01
7.453560E-01
4.714045E-01
8.496432E-01
7.284314E-01
8.498366E-01
7.453560E-01
8.689661E-01
0.000000E+00
5.590170E-01
7.905694E-01
6.324555E-01
8.338540E-01
7.682954E-01
6.666667E-01
8.567800E-01
6.731456E-01
6.388766E-01
7.844645E-01
7.027284E-01
8.110350E-01
7.453560E-01
5.590170E-01
6.009252E-01
8.743356E-01
6.731456E-01
7.142857E-01
5.590170E-01
7.985957E-01
6.731456E-01
8.031005E-01
7.905694E-01
8.246211E-01
5.590170E-01
0.000000E+00
7.453560E-01
6.009252E-01
6.885118E-01
7.288690E-01
8.689661E-01
7.529233E-01
7.071068E-01
7.100227E-01
7.370567E-01
7.091957E-01
7.535695E-01
6.428243E-01
7.905694E-01
7.211103E-01
7.593152E-01
7.071068E-01
6.478835E-01
7.905694E-01
7.453560E-01
7.071068E-01
6.863753E-01
8.689661E-01
7.107674E-01
7.905694E-01
7.453560E-01
0.000000E+00
7.211103E-01
8.000865E-01
7.297564E-01
7.500000E-01
8.246211E-01
6.478835E-01
6.250000E-01
7.457362E-01
6.708204E-01
7.453560E-01
7.211103E-01
5.000000E-01
6.060915E-01
8.441951E-01
6.478835E-01
7.071068E-01
6.324555E-01
7.601170E-01
5.590170E-01
7.693093E-01
8.246211E-01
7.905694E-01
6.324555E-01
6.009252E-01
7.211103E-01
0.000000E+00
