6.731456E-01
5.590170E-01
1.000000E+00
6.009252E-01
6.428243E-01
5.821022E-01
6.403124E-01
6.508541E-01
6.478835E-01
7.453560E-01
7.453560E-01
6.565905E-01
6.428243E-01
6.403124E-01
7.211103E-01
6.565905E-01
8.417520E-01
7.211103E-01
6.738558E-01
6.731456E-01
6.731456E-01
6.428243E-01
5.656854E-01
1.000000E+00
7.211103E-01
5.890151E-01
6.009252E-01
1.000000E+00
6.403124E-01
7.392464E-01
5.821022E-01
7.453560E-01
6.478835E-01
7.071068E-01
8.171767E-01
7.330731E-01
7.905694E-01
1.000000E+00
5.590170E-01
1.000000E+00
6.706914E-01
6.403124E-01
6.478835E-01
6.428243E-01
1.000000E+00
0.000000E+00
6.009252E-01
1.000000E+00
7.280110E-01
6.731456E-01
7.027284E-01
6.388766E-01
7.615773E-01
6.009252E-01
7.071068E-01
7.071068E-01
7.844645E-01
5.890151E-01
5.270463E-01
6.009252E-01
7.844645E-01
9.147320E-01
7.142857E-01
7.496556E-01
5.656854E-01
5.656854E-01
6.731456E-01
6.731456E-01
1.000000E+00
7.905694E-01
7.985957E-01
7.280110E-01
1.000000E+00
6.388766E-01
8.486587E-01
7.027284E-01
8.246211E-01
6.009252E-01
7.453560E-01
8.919700E-01
8.220592E-01
7.211103E-01
1.000000E+00
6.009252E-01
1.000000E+00
8.220592E-01
6.388766E-01
7.142857E-01
7.453560E-01
1.000000E+00
6.009252E-01
0.000000E+00
1.000000E+00
6.923430E-01
6.478835E-01
5.983516E-01
6.250000E-01
6.708204E-01
6.060915E-01
7.142857E-01
6.009252E-01
7.457362E-01
6.478835E-01
6.250000E-01
7.071068E-01
7.457362E-01
8.906233E-01
7.071068E-01
7.120003E-01
6.009252E-01
6.009252E-01
6.478835E-01
6.478835E-01
1.000000E+00
7.576044E-01
7.284314E-01
6.324555E-01
1.000000E+00
6.250000E-01
8.139410E-01
5.983516E-01
7.601170E-01
6.060915E-01
7.211103E-01
8.638133E-01
7.603453E-01
7.453560E-01
1.000000E+00
6.060915E-01
1.000000E+00
7.848038E-01
6.250000E-01
7.071068E-01
7.211103E-01
1.000000E+00
1.000000E+00
1.000000E+00
0.000000E+00
1.000000E+00
1.000000E+00
1.000000E+00
1.000000E+00
1.000000E+00
1.000000E+00
1.000000E+00
1.000000E+00
1.000000E+00
1.000000E+00
1.000000E+00
1.000000E+00
1.000000E+00
1.000000E+00
1.000000E+00
1.000000E+00
1.000000E+00
1.000000E+00
1.000000E+00
1.000000E+00
0.000000E+00
1.000000E+00
1.000000E+00
1.000000E+00
0.000000E+00
1.000000E+00
1.000000E+00
1.000000E+00
1.000000E+00
1.000000E+00
1.000000E+00
1.000000E+00
1.000000E+00
1.000000E+00
0.000000E+00
1.000000E+00
0.000000E+00
1.000000E+00
1.000000E+00
1.000000E+00
1.000000E+00
0.000000E+00
7.280110E-01
6.923430E-01
1.000000E+00
0.000000E+00
6.617173E-01
6.007884E-01
6.718548E-01
7.086764E-01
6.923430E-01
7.767276E-01
7.767276E-01
6.362738E-01
6.617173E-01
6.718548E-01
7.453560E-01
6.781420E-01
8.051445E-01
7.453560E-01
6.643841E-01
7.280110E-01
7.280110E-01
6.617173E-01
6.009252E-01
1.000000E+00
7.083291E-01
6.478835E-01
6.599663E-01
1.000000E+00
6.718548E-01
7.024128E-01
6.585389E-01
7.211103E-01
6.923430E-01
7.142857E-01
7.812500E-01
7.030868E-01
8.246211E-01
1.000000E+00
6.923430E-01
1.000000E+00
6.708204E-01
6.718548E-01
7.453560E-01
6.617173E-01
1.000000E+00
6.731456E-01
6.478835E-01
1.000000E+00
6.617173E-01
0.000000E+00
6.508541E-01
6.403124E-01
7.091957E-01
6.478835E-01
7.453560E-01
7.453560E-01
6.987712E-01
6.428243E-01
6.403124E-01
7.211103E-01
6.987712E-01
8.486587E-01
7.211103E-01
6.738558E-01
6.731456E-01
6.731456E-01
4.714045E-01
6.428243E-01
1.000000E+00
7.211103E-01
7.107674E-01
6.617173E-01
1.000000E+00
6.403124E-01
7.392464E-01
6.508541E-01
7.453560E-01
6.478835E-01
6.428243E-01
8.050081E-01
7.330731E-01
7.905694E-01
1.000000E+00
6.478835E-01
1.000000E+00
6.706914E-01
6.403124E-01
7.211103E-01
7.071068E-01
1.000000E+00
7.027284E-01
5.983516E-01
1.000000E+00
6.007884E-01
6.508541E-01
0.000000E+00
6.555548E-01
6.527140E-01
6.708204E-01
7.615773E-01
6.373774E-01
6.434769E-01
6.508541E-01
6.555548E-01
7.329325E-01
6.859943E-01
8.225526E-01
7.329325E-01
6.666667E-01
7.027284E-01
7.027284E-01
6.508541E-01
6.508541E-01
1.000000E+00
7.126096E-01
6.576671E-01
6.585389E-01
1.000000E+00
6.555548E-01
6.933438E-01
6.527140E-01
6.961091E-01
6.708204E-01
7.091957E-01
7.845735E-01
6.842105E-01
8.089011E-01
1.000000E+00
6.708204E-01
1.000000E+00
6.502611E-01
6.555548E-01
7.329325E-01
6.508541E-01
1.000000E+00
6.388766E-01
6.250000E-01
1.000000E+00
6.718548E-01
6.403124E-01
6.555548E-01
0.000000E+00
7.168604E-01
6.250000E-01
7.288690E-01
7.288690E-01
7.180220E-01
6.403124E-01
6.285394E-01
7.114582E-01
7.180220E-01
8.747774E-01
7.114582E-01
6.880209E-01
6.388766E-01
6.388766E-01
6.403124E-01
6.403124E-01
1.000000E+00
7.354022E-01
7.315437E-01
6.718548E-01
1.000000E+00
6.285394E-01
7.853535E-01
6.555548E-01
7.647059E-01
6.250000E-01
7.100227E-01
8.283867E-01
7.276069E-01
7.693093E-01
1.000000E+00
6.250000E-01
1.000000E+00
7.556373E-01
6.285394E-01
7.114582E-01
7.100227E-01
1.000000E+00
7.615773E-01
6.708204E-01
1.000000E+00
7.086764E-01
7.091957E-01
6.527140E-01
7.168604E-01
0.000000E+00
7.329325E-01
7.027284E-01
6.373774E-01
7.243558E-01
7.091957E-01
7.168604E-01
7.329325E-01
7.243558E-01
8.466612E-01
6.708204E-01
7.126096E-01
7.615773E-01
7.615773E-01
7.091957E-01
7.091957E-01
1.000000E+00
6.666667E-01
7.311813E-01
7.086764E-01
1.000000E+00
7.168604E-01
7.660323E-01
7.071068E-01
6.576671E-01
7.329325E-01
6.508541E-01
8.112972E-01
7.158911E-01
8.089011E-01
1.000000E+00
7.329325E-01
1.000000E+00
7.453560E-01
7.168604E-01
5.983516E-01
6.508541E-01
1.000000E+00
6.009252E-01
6.060915E-01
1.000000E+00
6.923430E-01
6.478835E-01
6.708204E-01
6.250000E-01
7.329325E-01
0.000000E+00
7.142857E-01
7.142857E-01
7.457362E-01
6.478835E-01
6.250000E-01
7.071068E-01
7.457362E-01
8.955698E-01
7.071068E-01
7.120003E-01
6.009252E-01
6.009252E-01
6.478835E-01
6.478835E-01
1.000000E+00
7.576044E-01
7.601170E-01
6.923430E-01
1.000000E+00
6.250000E-01
8.139410E-01
6.708204E-01
7.905694E-01
6.060915E-01
7.211103E-01
8.638133E-01
7.848038E-01
7.453560E-01
1.000000E+00
6.060915E-01
1.000000E+00
7.848038E-01
6.250000E-01
7.071068E-01
7.211103E-01
1.000000E+00
7.071068E-01
7.142857E-01
1.000000E+00
7.767276E-01
7.453560E-01
7.615773E-01
7.288690E-01
7.027284E-01
7.142857E-01
0.000000E+00
5.656854E-01
8.144110E-01
7.453560E-01
7.288690E-01
7.142857E-01
8.144110E-01
9.224891E-01
6.009252E-01
7.905694E-01
7.071068E-01
7.071068E-01
7.453560E-01
7.453560E-01
1.000000E+00
7.496556E-01
8.246211E-01
7.767276E-01
1.000000E+00
7.288690E-01
8.631338E-01
7.615773E-01
7.985957E-01
7.142857E-01
6.731456E-01
8.992627E-01
8.422248E-01
7.211103E-01
1.000000E+00
7.142857E-01
1.000000E+00
8.422248E-01
7.288690E-01
6.009252E-01
5.890151E-01
1.000000E+00
7.071068E-01
6.009252E-01
1.000000E+00
7.767276E-01
7.453560E-01
6.373774E-01
7.288690E-01
6.373774E-01
7.142857E-01
5.656854E-01
0.000000E+00
8.144110E-01
7.453560E-01
7.288690E-01
7.142857E-01
8.144110E-01
9.224891E-01
6.009252E-01
7.905694E-01
7.071068E-01
7.071068E-01
7.453560E-01
7.453560E-01
1.000000E+00
7.496556E-01
8.246211E-01
7.767276E-01
1.000000E+00
7.288690E-01
8.486587E-01
7.615773E-01
7.730674E-01
7.142857E-01
6.731456E-01
8.992627E-01
8.220592E-01
7.211103E-01
1.000000E+00
7.142857E-01
1.000000E+00
8.422248E-01
7.288690E-01
6.009252E-01
6.731456E-01
1.000000E+00
7.844645E-01
7.457362E-01
1.000000E+00
6.362738E-01
6.987712E-01
6.434769E-01
7.180220E-01
7.243558E-01
7.457362E-01
8.144110E-01
8.144110E-01
0.000000E+00
6.565905E-01
7.180220E-01
7.803133E-01
6.734350E-01
7.622767E-01
7.803133E-01
6.740131E-01
7.844645E-01
7.844645E-01
6.565905E-01
6.987712E-01
1.000000E+00
7.106335E-01
6.020797E-01
6.781420E-01
1.000000E+00
6.776309E-01
6.449806E-01
6.859943E-01
7.077748E-01
7.457362E-01
7.370567E-01
7.264170E-01
6.833841E-01
8.600261E-01
1.000000E+00
7.457362E-01
1.000000E+00
6.521739E-01
7.180220E-01
7.803133E-01
6.987712E-01
1.000000E+00
5.890151E-01
6.478835E-01
1.000000E+00
6.617173E-01
6.428243E-01
6.508541E-01
6.403124E-01
7.091957E-01
6.478835E-01
7.453560E-01
7.453560E-01
6.565905E-01
0.000000E+00
5.555556E-01
7.211103E-01
6.987712E-01
8.486587E-01
7.211103E-01
6.738558E-01
6.731456E-01
6.731456E-01
6.428243E-01
6.428243E-01
1.000000E+00
7.211103E-01
6.731456E-01
6.617173E-01
1.000000E+00
5.555556E-01
7.392464E-01
6.508541E-01
7.453560E-01
6.478835E-01
7.071068E-01
8.050081E-01
7.027284E-01
7.905694E-01
1.000000E+00
6.478835E-01
1.000000E+00
7.330731E-01
6.403124E-01
6.478835E-01
7.071068E-01
1.000000E+00
5.270463E-01
6.250000E-01
1.000000E+00
6.718548E-01
6.403124E-01
6.555548E-01
6.285394E-01
7.168604E-01
6.250000E-01
7.288690E-01
7.288690E-01
7.180220E-01
5.555556E-01
0.000000E+00
6.250000E-01
7.180220E-01
8.686572E-01
7.114582E-01
6.880209E-01
6.388766E-01
6.388766E-01
6.403124E-01
6.403124E-01
1.000000E+00
7.354022E-01
7.315437E-01
6.718548E-01
1.000000E+00
6.285394E-01
7.853535E-01
6.555548E-01
7.647059E-01
6.250000E-01
7.100227E-01
8.390017E-01
7.556373E-01
7.693093E-01
1.000000E+00
6.250000E-01
1.000000E+00
7.556373E-01
6.285394E-01
7.114582E-01
7.100227E-01
1.000000E+00
6.009252E-01
7.071068E-01
1.000000E+00
7.453560E-01
7.211103E-01
7.329325E-01
7.114582E-01
7.329325E-01
7.071068E-01
7.142857E-01
7.142857E-01
7.803133E-01
7.211103E-01
6.250000E-01
0.000000E+00
7.803133E-01
8.955698E-01
7.071068E-01
7.576044E-01
7.142857E-01
7.142857E-01
7.211103E-01
7.211103E-01
1.000000E+00
7.576044E-01
7.905694E-01
7.453560E-01
1.000000E+00
7.114582E-01
8.316309E-01
7.329325E-01
7.905694E-01
7.071068E-01
7.211103E-01
8.730337E-01
8.089011E-01
7.453560E-01
1.000000E+00
7.071068E-01
1.000000E+00
8.089011E-01
7.114582E-01
7.071068E-01
7.211103E-01
1.000000E+00
7.844645E-01
7.457362E-01
1.000000E+00
6.781420E-01
6.987712E-01
6.859943E-01
7.180220E-01
7.243558E-01
7.457362E-01
8.144110E-01
8.144110E-01
6.734350E-01
6.987712E-01
7.180220E-01
7.803133E-01
0.000000E+00
7.836791E-01
7.803133E-01
6.334308E-01
7.844645E-01
7.844645E-01
6.987712E-01
6.987712E-01
1.000000E+00
7.106335E-01
6.757304E-01
6.781420E-01
1.000000E+00
7.180220E-01
6.988134E-01
6.434769E-01
7.077748E-01
7.457362E-01
7.370567E-01
7.428571E-01
6.833841E-01
8.600261E-01
1.000000E+00
7.457362E-01
1.000000E+00
6.521739E-01
7.180220E-01
7.803133E-01
7.370567E-01
1.000000E+00
9.147320E-01
8.906233E-01
1.000000E+00
8.051445E-01
8.486587E-01
8.225526E-01
8.747774E-01
8.466612E-01
8.955698E-01
9.224891E-01
9.224891E-01
7.622767E-01
8.486587E-01
8.686572E-01
8.955698E-01
7.836791E-01
0.000000E+00
9.009075E-01
8.084727E-01
9.183486E-01
9.183486E-01
8.486587E-01
8.558112E-01
1.000000E+00
8.179305E-01
7.158911E-01
8.139410E-01
1.000000E+00
8.686572E-01
6.685160E-01
8.304684E-01
7.838155E-01
8.955698E-01
8.486587E-01
6.658121E-01
7.429568E-01
9.460770E-01
1.000000E+00
8.955698E-01
1.000000E+00
7.061501E-01
8.747774E-01
9.009075E-01
8.558112E-01
1.000000E+00
7.142857E-01
7.071068E-01
1.000000E+00
7.453560E-01
7.211103E-01
7.329325E-01
7.114582E-01
6.708204E-01
7.071068E-01
6.009252E-01
6.009252E-01
7.803133E-01
7.211103E-01
7.114582E-01
7.071068E-01
7.803133E-01
9.009075E-01
0.000000E+00
7.120003E-01
7.142857E-01
7.142857E-01
7.211103E-01
7.211103E-01
1.000000E+00
6.082763E-01
7.905694E-01
7.453560E-01
1.000000E+00
7.114582E-01
8.316309E-01
6.708204E-01
7.601170E-01
7.071068E-01
6.478835E-01
8.730337E-01
8.089011E-01
7.453560E-01
1.000000E+00
7.071068E-01
1.000000E+00
8.089011E-01
7.114582E-01
6.060915E-01
5.590170E-01
1.000000E+00
7.496556E-01
7.120003E-01
1.000000E+00
6.643841E-01
6.738558E-01
6.666667E-01
6.880209E-01
7.126096E-01
7.120003E-01
7.905694E-01
7.905694E-01
6.740131E-01
6.738558E-01
6.880209E-01
7.576044E-01
6.334308E-01
8.084727E-01
7.120003E-01
0.000000E+00
7.496556E-01
7.496556E-01
6.738558E-01
6.738558E-01
1.000000E+00
6.655123E-01
6.800735E-01
6.643841E-01
1.000000E+00
6.880209E-01
7.155418E-01
6.144518E-01
7.142857E-01
7.120003E-01
7.211103E-01
7.513010E-01
6.938335E-01
8.381404E-01
1.000000E+00
7.120003E-01
1.000000E+00
6.938335E-01
6.880209E-01
7.576044E-01
6.738558E-01
1.000000E+00
5.656854E-01
6.009252E-01
1.000000E+00
7.280110E-01
6.731456E-01
7.027284E-01
6.388766E-01
7.615773E-01
6.009252E-01
7.071068E-01
7.071068E-01
7.844645E-01
6.731456E-01
6.388766E-01
7.142857E-01
7.844645E-01
9.183486E-01
7.142857E-01
7.496556E-01
0.000000E+00
3.535534E-01
6.731456E-01
6.731456E-01
1.000000E+00
7.905694E-01
7.985957E-01
7.280110E-01
1.000000E+00
6.388766E-01
8.486587E-01
7.027284E-01
8.246211E-01
6.009252E-01
7.453560E-01
8.919700E-01
8.220592E-01
7.211103E-01
1.000000E+00
6.009252E-01
1.000000E+00
8.220592E-01
6.388766E-01
7.142857E-01
7.453560E-01
1.000000E+00
5.656854E-01
6.009252E-01
1.000000E+00
7.280110E-01
6.731456E-01
7.027284E-01
6.388766E-01
7.615773E-01
6.009252E-01
7.071068E-01
7.071068E-01
7.844645E-01
6.731456E-01
6.388766E-01
7.142857E-01
7.844645E-01
9.183486E-01
7.142857E-01
7.496556E-01
3.535534E-01
0.000000E+00
6.731456E-01
6.731456E-01
1.000000E+00
7.905694E-01
7.985957E-01
7.280110E-01
1.000000E+00
6.388766E-01
8.486587E-01
7.027284E-01
8.246211E-01
6.009252E-01
7.453560E-01
8.919700E-01
8.220592E-01
7.211103E-01
1.000000E+00
6.009252E-01
1.000000E+00
8.220592E-01
6.388766E-01
7.142857E-01
7.453560E-01
1.000000E+00
6.731456E-01
6.478835E-01
1.000000E+00
6.617173E-01
4.714045E-01
6.508541E-01
6.403124E-01
7.091957E-01
6.478835E-01
7.453560E-01
7.453560E-01
6.565905E-01
6.428243E-01
6.403124E-01
7.211103E-01
6.987712E-01
8.486587E-01
7.211103E-01
6.738558E-01
6.731456E-01
6.731456E-01
0.000000E+00
6.428243E-01
1.000000E+00
7.211103E-01
7.107674E-01
6.617173E-01
1.000000E+00
6.403124E-01
7.158911E-01
6.508541E-01
7.453560E-01
6.478835E-01
6.428243E-01
8.050081E-01
7.330731E-01
7.905694E-01
1.000000E+00
6.478835E-01
1.000000E+00
6.373774E-01
6.403124E-01
7.211103E-01
7.071068E-01
1.000000E+00
6.731456E-01
6.478835E-01
1.000000E+00
6.009252E-01
6.428243E-01
6.508541E-01
6.403124E-01
7.091957E-01
6.478835E-01
7.453560E-01
7.453560E-01
6.987712E-01
6.428243E-01
6.403124E-01
7.211103E-01
6.987712E-01
8.558112E-01
7.211103E-01
6.738558E-01
6.731456E-01
6.731456E-01
6.428243E-01
0.000000E+00
1.000000E+00
7.211103E-01
6.731456E-01
6.617173E-01
1.000000E+00
5.555556E-01
7.619570E-01
6.508541E-01
7.453560E-01
6.478835E-01
7.071068E-01
8.171767E-01
7.027284E-01
7.905694E-01
1.000000E+00
5.590170E-01
1.000000E+00
7.330731E-01
6.403124E-01
7.211103E-01
7.071068E-01
1.000000E+00
1.000000E+00
1.000000E+00
0.000000E+00
1.000000E+00
1.000000E+00
1.000000E+00
1.000000E+00
1.000000E+00
1.000000E+00
1.000000E+00
1.000000E+00
1.000000E+00
1.000000E+00
1.000000E+00
1.000000E+00
1.000000E+00
1.000000E+00
1.000000E+00
1.000000E+00
1.000000E+00
1.000000E+00
1.000000E+00
1.000000E+00
0.000000E+00
1.000000E+00
1.000000E+00
1.000000E+00
0.000000E+00
1.000000E+00
1.000000E+00
1.000000E+00
1.000000E+00
1.000000E+00
1.000000E+00
1.000000E+00
1.000000E+00
1.000000E+00
0.000000E+00
1.000000E+00
0.000000E+00
1.000000E+00
1.000000E+00
1.000000E+00
1.000000E+00
0.000000E+00
7.905694E-01
7.576044E-01
1.000000E+00
7.083291E-01
7.211103E-01
7.126096E-01
7.354022E-01
6.666667E-01
7.576044E-01
7.496556E-01
7.496556E-01
7.106335E-01
7.211103E-01
7.354022E-01
7.576044E-01
7.106335E-01
8.179305E-01
6.082763E-01
6.655123E-01
7.905694E-01
7.905694E-01
7.211103E-01
7.211103E-01
1.000000E+00
0.000000E+00
7.142857E-01
7.083291E-01
1.000000E+00
7.354022E-01
7.398225E-01
6.666667E-01
6.800735E-01
7.576044E-01
6.738558E-01
7.814900E-01
7.236225E-01
8.381404E-01
1.000000E+00
7.576044E-01
1.000000E+00
7.236225E-01
7.354022E-01
7.120003E-01
6.201737E-01
1.000000E+00
7.985957E-01
7.284314E-01
1.000000E+00
6.478835E-01
7.107674E-01
6.576671E-01
7.315437E-01
7.311813E-01
7.601170E-01
8.246211E-01
8.246211E-01
6.020797E-01
6.731456E-01
7.315437E-01
7.905694E-01
6.757304E-01
7.158911E-01
7.905694E-01
6.800735E-01
7.985957E-01
7.985957E-01
7.107674E-01
6.731456E-01
1.000000E+00
7.142857E-01
0.000000E+00
6.478835E-01
1.000000E+00
6.960204E-01
6.401276E-01
6.576671E-01
7.071068E-01
7.601170E-01
7.107674E-01
7.165678E-01
6.811755E-01
8.689661E-01
1.000000E+00
7.284314E-01
1.000000E+00
6.508541E-01
7.315437E-01
7.905694E-01
7.107674E-01
1.000000E+00
7.280110E-01
6.324555E-01
1.000000E+00
6.599663E-01
6.617173E-01
6.585389E-01
6.718548E-01
7.086764E-01
6.923430E-01
7.767276E-01
7.767276E-01
6.781420E-01
6.617173E-01
6.718548E-01
7.453560E-01
6.781420E-01
8.139410E-01
7.453560E-01
6.643841E-01
7.280110E-01
7.280110E-01
6.617173E-01
6.617173E-01
1.000000E+00
7.083291E-01
6.478835E-01
0.000000E+00
1.000000E+00
6.718548E-01
7.276770E-01
6.007884E-01
7.211103E-01
6.923430E-01
7.142857E-01
7.812500E-01
7.030868E-01
7.856742E-01
1.000000E+00
6.923430E-01
1.000000E+00
7.030868E-01
6.718548E-01
7.453560E-01
7.142857E-01
1.000000E+00
1.000000E+00
1.000000E+00
0.000000E+00
1.000000E+00
1.000000E+00
1.000000E+00
1.000000E+00
1.000000E+00
1.000000E+00
1.000000E+00
1.000000E+00
1.000000E+00
1.000000E+00
1.000000E+00
1.000000E+00
1.000000E+00
1.000000E+00
1.000000E+00
1.000000E+00
1.000000E+00
1.000000E+00
1.000000E+00
1.000000E+00
0.000000E+00
1.000000E+00
1.000000E+00
1.000000E+00
0.000000E+00
1.000000E+00
1.000000E+00
1.000000E+00
1.000000E+00
1.000000E+00
1.000000E+00
1.000000E+00
1.000000E+00
1.000000E+00
0.000000E+00
1.000000E+00
0.000000E+00
1.000000E+00
1.000000E+00
1.000000E+00
1.000000E+00
0.000000E+00
6.388766E-01
6.250000E-01
1.000000E+00
6.718548E-01
6.403124E-01
6.555548E-01
6.285394E-01
7.168604E-01
6.250000E-01
7.288690E-01
7.288690E-01
6.776309E-01
5.555556E-01
6.285394E-01
7.114582E-01
7.180220E-01
8.686572E-01
7.114582E-01
6.880209E-01
6.388766E-01
6.388766E-01
6.403124E-01
5.555556E-01
1.000000E+00
7.354022E-01
6.960204E-01
6.718548E-01
1.000000E+00
0.000000E+00
7.443229E-01
6.555548E-01
7.647059E-01
6.250000E-01
7.100227E-01
8.283867E-01
7.276069E-01
7.693093E-01
1.000000E+00
6.250000E-01
1.000000E+00
7.556373E-01
6.285394E-01
7.114582E-01
7.100227E-01
1.000000E+00
8.486587E-01
8.139410E-01
1.000000E+00
7.024128E-01
7.392464E-01
6.933438E-01
7.853535E-01
7.660323E-01
8.139410E-01
8.631338E-01
8.486587E-01
6.449806E-01
7.392464E-01
7.853535E-01
8.316309E-01
6.988134E-01
6.685160E-01
8.316309E-01
7.155418E-01
8.486587E-01
8.486587E-01
7.158911E-01
7.619570E-01
1.000000E+00
7.398225E-01
6.401276E-01
7.276770E-01
1.000000E+00
7.443229E-01
0.000000E+00
7.429568E-01
7.175397E-01
8.139410E-01
7.619570E-01
6.499521E-01
6.358748E-01
9.009075E-01
1.000000E+00
8.139410E-01
1.000000E+00
5.769231E-01
7.853535E-01
8.316309E-01
7.619570E-01
1.000000E+00
7.027284E-01
5.983516E-01
1.000000E+00
6.585389E-01
6.508541E-01
6.527140E-01
6.555548E-01
7.071068E-01
6.708204E-01
7.615773E-01
7.615773E-01
6.859943E-01
6.508541E-01
6.555548E-01
7.329325E-01
6.434769E-01
8.304684E-01
6.708204E-01
6.144518E-01
7.027284E-01
7.027284E-01
6.508541E-01
6.508541E-01
1.000000E+00
6.666667E-01
6.576671E-01
6.007884E-01
1.000000E+00
6.555548E-01
7.429568E-01
0.000000E+00
7.311813E-01
6.708204E-01
7.091957E-01
7.980204E-01
7.158911E-01
8.089011E-01
1.000000E+00
6.708204E-01
1.000000E+00
7.158911E-01
6.555548E-01
7.329325E-01
6.508541E-01
1.000000E+00
8.246211E-01
7.601170E-01
1.000000E+00
7.211103E-01
7.453560E-01
6.961091E-01
7.647059E-01
6.576671E-01
7.905694E-01
7.985957E-01
7.730674E-01
7.077748E-01
7.453560E-01
7.647059E-01
7.905694E-01
7.077748E-01
7.838155E-01
7.601170E-01
7.142857E-01
8.246211E-01
8.246211E-01
7.453560E-01
7.453560E-01
1.000000E+00
6.800735E-01
7.071068E-01
7.211103E-01
1.000000E+00
7.647059E-01
7.175397E-01
7.311813E-01
0.000000E+00
7.905694E-01
7.107674E-01
7.494824E-01
6.811755E-01
8.689661E-01
1.000000E+00
7.905694E-01
1.000000E+00
7.091957E-01
7.647059E-01
7.601170E-01
7.107674E-01
1.000000E+00
6.009252E-01
6.060915E-01
1.000000E+00
6.923430E-01
6.478835E-01
6.708204E-01
6.250000E-01
7.329325E-01
6.060915E-01
7.142857E-01
7.142857E-01
7.457362E-01
6.478835E-01
6.250000E-01
7.071068E-01
7.457362E-01
8.955698E-01
7.071068E-01
7.120003E-01
6.009252E-01
6.009252E-01
6.478835E-01
6.478835E-01
1.000000E+00
7.576044E-01
7.601170E-01
6.923430E-01
1.000000E+00
6.250000E-01
8.139410E-01
6.708204E-01
7.905694E-01
0.000000E+00
7.211103E-01
8.638133E-01
7.848038E-01
7.453560E-01
1.000000E+00
6.060915E-01
1.000000E+00
7.848038E-01
6.250000E-01
7.071068E-01
7.211103E-01
1.000000E+00
7.453560E-01
7.211103E-01
1.000000E+00
7.142857E-01
6.428243E-01
7.091957E-01
7.100227E-01
6.508541E-01
7.211103E-01
6.731456E-01
6.731456E-01
7.370567E-01
7.071068E-01
7.100227E-01
7.211103E-01
7.370567E-01
8.486587E-01
6.478835E-01
7.211103E-01
7.453560E-01
7.453560E-01
6.428243E-01
7.071068E-01
1.000000E+00
6.738558E-01
7.107674E-01
7.142857E-01
1.000000E+00
7.100227E-01
7.619570E-01
7.091957E-01
7.107674E-01
7.211103E-01
0.000000E+00
8.171767E-01
7.615773E-01
7.905694E-01
1.000000E+00
7.211103E-01
1.000000E+00
7.330731E-01
7.100227E-01
6.478835E-01
6.428243E-01
1.000000E+00
8.919700E-01
8.638133E-01
1.000000E+00
7.812500E-01
8.050081E-01
7.845735E-01
8.283867E-01
8.112972E-01
8.638133E-01
8.992627E-01
8.992627E-01
7.264170E-01
8.050081E-01
8.390017E-01
8.730337E-01
7.428571E-01
6.658121E-01
8.730337E-01
7.513010E-01
8.919700E-01
8.919700E-01
8.050081E-01
8.171767E-01
1.000000E+00
7.814900E-01
7.165678E-01
7.812500E-01
1.000000E+00
8.283867E-01
6.499521E-01
7.980204E-01
7.494824E-01
8.638133E-01
8.171767E-01
0.000000E+00
7.182813E-01
9.288842E-01
1.000000E+00
8.638133E-01
1.000000E+00
7.011417E-01
8.390017E-01
8.730337E-01
8.293523E-01
1.000000E+00
8.220592E-01
7.603453E-01
1.000000E+00
7.030868E-01
7.330731E-01
6.842105E-01
7.276069E-01
7.158911E-01
7.848038E-01
8.422248E-01
8.220592E-01
6.833841E-01
7.027284E-01
7.556373E-01
8.089011E-01
6.833841E-01
7.429568E-01
8.089011E-01
6.938335E-01
8.220592E-01
8.220592E-01
7.330731E-01
7.027284E-01
1.000000E+00
7.236225E-01
6.811755E-01
7.030868E-01
1.000000E+00
7.276069E-01
6.358748E-01
7.158911E-01
6.811755E-01
7.848038E-01
7.615773E-01
7.182813E-01
0.000000E+00
8.838835E-01
1.000000E+00
7.848038E-01
1.000000E+00
6.527140E-01
7.556373E-01
8.089011E-01
7.615773E-01
1.000000E+00
7.211103E-01
7.453560E-01
1.000000E+00
8.246211E-01
7.905694E-01
8.089011E-01
7.693093E-01
8.089011E-01
7.453560E-01
7.211103E-01
7.211103E-01
8.600261E-01
7.905694E-01
7.693093E-01
7.453560E-01
8.600261E-01
9.460770E-01
7.453560E-01
8.381404E-01
7.211103E-01
7.211103E-01
7.905694E-01
7.905694E-01
1.000000E+00
8.381404E-01
8.689661E-01
7.856742E-01
1.000000E+00
7.693093E-01
9.009075E-01
8.089011E-01
8.689661E-01
7.453560E-01
7.905694E-01
9.288842E-01
8.838835E-01
0.000000E+00
1.000000E+00
7.453560E-01
1.000000E+00
8.838835E-01
7.693093E-01
7.453560E-01
7.905694E-01
1.000000E+00
1.000000E+00
1.000000E+00
0.000000E+00
1.000000E+00
1.000000E+00
1.000000E+00
1.000000E+00
1.000000E+00
1.000000E+00
1.000000E+00
1.000000E+00
1.000000E+00
1.000000E+00
1.000000E+00
1.000000E+00
1.000000E+00
1.000000E+00
1.000000E+00
1.000000E+00
1.000000E+00
1.000000E+00
1.000000E+00
1.000000E+00
0.000000E+00
1.000000E+00
1.000000E+00
1.000000E+00
0.000000E+00
1.000000E+00
1.000000E+00
1.000000E+00
1.000000E+00
1.000000E+00
1.000000E+00
1.000000E+00
1.000000E+00
1.000000E+00
0.000000E+00
1.000000E+00
0.000000E+00
1.000000E+00
1.000000E+00
1.000000E+00
1.000000E+00
0.000000E+00
6.009252E-01
6.060915E-01
1.000000E+00
6.923430E-01
6.478835E-01
6.708204E-01
6.250000E-01
7.329325E-01
6.060915E-01
7.142857E-01
7.142857E-01
7.457362E-01
6.478835E-01
6.250000E-01
7.071068E-01
7.457362E-01
8.955698E-01
7.071068E-01
7.120003E-01
6.009252E-01
6.009252E-01
6.478835E-01
5.590170E-01
1.000000E+00
7.576044E-01
7.284314E-01
6.923430E-01
1.000000E+00
6.250000E-01
8.139410E-01
6.708204E-01
7.905694E-01
6.060915E-01
7.211103E-01
8.638133E-01
7.848038E-01
7.453560E-01
1.000000E+00
0.000000E+00
1.000000E+00
7.848038E-01
6.250000E-01
7.071068E-01
7.211103E-01
1.000000E+00
1.000000E+00
1.000000E+00
0.000000E+00
1.000000E+00
1.000000E+00
1.000000E+00
1.000000E+00
1.000000E+00
1.000000E+00
1.000000E+00
1.000000E+00
1.000000E+00
1.000000E+00
1.000000E+00
1.000000E+00
1.000000E+00
1.000000E+00
1.000000E+00
1.000000E+00
1.000000E+00
1.000000E+00
1.000000E+00
1.000000E+00
0.000000E+00
1.000000E+00
1.000000E+00
1.000000E+00
0.000000E+00
1.000000E+00
1.000000E+00
1.000000E+00
1.000000E+00
1.000000E+00
1.000000E+00
1.000000E+00
1.000000E+00
1.000000E+00
0.000000E+00
1.000000E+00
0.000000E+00
1.000000E+00
1.000000E+00
1.000000E+00
1.000000E+00
0.000000E+00
8.220592E-01
7.848038E-01
1.000000E+00
6.708204E-01
6.706914E-01
6.502611E-01
7.556373E-01
7.453560E-01
7.848038E-01
8.422248E-01
8.422248E-01
6.521739E-01
7.330731E-01
7.556373E-01
8.089011E-01
6.521739E-01
7.061501E-01
8.089011E-01
6.938335E-01
8.220592E-01
8.220592E-01
6.373774E-01
7.330731E-01
1.000000E+00
7.236225E-01
6.508541E-01
7.030868E-01
1.000000E+00
7.556373E-01
5.769231E-01
7.158911E-01
7.091957E-01
7.848038E-01
7.330731E-01
7.011417E-01
6.527140E-01
8.838835E-01
1.000000E+00
7.848038E-01
1.000000E+00
0.000000E+00
7.556373E-01
8.089011E-01
7.330731E-01
1.000000E+00
6.388766E-01
6.250000E-01
1.000000E+00
6.718548E-01
6.403124E-01
6.555548E-01
6.285394E-01
7.168604E-01
6.250000E-01
7.288690E-01
7.288690E-01
7.180220E-01
6.403124E-01
6.285394E-01
7.114582E-01
7.180220E-01
8.747774E-01
7.114582E-01
6.880209E-01
6.388766E-01
6.388766E-01
6.403124E-01
6.403124E-01
1.000000E+00
7.354022E-01
7.315437E-01
6.718548E-01
1.000000E+00
6.285394E-01
7.853535E-01
6.555548E-01
7.647059E-01
6.250000E-01
7.100227E-01
8.390017E-01
7.556373E-01
7.693093E-01
1.000000E+00
6.250000E-01
1.000000E+00
7.556373E-01
0.000000E+00
7.114582E-01
7.100227E-01
1.000000E+00
7.142857E-01
7.071068E-01
1.000000E+00
7.453560E-01
7.211103E-01
7.329325E-01
7.114582E-01
5.983516E-01
7.071068E-01
6.009252E-01
6.009252E-01
7.803133E-01
6.478835E-01
7.114582E-01
7.071068E-01
7.803133E-01
9.009075E-01
6.060915E-01
7.576044E-01
7.142857E-01
7.142857E-01
7.211103E-01
7.211103E-01
1.000000E+00
7.120003E-01
7.905694E-01
7.453560E-01
1.000000E+00
7.114582E-01
8.316309E-01
7.329325E-01
7.601170E-01
7.071068E-01
6.478835E-01
8.730337E-01
8.089011E-01
7.453560E-01
1.000000E+00
7.071068E-01
1.000000E+00
8.089011E-01
7.114582E-01
0.000000E+00
6.478835E-01
1.000000E+00
7.453560E-01
7.211103E-01
1.000000E+00
6.617173E-01
7.071068E-01
6.508541E-01
7.100227E-01
6.508541E-01
7.211103E-01
5.890151E-01
6.731456E-01
6.987712E-01
7.071068E-01
7.100227E-01
7.211103E-01
7.370567E-01
8.558112E-01
5.590170E-01
6.738558E-01
7.453560E-01
7.453560E-01
7.071068E-01
7.071068E-01
1.000000E+00
6.201737E-01
7.107674E-01
7.142857E-01
1.000000E+00
7.100227E-01
7.619570E-01
6.508541E-01
7.107674E-01
7.211103E-01
6.428243E-01
8.293523E-01
7.615773E-01
7.905694E-01
1.000000E+00
7.211103E-01
1.000000E+00
7.330731E-01
7.100227E-01
6.478835E-01
0.000000E+00
1.000000E+00
1.000000E+00
1.000000E+00
0.000000E+00
1.000000E+00
1.000000E+00
1.000000E+00
1.000000E+00
1.000000E+00
1.000000E+00
1.000000E+00
1.000000E+00
1.000000E+00
1.000000E+00
1.000000E+00
1.000000E+00
1.000000E+00
1.000000E+00
1.000000E+00
1.000000E+00
1.000000E+00
1.000000E+00
1.000000E+00
1.000000E+00
0.000000E+00
1.000000E+00
1.000000E+00
1.000000E+00
0.000000E+00
1.000000E+00
1.000000E+00
1.000000E+00
1.000000E+00
1.000000E+00
1.000000E+00
1.000000E+00
1.000000E+00
1.000000E+00
0.000000E+00
1.000000E+00
0.000000E+00
1.000000E+00
1.000000E+00
1.000000E+00
1.000000E+00
0.000000E+00
