8.689661E-01
7.905694E-01
8.838835E-01
8.498366E-01
8.246211E-01
7.071068E-01
7.453560E-01
8.838835E-01
8.689661E-01
7.905694E-01
7.905694E-01
7.905694E-01
7.453560E-01
7.905694E-01
8.246211E-01
8.838835E-01
8.246211E-01
8.958064E-01
8.498366E-01
7.071068E-01
8.498366E-01
1.000000E+00
8.246211E-01
1.000000E+00
8.689661E-01
1.000000E+00
1.000000E+00
8.246211E-01
7.905694E-01
8.838835E-01
7.453560E-01
8.958064E-01
8.246211E-01
7.071068E-01
8.689661E-01
9.204468E-01
7.071068E-01
9.055385E-01
1.000000E+00
8.838835E-01
1.000000E+00
1.000000E+00
5.000000E-01
7.453560E-01
8.246211E-01
7.453560E-01
7.071068E-01
8.246211E-01
8.838835E-01
8.689661E-01
8.958064E-01
8.689661E-01
7.905694E-01
1.000000E+00
8.246211E-01
8.958064E-01
8.246211E-01
8.838835E-01
8.498366E-01
8.689661E-01
8.689661E-01
8.498366E-01
8.246211E-01
7.905694E-01
8.689661E-01
9.204468E-01
1.000000E+00
8.246211E-01
1.000000E+00
9.204468E-01
1.000000E+00
7.453560E-01
7.071068E-01
8.838835E-01
8.498366E-01
8.838835E-01
7.071068E-01
7.905694E-01
8.246211E-01
1.000000E+00
9.055385E-01
8.838835E-01
1.000000E+00
8.498366E-01
1.000000E+00
8.498366E-01
8.498366E-01
1.000000E+00
7.905694E-01
8.498366E-01
8.838835E-01
7.211103E-01
7.142857E-01
7.329325E-01
7.114582E-01
7.071068E-01
8.246211E-01
7.453560E-01
7.329325E-01
7.211103E-01
7.142857E-01
7.142857E-01
7.142857E-01
7.453560E-01
7.142857E-01
7.071068E-01
7.329325E-01
7.071068E-01
7.453560E-01
7.114582E-01
8.246211E-01
7.114582E-01
1.000000E+00
7.071068E-01
1.000000E+00
7.211103E-01
1.000000E+00
1.000000E+00
4.714045E-01
7.142857E-01
7.329325E-01
7.453560E-01
7.453560E-01
7.071068E-01
8.246211E-01
7.211103E-01
7.803133E-01
8.246211E-01
7.576044E-01
1.000000E+00
7.329325E-01
1.000000E+00
1.000000E+00
7.453560E-01
7.453560E-01
7.071068E-01
7.453560E-01
8.246211E-01
7.071068E-01
7.329325E-01
7.211103E-01
7.453560E-01
7.211103E-01
7.142857E-01
1.000000E+00
6.060915E-01
7.453560E-01
6.060915E-01
7.329325E-01
7.114582E-01
7.211103E-01
7.211103E-01
7.114582E-01
7.071068E-01
7.142857E-01
7.211103E-01
7.803133E-01
1.000000E+00
7.071068E-01
1.000000E+00
7.803133E-01
1.000000E+00
7.453560E-01
8.246211E-01
7.329325E-01
7.114582E-01
7.329325E-01
8.246211E-01
7.142857E-01
7.071068E-01
1.000000E+00
7.576044E-01
7.329325E-01
1.000000E+00
7.114582E-01
1.000000E+00
7.114582E-01
7.114582E-01
1.000000E+00
7.142857E-01
7.114582E-01
7.329325E-01
7.905694E-01
7.211103E-01
8.089011E-01
7.693093E-01
7.453560E-01
7.453560E-01
7.071068E-01
8.089011E-01
7.905694E-01
7.211103E-01
7.211103E-01
7.211103E-01
7.071068E-01
7.211103E-01
7.453560E-01
8.089011E-01
7.453560E-01
8.246211E-01
7.693093E-01
7.453560E-01
7.693093E-01
1.000000E+00
7.453560E-01
1.000000E+00
7.905694E-01
1.000000E+00
1.000000E+00
6.324555E-01
7.211103E-01
8.089011E-01
7.071068E-01
8.246211E-01
7.453560E-01
7.453560E-01
7.905694E-01
8.600261E-01
7.453560E-01
8.381404E-01
1.000000E+00
8.089011E-01
1.000000E+00
1.000000E+00
4.714045E-01
7.071068E-01
7.453560E-01
7.071068E-01
7.453560E-01
7.453560E-01
8.089011E-01
7.905694E-01
8.246211E-01
7.905694E-01
7.211103E-01
1.000000E+00
7.453560E-01
8.246211E-01
7.453560E-01
8.089011E-01
7.693093E-01
7.905694E-01
7.905694E-01
7.693093E-01
7.453560E-01
7.211103E-01
7.905694E-01
8.600261E-01
1.000000E+00
7.453560E-01
1.000000E+00
8.600261E-01
1.000000E+00
7.071068E-01
7.453560E-01
8.089011E-01
7.693093E-01
8.089011E-01
7.453560E-01
7.211103E-01
7.453560E-01
1.000000E+00
8.381404E-01
8.089011E-01
1.000000E+00
7.693093E-01
1.000000E+00
7.693093E-01
7.693093E-01
1.000000E+00
7.211103E-01
7.693093E-01
8.089011E-01
7.211103E-01
7.142857E-01
7.329325E-01
7.114582E-01
7.071068E-01
8.246211E-01
7.453560E-01
7.329325E-01
7.211103E-01
7.142857E-01
6.009252E-01
7.142857E-01
7.453560E-01
7.142857E-01
7.071068E-01
7.329325E-01
7.071068E-01
7.453560E-01
7.114582E-01
8.246211E-01
7.114582E-01
1.000000E+00
7.071068E-01
1.000000E+00
7.211103E-01
1.000000E+00
1.000000E+00
7.071068E-01
7.142857E-01
7.329325E-01
7.453560E-01
7.453560E-01
7.071068E-01
8.246211E-01
7.211103E-01
7.803133E-01
8.246211E-01
7.576044E-01
1.000000E+00
7.329325E-01
1.000000E+00
1.000000E+00
6.324555E-01
7.453560E-01
7.071068E-01
7.453560E-01
8.246211E-01
7.071068E-01
7.329325E-01
7.211103E-01
7.453560E-01
7.211103E-01
7.142857E-01
1.000000E+00
7.071068E-01
7.453560E-01
7.071068E-01
7.329325E-01
7.114582E-01
7.211103E-01
7.211103E-01
7.114582E-01
7.071068E-01
7.142857E-01
7.211103E-01
7.803133E-01
1.000000E+00
7.071068E-01
1.000000E+00
7.803133E-01
1.000000E+00
7.453560E-01
8.246211E-01
7.329325E-01
7.114582E-01
7.329325E-01
8.246211E-01
7.142857E-01
7.071068E-01
1.000000E+00
7.576044E-01
7.329325E-01
1.000000E+00
7.114582E-01
1.000000E+00
7.114582E-01
7.114582E-01
1.000000E+00
7.142857E-01
7.114582E-01
7.329325E-01
8.689661E-01
7.905694E-01
8.838835E-01
8.498366E-01
8.246211E-01
7.071068E-01
7.453560E-01
8.838835E-01
8.689661E-01
7.905694E-01
7.905694E-01
7.905694E-01
7.453560E-01
7.905694E-01
8.246211E-01
8.838835E-01
8.246211E-01
8.958064E-01
8.498366E-01
7.071068E-01
8.498366E-01
1.000000E+00
8.246211E-01
1.000000E+00
8.689661E-01
1.000000E+00
1.000000E+00
8.246211E-01
7.905694E-01
8.838835E-01
7.453560E-01
8.958064E-01
8.246211E-01
7.071068E-01
8.689661E-01
9.204468E-01
7.071068E-01
9.055385E-01
1.000000E+00
8.838835E-01
1.000000E+00
1.000000E+00
5.000000E-01
7.453560E-01
8.246211E-01
7.453560E-01
7.071068E-01
8.246211E-01
8.838835E-01
8.689661E-01
8.958064E-01
8.689661E-01
7.905694E-01
1.000000E+00
8.246211E-01
8.958064E-01
8.246211E-01
8.838835E-01
8.498366E-01
8.689661E-01
8.689661E-01
8.498366E-01
8.246211E-01
7.905694E-01
8.689661E-01
9.204468E-01
1.000000E+00
8.246211E-01
1.000000E+00
9.204468E-01
1.000000E+00
7.453560E-01
7.071068E-01
8.838835E-01
8.498366E-01
8.838835E-01
7.071068E-01
7.905694E-01
8.246211E-01
1.000000E+00
9.055385E-01
8.838835E-01
1.000000E+00
8.498366E-01
1.000000E+00
8.498366E-01
8.498366E-01
1.000000E+00
7.905694E-01
8.498366E-01
8.838835E-01
8.689661E-01
7.905694E-01
8.838835E-01
8.498366E-01
8.246211E-01
7.071068E-01
7.453560E-01
8.838835E-01
8.689661E-01
7.905694E-01
7.905694E-01
7.905694E-01
7.453560E-01
7.905694E-01
8.246211E-01
8.838835E-01
8.246211E-01
8.958064E-01
8.498366E-01
7.071068E-01
8.498366E-01
1.000000E+00
8.246211E-01
1.000000E+00
8.689661E-01
1.000000E+00
1.000000E+00
8.246211E-01
7.905694E-01
8.838835E-01
7.453560E-01
8.958064E-01
8.246211E-01
7.071068E-01
8.689661E-01
9.204468E-01
7.071068E-01
9.055385E-01
1.000000E+00
8.838835E-01
1.000000E+00
1.000000E+00
5.000000E-01
7.453560E-01
8.246211E-01
7.453560E-01
7.071068E-01
8.246211E-01
8.838835E-01
8.689661E-01
8.958064E-01
8.689661E-01
7.905694E-01
1.000000E+00
8.246211E-01
8.958064E-01
8.246211E-01
8.838835E-01
8.498366E-01
8.689661E-01
8.689661E-01
8.498366E-01
8.246211E-01
7.905694E-01
8.689661E-01
9.204468E-01
1.000000E+00
8.246211E-01
1.000000E+00
9.204468E-01
1.000000E+00
7.453560E-01
7.071068E-01
8.838835E-01
8.498366E-01
8.838835E-01
7.071068E-01
7.905694E-01
8.246211E-01
1.000000E+00
9.055385E-01
8.838835E-01
1.000000E+00
8.498366E-01
1.000000E+00
8.498366E-01
8.498366E-01
1.000000E+00
7.905694E-01
8.498366E-01
8.838835E-01
7.100227E-01
7.288690E-01
7.168604E-01
7.071068E-01
7.114582E-01
8.498366E-01
7.693093E-01
7.168604E-01
7.100227E-01
5.270463E-01
7.288690E-01
7.288690E-01
7.693093E-01
7.288690E-01
7.114582E-01
7.168604E-01
7.114582E-01
7.256909E-01
7.071068E-01
8.498366E-01
7.071068E-01
1.000000E+00
7.114582E-01
1.000000E+00
7.100227E-01
1.000000E+00
1.000000E+00
7.114582E-01
7.288690E-01
7.168604E-01
7.693093E-01
6.718548E-01
7.114582E-01
8.498366E-01
7.100227E-01
7.551904E-01
8.498366E-01
7.354022E-01
1.000000E+00
5.830952E-01
1.000000E+00
1.000000E+00
6.871843E-01
7.693093E-01
7.114582E-01
7.693093E-01
8.498366E-01
7.114582E-01
7.168604E-01
7.100227E-01
7.256909E-01
7.100227E-01
7.288690E-01
1.000000E+00
5.150788E-01
6.718548E-01
7.114582E-01
7.168604E-01
7.071068E-01
6.403124E-01
6.403124E-01
7.071068E-01
7.114582E-01
7.288690E-01
7.100227E-01
7.551904E-01
1.000000E+00
7.114582E-01
1.000000E+00
7.180220E-01
1.000000E+00
7.693093E-01
8.498366E-01
7.168604E-01
6.285394E-01
7.168604E-01
8.498366E-01
7.288690E-01
7.114582E-01
1.000000E+00
7.354022E-01
7.168604E-01
1.000000E+00
7.071068E-01
1.000000E+00
7.071068E-01
7.071068E-01
1.000000E+00
7.288690E-01
7.071068E-01
6.555548E-01
7.905694E-01
7.211103E-01
8.089011E-01
7.693093E-01
7.453560E-01
7.453560E-01
7.071068E-01
8.089011E-01
7.905694E-01
7.211103E-01
7.211103E-01
7.211103E-01
7.071068E-01
7.211103E-01
7.453560E-01
8.089011E-01
7.453560E-01
8.246211E-01
7.693093E-01
7.453560E-01
7.693093E-01
1.000000E+00
7.453560E-01
1.000000E+00
7.905694E-01
1.000000E+00
1.000000E+00
7.453560E-01
7.211103E-01
8.089011E-01
7.071068E-01
8.246211E-01
7.453560E-01
7.453560E-01
7.905694E-01
8.600261E-01
7.453560E-01
8.381404E-01
1.000000E+00
8.089011E-01
1.000000E+00
1.000000E+00
4.714045E-01
7.071068E-01
7.453560E-01
7.071068E-01
7.453560E-01
7.453560E-01
8.089011E-01
7.905694E-01
8.246211E-01
7.905694E-01
7.211103E-01
1.000000E+00
7.453560E-01
8.246211E-01
7.453560E-01
8.089011E-01
7.693093E-01
7.905694E-01
7.905694E-01
7.693093E-01
7.453560E-01
7.211103E-01
7.905694E-01
8.600261E-01
1.000000E+00
7.453560E-01
1.000000E+00
8.600261E-01
1.000000E+00
7.071068E-01
7.453560E-01
8.089011E-01
7.693093E-01
8.089011E-01
7.453560E-01
7.211103E-01
7.453560E-01
1.000000E+00
8.381404E-01
8.089011E-01
1.000000E+00
7.693093E-01
1.000000E+00
7.693093E-01
7.693093E-01
1.000000E+00
7.211103E-01
7.693093E-01
8.089011E-01
7.091957E-01
7.615773E-01
7.071068E-01
7.168604E-01
7.329325E-01
8.838835E-01
8.089011E-01
7.071068E-01
7.091957E-01
6.373774E-01
7.615773E-01
7.615773E-01
8.089011E-01
7.615773E-01
7.329325E-01
7.071068E-01
7.329325E-01
7.086764E-01
7.168604E-01
8.838835E-01
7.168604E-01
1.000000E+00
7.329325E-01
1.000000E+00
6.508541E-01
1.000000E+00
1.000000E+00
7.329325E-01
7.615773E-01
7.071068E-01
8.089011E-01
6.585389E-01
7.329325E-01
8.838835E-01
7.091957E-01
7.243558E-01
8.838835E-01
7.126096E-01
1.000000E+00
5.892557E-01
1.000000E+00
1.000000E+00
7.603453E-01
8.089011E-01
7.329325E-01
8.089011E-01
8.838835E-01
7.329325E-01
7.071068E-01
7.091957E-01
7.086764E-01
7.091957E-01
7.615773E-01
1.000000E+00
5.983516E-01
6.585389E-01
7.329325E-01
7.071068E-01
7.168604E-01
6.508541E-01
6.508541E-01
7.168604E-01
7.329325E-01
7.615773E-01
7.091957E-01
7.243558E-01
1.000000E+00
7.329325E-01
1.000000E+00
6.859943E-01
1.000000E+00
8.089011E-01
8.838835E-01
7.071068E-01
6.555548E-01
6.527140E-01
8.838835E-01
7.615773E-01
7.329325E-01
1.000000E+00
7.126096E-01
7.071068E-01
1.000000E+00
7.168604E-01
1.000000E+00
7.168604E-01
7.168604E-01
1.000000E+00
7.615773E-01
7.168604E-01
6.527140E-01
8.689661E-01
7.905694E-01
8.838835E-01
8.498366E-01
8.246211E-01
7.071068E-01
7.453560E-01
8.838835E-01
8.689661E-01
7.905694E-01
7.905694E-01
7.905694E-01
7.453560E-01
7.905694E-01
8.246211E-01
8.838835E-01
8.246211E-01
8.958064E-01
8.498366E-01
7.071068E-01
8.498366E-01
1.000000E+00
8.246211E-01
1.000000E+00
8.689661E-01
1.000000E+00
1.000000E+00
8.246211E-01
7.905694E-01
8.838835E-01
7.453560E-01
8.958064E-01
8.246211E-01
7.071068E-01
8.689661E-01
9.204468E-01
7.071068E-01
9.055385E-01
1.000000E+00
8.838835E-01
1.000000E+00
1.000000E+00
5.000000E-01
7.453560E-01
8.246211E-01
7.453560E-01
7.071068E-01
8.246211E-01
8.838835E-01
8.689661E-01
8.958064E-01
8.689661E-01
7.905694E-01
1.000000E+00
8.246211E-01
8.958064E-01
8.246211E-01
8.838835E-01
8.498366E-01
8.689661E-01
8.689661E-01
8.498366E-01
8.246211E-01
7.905694E-01
8.689661E-01
9.204468E-01
1.000000E+00
8.246211E-01
1.000000E+00
9.204468E-01
1.000000E+00
7.453560E-01
7.071068E-01
8.838835E-01
8.498366E-01
8.838835E-01
7.071068E-01
7.905694E-01
8.246211E-01
1.000000E+00
9.055385E-01
8.838835E-01
1.000000E+00
8.498366E-01
1.000000E+00
8.498366E-01
8.498366E-01
1.000000E+00
7.905694E-01
8.498366E-01
8.838835E-01
6.403124E-01
7.288690E-01
7.168604E-01
7.071068E-01
7.114582E-01
8.498366E-01
7.693093E-01
7.168604E-01
6.403124E-01
7.288690E-01
7.288690E-01
7.288690E-01
7.693093E-01
7.288690E-01
7.114582E-01
7.168604E-01
7.114582E-01
7.256909E-01
7.071068E-01
8.498366E-01
7.071068E-01
1.000000E+00
7.114582E-01
1.000000E+00
5.555556E-01
1.000000E+00
1.000000E+00
6.250000E-01
7.288690E-01
7.168604E-01
7.693093E-01
7.256909E-01
7.114582E-01
8.498366E-01
6.403124E-01
7.551904E-01
8.498366E-01
7.354022E-01
1.000000E+00
7.168604E-01
1.000000E+00
1.000000E+00
7.693093E-01
7.693093E-01
7.114582E-01
7.693093E-01
8.498366E-01
7.114582E-01
7.168604E-01
7.100227E-01
7.256909E-01
7.100227E-01
7.288690E-01
1.000000E+00
7.114582E-01
6.718548E-01
7.114582E-01
7.168604E-01
7.071068E-01
7.100227E-01
6.403124E-01
7.071068E-01
7.114582E-01
7.288690E-01
7.100227E-01
7.551904E-01
1.000000E+00
7.114582E-01
1.000000E+00
6.776309E-01
1.000000E+00
7.693093E-01
8.498366E-01
7.168604E-01
7.071068E-01
6.555548E-01
8.498366E-01
7.288690E-01
7.114582E-01
1.000000E+00
7.354022E-01
7.168604E-01
1.000000E+00
7.071068E-01
1.000000E+00
7.071068E-01
7.071068E-01
1.000000E+00
7.288690E-01
7.071068E-01
7.168604E-01
7.905694E-01
7.211103E-01
8.089011E-01
7.693093E-01
7.453560E-01
7.453560E-01
7.071068E-01
8.089011E-01
7.905694E-01
7.211103E-01
7.211103E-01
7.211103E-01
7.071068E-01
7.211103E-01
7.453560E-01
8.089011E-01
7.453560E-01
8.246211E-01
7.693093E-01
7.453560E-01
7.693093E-01
1.000000E+00
7.453560E-01
1.000000E+00
7.905694E-01
1.000000E+00
1.000000E+00
7.453560E-01
7.211103E-01
8.089011E-01
7.071068E-01
8.246211E-01
7.453560E-01
7.453560E-01
7.905694E-01
8.600261E-01
7.453560E-01
8.381404E-01
1.000000E+00
8.089011E-01
1.000000E+00
1.000000E+00
4.714045E-01
7.071068E-01
7.453560E-01
7.071068E-01
7.453560E-01
7.453560E-01
8.089011E-01
7.905694E-01
8.246211E-01
7.905694E-01
7.211103E-01
1.000000E+00
7.453560E-01
8.246211E-01
7.453560E-01
8.089011E-01
7.693093E-01
7.905694E-01
7.905694E-01
7.693093E-01
7.453560E-01
7.211103E-01
7.905694E-01
8.600261E-01
1.000000E+00
7.453560E-01
1.000000E+00
8.600261E-01
1.000000E+00
7.071068E-01
7.453560E-01
8.089011E-01
7.693093E-01
8.089011E-01
7.453560E-01
7.211103E-01
7.453560E-01
1.000000E+00
8.381404E-01
8.089011E-01
1.000000E+00
7.693093E-01
1.000000E+00
7.693093E-01
7.693093E-01
1.000000E+00
7.211103E-01
7.693093E-01
8.089011E-01
7.071068E-01
7.453560E-01
7.091957E-01
7.100227E-01
7.211103E-01
8.689661E-01
7.905694E-01
7.091957E-01
7.071068E-01
7.453560E-01
7.453560E-01
6.731456E-01
7.905694E-01
7.453560E-01
7.211103E-01
7.091957E-01
7.211103E-01
7.142857E-01
6.403124E-01
8.689661E-01
7.100227E-01
1.000000E+00
7.211103E-01
1.000000E+00
7.071068E-01
1.000000E+00
1.000000E+00
7.211103E-01
7.453560E-01
7.091957E-01
7.905694E-01
7.142857E-01
7.211103E-01
8.689661E-01
7.071068E-01
7.370567E-01
8.689661E-01
7.211103E-01
1.000000E+00
7.091957E-01
1.000000E+00
1.000000E+00
7.284314E-01
7.905694E-01
7.211103E-01
7.905694E-01
8.689661E-01
7.211103E-01
6.508541E-01
7.071068E-01
7.142857E-01
7.071068E-01
7.453560E-01
1.000000E+00
7.211103E-01
7.142857E-01
7.211103E-01
7.091957E-01
7.100227E-01
7.071068E-01
7.071068E-01
7.100227E-01
7.211103E-01
7.453560E-01
7.071068E-01
7.370567E-01
1.000000E+00
7.211103E-01
1.000000E+00
7.370567E-01
1.000000E+00
7.905694E-01
8.689661E-01
7.091957E-01
6.403124E-01
7.091957E-01
8.689661E-01
7.453560E-01
7.211103E-01
1.000000E+00
7.211103E-01
7.091957E-01
1.000000E+00
7.100227E-01
1.000000E+00
6.403124E-01
7.100227E-01
1.000000E+00
7.453560E-01
7.100227E-01
6.508541E-01
7.071068E-01
7.453560E-01
7.091957E-01
7.100227E-01
7.211103E-01
8.689661E-01
7.905694E-01
7.091957E-01
7.071068E-01
7.453560E-01
7.453560E-01
7.453560E-01
7.905694E-01
7.453560E-01
7.211103E-01
7.091957E-01
7.211103E-01
7.142857E-01
7.100227E-01
8.689661E-01
7.100227E-01
1.000000E+00
7.211103E-01
1.000000E+00
7.071068E-01
1.000000E+00
1.000000E+00
7.211103E-01
7.453560E-01
7.091957E-01
7.905694E-01
7.142857E-01
7.211103E-01
8.689661E-01
7.071068E-01
7.370567E-01
8.689661E-01
7.211103E-01
1.000000E+00
7.091957E-01
1.000000E+00
1.000000E+00
7.284314E-01
7.905694E-01
7.211103E-01
7.905694E-01
8.689661E-01
7.211103E-01
7.091957E-01
7.071068E-01
7.142857E-01
7.071068E-01
7.453560E-01
1.000000E+00
7.211103E-01
7.142857E-01
7.211103E-01
7.091957E-01
7.100227E-01
7.071068E-01
7.071068E-01
7.100227E-01
7.211103E-01
7.453560E-01
7.071068E-01
7.370567E-01
1.000000E+00
7.211103E-01
1.000000E+00
7.370567E-01
1.000000E+00
7.905694E-01
8.689661E-01
7.091957E-01
7.100227E-01
7.091957E-01
8.689661E-01
7.453560E-01
7.211103E-01
1.000000E+00
7.211103E-01
7.091957E-01
1.000000E+00
7.100227E-01
1.000000E+00
7.100227E-01
7.100227E-01
1.000000E+00
7.453560E-01
7.100227E-01
7.091957E-01
6.403124E-01
7.288690E-01
7.168604E-01
7.071068E-01
7.114582E-01
8.498366E-01
7.693093E-01
7.168604E-01
7.100227E-01
6.388766E-01
7.288690E-01
6.388766E-01
7.693093E-01
7.288690E-01
7.114582E-01
7.168604E-01
7.114582E-01
7.256909E-01
6.285394E-01
8.498366E-01
7.071068E-01
1.000000E+00
7.114582E-01
1.000000E+00
7.100227E-01
1.000000E+00
1.000000E+00
7.114582E-01
7.288690E-01
7.168604E-01
7.693093E-01
7.256909E-01
7.114582E-01
8.498366E-01
6.403124E-01
7.551904E-01
8.498366E-01
7.354022E-01
1.000000E+00
6.555548E-01
1.000000E+00
1.000000E+00
6.871843E-01
7.693093E-01
7.114582E-01
7.693093E-01
8.498366E-01
7.114582E-01
6.555548E-01
6.403124E-01
7.256909E-01
6.403124E-01
7.288690E-01
1.000000E+00
6.250000E-01
7.256909E-01
7.114582E-01
7.168604E-01
7.071068E-01
7.100227E-01
5.555556E-01
6.285394E-01
7.114582E-01
7.288690E-01
7.100227E-01
7.551904E-01
1.000000E+00
7.114582E-01
1.000000E+00
7.551904E-01
1.000000E+00
7.693093E-01
8.498366E-01
6.555548E-01
4.040610E-01
7.168604E-01
8.498366E-01
7.288690E-01
7.114582E-01
1.000000E+00
7.354022E-01
7.168604E-01
1.000000E+00
7.071068E-01
1.000000E+00
6.285394E-01
7.071068E-01
1.000000E+00
7.288690E-01
7.071068E-01
5.830952E-01
7.905694E-01
7.211103E-01
8.089011E-01
7.693093E-01
7.453560E-01
7.453560E-01
7.071068E-01
8.089011E-01
7.905694E-01
5.590170E-01
7.211103E-01
7.211103E-01
7.071068E-01
7.211103E-01
7.453560E-01
8.089011E-01
7.453560E-01
8.246211E-01
7.693093E-01
7.453560E-01
7.693093E-01
1.000000E+00
7.453560E-01
1.000000E+00
7.905694E-01
1.000000E+00
1.000000E+00
7.453560E-01
7.211103E-01
8.089011E-01
7.071068E-01
8.246211E-01
7.453560E-01
7.453560E-01
7.905694E-01
8.600261E-01
7.453560E-01
8.381404E-01
1.000000E+00
7.603453E-01
1.000000E+00
1.000000E+00
4.714045E-01
7.071068E-01
7.453560E-01
7.071068E-01
7.453560E-01
7.453560E-01
8.089011E-01
7.905694E-01
8.246211E-01
7.905694E-01
7.211103E-01
1.000000E+00
6.324555E-01
8.246211E-01
7.453560E-01
8.089011E-01
7.693093E-01
7.905694E-01
7.284314E-01
7.693093E-01
7.453560E-01
7.211103E-01
7.905694E-01
8.600261E-01
1.000000E+00
7.453560E-01
1.000000E+00
8.600261E-01
1.000000E+00
7.071068E-01
7.453560E-01
8.089011E-01
6.871843E-01
8.089011E-01
7.453560E-01
7.211103E-01
7.453560E-01
1.000000E+00
8.381404E-01
8.089011E-01
1.000000E+00
7.693093E-01
1.000000E+00
7.693093E-01
7.693093E-01
1.000000E+00
7.211103E-01
7.693093E-01
7.603453E-01
8.689661E-01
7.905694E-01
8.838835E-01
8.498366E-01
8.246211E-01
7.071068E-01
7.453560E-01
8.838835E-01
8.689661E-01
7.905694E-01
7.905694E-01
7.905694E-01
7.453560E-01
7.905694E-01
8.246211E-01
8.838835E-01
8.246211E-01
8.958064E-01
8.498366E-01
7.071068E-01
8.498366E-01
1.000000E+00
8.246211E-01
1.000000E+00
8.689661E-01
1.000000E+00
1.000000E+00
8.246211E-01
7.905694E-01
8.838835E-01
7.453560E-01
8.958064E-01
8.246211E-01
7.071068E-01
8.689661E-01
9.204468E-01
7.071068E-01
9.055385E-01
1.000000E+00
8.838835E-01
1.000000E+00
1.000000E+00
5.000000E-01
7.453560E-01
8.246211E-01
7.453560E-01
7.071068E-01
8.246211E-01
8.838835E-01
8.689661E-01
8.958064E-01
8.689661E-01
7.905694E-01
1.000000E+00
8.246211E-01
8.958064E-01
8.246211E-01
8.838835E-01
8.498366E-01
8.689661E-01
8.689661E-01
8.498366E-01
8.246211E-01
7.905694E-01
8.689661E-01
9.204468E-01
1.000000E+00
8.246211E-01
1.000000E+00
9.204468E-01
1.000000E+00
7.453560E-01
7.071068E-01
8.838835E-01
8.498366E-01
8.838835E-01
7.071068E-01
7.905694E-01
8.246211E-01
1.000000E+00
9.055385E-01
8.838835E-01
1.000000E+00
8.498366E-01
1.000000E+00
8.498366E-01
8.498366E-01
1.000000E+00
7.905694E-01
8.498366E-01
8.838835E-01
8.689661E-01
7.905694E-01
8.838835E-01
8.498366E-01
8.246211E-01
7.071068E-01
7.453560E-01
8.838835E-01
8.689661E-01
7.905694E-01
7.905694E-01
7.905694E-01
7.453560E-01
7.905694E-01
8.246211E-01
8.838835E-01
8.246211E-01
8.958064E-01
8.498366E-01
7.071068E-01
8.498366E-01
1.000000E+00
8.246211E-01
1.000000E+00
8.689661E-01
1.000000E+00
1.000000E+00
8.246211E-01
7.905694E-01
8.838835E-01
7.453560E-01
8.958064E-01
8.246211E-01
7.071068E-01
8.689661E-01
9.204468E-01
7.071068E-01
9.055385E-01
1.000000E+00
8.838835E-01
1.000000E+00
1.000000E+00
5.000000E-01
7.453560E-01
8.246211E-01
7.453560E-01
7.071068E-01
8.246211E-01
8.838835E-01
8.689661E-01
8.958064E-01
8.689661E-01
7.905694E-01
1.000000E+00
8.246211E-01
8.958064E-01
8.246211E-01
8.838835E-01
8.498366E-01
8.689661E-01
8.689661E-01
8.498366E-01
8.246211E-01
7.905694E-01
8.689661E-01
9.204468E-01
1.000000E+00
8.246211E-01
1.000000E+00
9.204468E-01
1.000000E+00
7.453560E-01
7.071068E-01
8.838835E-01
8.498366E-01
8.838835E-01
7.071068E-01
7.905694E-01
8.246211E-01
1.000000E+00
9.055385E-01
8.838835E-01
1.000000E+00
8.498366E-01
1.000000E+00
8.498366E-01
8.498366E-01
1.000000E+00
7.905694E-01
8.498366E-01
8.838835E-01
7.211103E-01
7.142857E-01
7.329325E-01
7.114582E-01
7.071068E-01
8.246211E-01
7.453560E-01
7.329325E-01
7.211103E-01
7.142857E-01
7.142857E-01
7.142857E-01
7.453560E-01
7.142857E-01
7.071068E-01
7.329325E-01
7.071068E-01
7.453560E-01
7.114582E-01
8.246211E-01
7.114582E-01
1.000000E+00
7.071068E-01
1.000000E+00
7.211103E-01
1.000000E+00
1.000000E+00
7.071068E-01
7.142857E-01
7.329325E-01
7.453560E-01
7.453560E-01
7.071068E-01
8.246211E-01
7.211103E-01
7.803133E-01
8.246211E-01
7.576044E-01
1.000000E+00
7.329325E-01
1.000000E+00
1.000000E+00
6.324555E-01
7.453560E-01
7.071068E-01
7.453560E-01
8.246211E-01
7.071068E-01
7.329325E-01
7.211103E-01
7.453560E-01
7.211103E-01
7.142857E-01
1.000000E+00
7.071068E-01
7.453560E-01
7.071068E-01
7.329325E-01
7.114582E-01
7.211103E-01
7.211103E-01
7.114582E-01
7.071068E-01
7.142857E-01
7.211103E-01
7.803133E-01
1.000000E+00
7.071068E-01
1.000000E+00
7.803133E-01
1.000000E+00
7.453560E-01
8.246211E-01
7.329325E-01
7.114582E-01
7.329325E-01
8.246211E-01
7.142857E-01
7.071068E-01
1.000000E+00
7.576044E-01
7.329325E-01
1.000000E+00
7.114582E-01
1.000000E+00
7.114582E-01
7.114582E-01
1.000000E+00
7.142857E-01
7.114582E-01
7.329325E-01
7.905694E-01
7.211103E-01
8.089011E-01
7.693093E-01
7.453560E-01
7.453560E-01
7.071068E-01
8.089011E-01
7.905694E-01
7.211103E-01
7.211103E-01
7.211103E-01
7.071068E-01
7.211103E-01
7.453560E-01
8.089011E-01
7.453560E-01
8.246211E-01
7.693093E-01
7.453560E-01
7.693093E-01
1.000000E+00
7.453560E-01
1.000000E+00
7.905694E-01
1.000000E+00
1.000000E+00
7.453560E-01
7.211103E-01
8.089011E-01
7.071068E-01
8.246211E-01
7.453560E-01
7.453560E-01
7.905694E-01
8.600261E-01
7.453560E-01
8.381404E-01
1.000000E+00
8.089011E-01
1.000000E+00
1.000000E+00
4.714045E-01
7.071068E-01
7.453560E-01
7.071068E-01
7.453560E-01
7.453560E-01
8.089011E-01
7.905694E-01
8.246211E-01
7.905694E-01
7.211103E-01
1.000000E+00
7.453560E-01
8.246211E-01
7.453560E-01
8.089011E-01
7.693093E-01
7.905694E-01
7.905694E-01
7.693093E-01
7.453560E-01
7.211103E-01
7.905694E-01
8.600261E-01
1.000000E+00
7.453560E-01
1.000000E+00
8.600261E-01
1.000000E+00
7.071068E-01
7.453560E-01
8.089011E-01
7.693093E-01
8.089011E-01
7.453560E-01
7.211103E-01
7.453560E-01
1.000000E+00
8.381404E-01
8.089011E-01
1.000000E+00
7.693093E-01
1.000000E+00
7.693093E-01
7.693093E-01
1.000000E+00
7.211103E-01
7.693093E-01
8.089011E-01
7.905694E-01
7.211103E-01
8.089011E-01
7.693093E-01
7.453560E-01
7.453560E-01
7.071068E-01
8.089011E-01
7.905694E-01
7.211103E-01
7.211103E-01
7.211103E-01
7.071068E-01
7.211103E-01
7.453560E-01
8.089011E-01
7.453560E-01
8.246211E-01
7.693093E-01
7.453560E-01
7.693093E-01
1.000000E+00
7.453560E-01
1.000000E+00
7.905694E-01
1.000000E+00
1.000000E+00
7.453560E-01
7.211103E-01
8.089011E-01
7.071068E-01
8.246211E-01
7.453560E-01
7.453560E-01
7.905694E-01
8.600261E-01
7.453560E-01
8.381404E-01
1.000000E+00
8.089011E-01
1.000000E+00
1.000000E+00
4.714045E-01
7.071068E-01
7.453560E-01
7.071068E-01
7.453560E-01
7.453560E-01
8.089011E-01
7.905694E-01
8.246211E-01
7.905694E-01
7.211103E-01
1.000000E+00
7.453560E-01
8.246211E-01
7.453560E-01
8.089011E-01
7.693093E-01
7.905694E-01
7.905694E-01
7.693093E-01
7.453560E-01
7.211103E-01
7.905694E-01
8.600261E-01
1.000000E+00
7.453560E-01
1.000000E+00
8.600261E-01
1.000000E+00
7.071068E-01
7.453560E-01
8.089011E-01
7.693093E-01
8.089011E-01
7.453560E-01
7.211103E-01
7.453560E-01
1.000000E+00
8.381404E-01
8.089011E-01
1.000000E+00
7.693093E-01
1.000000E+00
7.693093E-01
7.693093E-01
1.000000E+00
7.211103E-01
7.693093E-01
8.089011E-01
5.656854E-01
7.453560E-01
7.091957E-01
7.100227E-01
7.211103E-01
8.689661E-01
7.905694E-01
7.091957E-01
6.428243E-01
7.453560E-01
7.453560E-01
7.453560E-01
7.905694E-01
7.453560E-01
7.211103E-01
7.091957E-01
7.211103E-01
7.142857E-01
7.100227E-01
8.689661E-01
7.100227E-01
1.000000E+00
7.211103E-01
1.000000E+00
7.071068E-01
1.000000E+00
1.000000E+00
7.211103E-01
7.453560E-01
7.091957E-01
7.905694E-01
7.142857E-01
7.211103E-01
8.689661E-01
5.656854E-01
7.370567E-01
8.689661E-01
7.211103E-01
1.000000E+00
7.091957E-01
1.000000E+00
1.000000E+00
7.284314E-01
7.905694E-01
7.211103E-01
7.905694E-01
8.689661E-01
7.211103E-01
7.091957E-01
7.071068E-01
7.142857E-01
6.428243E-01
7.453560E-01
1.000000E+00
7.211103E-01
7.142857E-01
7.211103E-01
7.091957E-01
7.100227E-01
7.071068E-01
5.656854E-01
6.403124E-01
7.211103E-01
7.453560E-01
7.071068E-01
7.370567E-01
1.000000E+00
7.211103E-01
1.000000E+00
7.370567E-01
1.000000E+00
7.905694E-01
8.689661E-01
6.508541E-01
6.403124E-01
7.091957E-01
8.689661E-01
7.453560E-01
7.211103E-01
1.000000E+00
7.211103E-01
7.091957E-01
1.000000E+00
7.100227E-01
1.000000E+00
7.100227E-01
7.100227E-01
1.000000E+00
7.453560E-01
7.100227E-01
7.091957E-01
6.403124E-01
7.288690E-01
7.168604E-01
7.071068E-01
7.114582E-01
8.498366E-01
7.693093E-01
7.168604E-01
7.100227E-01
7.288690E-01
7.288690E-01
7.288690E-01
7.693093E-01
7.288690E-01
7.114582E-01
7.168604E-01
7.114582E-01
7.256909E-01
7.071068E-01
8.498366E-01
7.071068E-01
1.000000E+00
7.114582E-01
1.000000E+00
7.100227E-01
1.000000E+00
1.000000E+00
7.114582E-01
7.288690E-01
7.168604E-01
7.693093E-01
7.256909E-01
7.114582E-01
8.498366E-01
6.403124E-01
7.551904E-01
8.498366E-01
7.354022E-01
1.000000E+00
7.168604E-01
1.000000E+00
1.000000E+00
6.871843E-01
7.693093E-01
7.114582E-01
7.693093E-01
8.498366E-01
7.114582E-01
7.168604E-01
7.100227E-01
7.256909E-01
6.403124E-01
7.288690E-01
1.000000E+00
7.114582E-01
7.256909E-01
7.114582E-01
7.168604E-01
7.071068E-01
7.100227E-01
6.403124E-01
6.285394E-01
7.114582E-01
7.288690E-01
7.100227E-01
7.551904E-01
1.000000E+00
7.114582E-01
1.000000E+00
7.551904E-01
1.000000E+00
7.693093E-01
8.498366E-01
6.555548E-01
6.285394E-01
7.168604E-01
8.498366E-01
7.288690E-01
7.114582E-01
1.000000E+00
7.354022E-01
7.168604E-01
1.000000E+00
7.071068E-01
1.000000E+00
7.071068E-01
7.071068E-01
1.000000E+00
7.288690E-01
7.071068E-01
7.168604E-01
7.453560E-01
7.071068E-01
7.615773E-01
7.288690E-01
7.142857E-01
7.905694E-01
7.211103E-01
7.615773E-01
7.453560E-01
3.535534E-01
7.071068E-01
7.071068E-01
7.211103E-01
7.071068E-01
7.142857E-01
7.615773E-01
7.142857E-01
7.767276E-01
7.288690E-01
7.905694E-01
7.288690E-01
1.000000E+00
7.142857E-01
1.000000E+00
7.453560E-01
1.000000E+00
1.000000E+00
7.142857E-01
7.071068E-01
7.615773E-01
7.211103E-01
7.280110E-01
7.142857E-01
7.905694E-01
7.453560E-01
8.144110E-01
7.905694E-01
7.905694E-01
1.000000E+00
6.373774E-01
1.000000E+00
1.000000E+00
5.590170E-01
7.211103E-01
7.142857E-01
7.211103E-01
7.905694E-01
7.142857E-01
7.615773E-01
7.453560E-01
7.767276E-01
7.453560E-01
7.071068E-01
1.000000E+00
4.472136E-01
7.767276E-01
7.142857E-01
7.615773E-01
7.288690E-01
6.731456E-01
6.731456E-01
7.288690E-01
7.142857E-01
7.071068E-01
7.453560E-01
8.144110E-01
1.000000E+00
7.142857E-01
1.000000E+00
8.144110E-01
1.000000E+00
7.211103E-01
7.905694E-01
7.615773E-01
6.388766E-01
7.615773E-01
7.905694E-01
7.071068E-01
7.142857E-01
1.000000E+00
7.905694E-01
7.615773E-01
1.000000E+00
7.288690E-01
1.000000E+00
7.288690E-01
7.288690E-01
1.000000E+00
7.071068E-01
7.288690E-01
7.027284E-01
7.100227E-01
7.288690E-01
7.168604E-01
7.071068E-01
7.114582E-01
8.498366E-01
7.693093E-01
7.168604E-01
7.100227E-01
7.288690E-01
7.288690E-01
6.388766E-01
7.693093E-01
7.288690E-01
7.114582E-01
7.168604E-01
7.114582E-01
7.256909E-01
6.285394E-01
8.498366E-01
7.071068E-01
1.000000E+00
7.114582E-01
1.000000E+00
7.100227E-01
1.000000E+00
1.000000E+00
7.114582E-01
7.288690E-01
7.168604E-01
7.693093E-01
7.256909E-01
7.114582E-01
8.498366E-01
7.100227E-01
7.551904E-01
8.498366E-01
7.354022E-01
1.000000E+00
7.168604E-01
1.000000E+00
1.000000E+00
6.871843E-01
7.693093E-01
7.114582E-01
7.693093E-01
8.498366E-01
7.114582E-01
6.555548E-01
7.100227E-01
6.718548E-01
7.100227E-01
7.288690E-01
1.000000E+00
7.114582E-01
7.256909E-01
7.114582E-01
7.168604E-01
7.071068E-01
6.403124E-01
7.100227E-01
7.071068E-01
7.114582E-01
7.288690E-01
7.100227E-01
7.551904E-01
1.000000E+00
7.114582E-01
1.000000E+00
7.551904E-01
1.000000E+00
7.693093E-01
8.498366E-01
7.168604E-01
6.285394E-01
7.168604E-01
8.498366E-01
7.288690E-01
7.114582E-01
1.000000E+00
7.354022E-01
7.168604E-01
1.000000E+00
7.071068E-01
1.000000E+00
6.285394E-01
7.071068E-01
1.000000E+00
7.288690E-01
7.071068E-01
6.555548E-01
7.288690E-01
8.031005E-01
6.760409E-01
7.453560E-01
7.693093E-01
9.136251E-01
8.498366E-01
7.180327E-01
7.288690E-01
7.329325E-01
8.031005E-01
8.031005E-01
8.498366E-01
8.031005E-01
7.297564E-01
6.760409E-01
7.693093E-01
7.114582E-01
7.453560E-01
9.136251E-01
7.453560E-01
1.000000E+00
7.693093E-01
1.000000E+00
7.288690E-01
1.000000E+00
1.000000E+00
7.693093E-01
8.031005E-01
7.180327E-01
8.498366E-01
6.250000E-01
7.693093E-01
9.136251E-01
7.288690E-01
7.079080E-01
9.136251E-01
6.689775E-01
1.000000E+00
6.289321E-01
1.000000E+00
1.000000E+00
8.232168E-01
8.498366E-01
7.693093E-01
8.498366E-01
9.136251E-01
7.693093E-01
7.180327E-01
7.288690E-01
7.114582E-01
6.863753E-01
8.031005E-01
1.000000E+00
6.871843E-01
7.114582E-01
7.693093E-01
6.760409E-01
7.453560E-01
6.863753E-01
6.863753E-01
7.453560E-01
7.693093E-01
7.682954E-01
7.288690E-01
6.726812E-01
1.000000E+00
7.693093E-01
1.000000E+00
7.079080E-01
1.000000E+00
8.498366E-01
9.136251E-01
7.180327E-01
7.034898E-01
7.180327E-01
9.136251E-01
8.031005E-01
7.693093E-01
1.000000E+00
7.080855E-01
7.180327E-01
1.000000E+00
7.453560E-01
1.000000E+00
7.034898E-01
7.453560E-01
1.000000E+00
8.031005E-01
7.453560E-01
6.760409E-01
7.071068E-01
7.453560E-01
7.091957E-01
7.100227E-01
6.478835E-01
8.689661E-01
7.905694E-01
7.091957E-01
7.071068E-01
7.453560E-01
7.453560E-01
7.453560E-01
7.905694E-01
7.453560E-01
7.211103E-01
7.091957E-01
7.211103E-01
7.142857E-01
7.100227E-01
8.689661E-01
7.100227E-01
1.000000E+00
7.211103E-01
1.000000E+00
7.071068E-01
1.000000E+00
1.000000E+00
7.211103E-01
7.453560E-01
7.091957E-01
7.905694E-01
7.142857E-01
7.211103E-01
8.689661E-01
7.071068E-01
6.987712E-01
8.689661E-01
7.211103E-01
1.000000E+00
7.091957E-01
1.000000E+00
1.000000E+00
7.284314E-01
7.905694E-01
7.211103E-01
7.905694E-01
8.689661E-01
7.211103E-01
7.091957E-01
7.071068E-01
7.142857E-01
7.071068E-01
7.453560E-01
1.000000E+00
7.211103E-01
7.142857E-01
7.211103E-01
7.091957E-01
7.100227E-01
7.071068E-01
7.071068E-01
7.100227E-01
7.211103E-01
7.453560E-01
7.071068E-01
7.370567E-01
1.000000E+00
7.211103E-01
1.000000E+00
6.987712E-01
1.000000E+00
7.905694E-01
8.689661E-01
7.091957E-01
7.100227E-01
7.091957E-01
8.689661E-01
7.453560E-01
7.211103E-01
1.000000E+00
6.738558E-01
7.091957E-01
1.000000E+00
7.100227E-01
1.000000E+00
7.100227E-01
7.100227E-01
1.000000E+00
7.453560E-01
7.100227E-01
7.091957E-01
6.508541E-01
7.615773E-01
7.071068E-01
7.168604E-01
7.329325E-01
8.838835E-01
8.089011E-01
7.071068E-01
6.508541E-01
7.615773E-01
7.615773E-01
7.615773E-01
8.089011E-01
7.615773E-01
6.708204E-01
7.071068E-01
7.329325E-01
7.086764E-01
7.168604E-01
8.838835E-01
7.168604E-01
1.000000E+00
7.329325E-01
1.000000E+00
7.091957E-01
1.000000E+00
1.000000E+00
7.329325E-01
7.615773E-01
7.071068E-01
8.089011E-01
7.086764E-01
7.329325E-01
8.838835E-01
5.821022E-01
7.243558E-01
8.838835E-01
7.126096E-01
1.000000E+00
7.071068E-01
1.000000E+00
1.000000E+00
7.603453E-01
8.089011E-01
7.329325E-01
8.089011E-01
8.838835E-01
7.329325E-01
7.071068E-01
7.091957E-01
7.086764E-01
7.091957E-01
7.615773E-01
1.000000E+00
7.329325E-01
7.086764E-01
7.329325E-01
7.071068E-01
7.168604E-01
7.091957E-01
6.508541E-01
7.168604E-01
7.329325E-01
7.615773E-01
7.091957E-01
7.243558E-01
1.000000E+00
7.329325E-01
1.000000E+00
7.243558E-01
1.000000E+00
8.089011E-01
8.838835E-01
7.071068E-01
7.168604E-01
7.071068E-01
8.838835E-01
7.615773E-01
7.329325E-01
1.000000E+00
7.126096E-01
7.071068E-01
1.000000E+00
7.168604E-01
1.000000E+00
7.168604E-01
7.168604E-01
1.000000E+00
7.615773E-01
7.168604E-01
7.071068E-01
7.453560E-01
7.071068E-01
7.615773E-01
7.288690E-01
7.142857E-01
7.905694E-01
7.211103E-01
7.027284E-01
7.453560E-01
7.071068E-01
7.071068E-01
7.071068E-01
7.211103E-01
7.071068E-01
7.142857E-01
7.615773E-01
7.142857E-01
7.767276E-01
7.288690E-01
7.905694E-01
7.288690E-01
1.000000E+00
7.142857E-01
1.000000E+00
7.453560E-01
1.000000E+00
1.000000E+00
7.142857E-01
7.071068E-01
7.615773E-01
7.211103E-01
7.767276E-01
7.142857E-01
7.905694E-01
7.453560E-01
8.144110E-01
7.905694E-01
7.905694E-01
1.000000E+00
7.615773E-01
1.000000E+00
1.000000E+00
5.590170E-01
7.211103E-01
7.142857E-01
7.211103E-01
7.905694E-01
7.142857E-01
7.615773E-01
7.453560E-01
7.767276E-01
7.453560E-01
7.071068E-01
1.000000E+00
7.142857E-01
7.767276E-01
7.142857E-01
7.615773E-01
7.288690E-01
7.453560E-01
7.453560E-01
7.288690E-01
7.142857E-01
7.071068E-01
7.453560E-01
8.144110E-01
1.000000E+00
7.142857E-01
1.000000E+00
8.144110E-01
1.000000E+00
7.211103E-01
7.905694E-01
7.615773E-01
7.288690E-01
7.615773E-01
7.905694E-01
7.071068E-01
7.142857E-01
1.000000E+00
7.905694E-01
7.027284E-01
1.000000E+00
7.288690E-01
1.000000E+00
7.288690E-01
7.288690E-01
1.000000E+00
7.071068E-01
7.288690E-01
7.615773E-01
8.689661E-01
7.905694E-01
8.838835E-01
8.498366E-01
8.246211E-01
7.071068E-01
7.453560E-01
8.838835E-01
8.689661E-01
7.905694E-01
7.905694E-01
7.905694E-01
7.453560E-01
7.905694E-01
8.246211E-01
8.838835E-01
8.246211E-01
8.958064E-01
8.498366E-01
7.071068E-01
8.498366E-01
1.000000E+00
8.246211E-01
1.000000E+00
8.689661E-01
1.000000E+00
1.000000E+00
8.246211E-01
7.905694E-01
8.838835E-01
7.453560E-01
8.958064E-01
8.246211E-01
7.071068E-01
8.689661E-01
9.204468E-01
7.071068E-01
9.055385E-01
1.000000E+00
8.838835E-01
1.000000E+00
1.000000E+00
5.000000E-01
7.453560E-01
8.246211E-01
7.453560E-01
7.071068E-01
8.246211E-01
8.838835E-01
8.689661E-01
8.958064E-01
8.689661E-01
7.905694E-01
1.000000E+00
8.246211E-01
8.958064E-01
8.246211E-01
8.838835E-01
8.498366E-01
8.689661E-01
8.689661E-01
8.498366E-01
8.246211E-01
7.905694E-01
8.689661E-01
9.204468E-01
1.000000E+00
8.246211E-01
1.000000E+00
9.204468E-01
1.000000E+00
7.453560E-01
7.071068E-01
8.838835E-01
8.498366E-01
8.838835E-01
7.071068E-01
7.905694E-01
8.246211E-01
1.000000E+00
9.055385E-01
8.838835E-01
1.000000E+00
8.498366E-01
1.000000E+00
8.498366E-01
8.498366E-01
1.000000E+00
7.905694E-01
8.498366E-01
8.838835E-01
7.071068E-01
7.453560E-01
7.091957E-01
7.100227E-01
7.211103E-01
8.689661E-01
7.905694E-01
7.091957E-01
7.071068E-01
5.890151E-01
7.453560E-01
7.453560E-01
7.905694E-01
7.453560E-01
7.211103E-01
7.091957E-01
7.211103E-01
7.142857E-01
7.100227E-01
8.689661E-01
7.100227E-01
1.000000E+00
7.211103E-01
1.000000E+00
7.071068E-01
1.000000E+00
1.000000E+00
7.211103E-01
7.453560E-01
7.091957E-01
7.905694E-01
6.617173E-01
7.211103E-01
8.689661E-01
7.071068E-01
7.370567E-01
8.689661E-01
7.211103E-01
1.000000E+00
5.821022E-01
1.000000E+00
1.000000E+00
7.284314E-01
7.905694E-01
7.211103E-01
7.905694E-01
8.689661E-01
7.211103E-01
7.091957E-01
7.071068E-01
7.142857E-01
7.071068E-01
7.453560E-01
1.000000E+00
5.590170E-01
7.142857E-01
7.211103E-01
7.091957E-01
7.100227E-01
6.428243E-01
6.428243E-01
7.100227E-01
7.211103E-01
7.453560E-01
7.071068E-01
7.370567E-01
1.000000E+00
7.211103E-01
1.000000E+00
6.987712E-01
1.000000E+00
7.905694E-01
8.689661E-01
6.508541E-01
6.403124E-01
7.091957E-01
8.689661E-01
7.453560E-01
7.211103E-01
1.000000E+00
7.211103E-01
7.091957E-01
1.000000E+00
7.100227E-01
1.000000E+00
7.100227E-01
7.100227E-01
1.000000E+00
7.453560E-01
7.100227E-01
6.508541E-01
