7.196933E-01
9.375000E-01
7.343407E-01
6.997142E-01
8.051083E-01
8.051083E-01
7.453560E-01
9.375000E-01
8.750000E-01
7.529233E-01
7.196933E-01
7.453560E-01
7.529233E-01
8.051083E-01
8.051083E-01
9.375000E-01
6.324555E-01
8.567800E-01
7.762087E-01
8.051083E-01
7.196933E-01
6.360141E-01
8.843116E-01
8.843116E-01
1.000000E+00
7.343407E-01
7.762087E-01
6.657327E-01
9.375000E-01
8.051083E-01
6.923430E-01
7.500000E-01
6.708204E-01
7.297564E-01
6.060915E-01
6.060915E-01
7.453560E-01
7.500000E-01
6.324555E-01
7.211103E-01
6.923430E-01
7.453560E-01
6.478835E-01
6.060915E-01
6.060915E-01
7.500000E-01
7.601170E-01
7.142857E-01
6.250000E-01
6.060915E-01
6.923430E-01
7.457362E-01
6.324555E-01
6.324555E-01
1.000000E+00
7.329325E-01
6.250000E-01
7.457362E-01
7.500000E-01
6.060915E-01
6.585389E-01
8.571429E-01
6.527140E-01
6.760409E-01
6.708204E-01
6.708204E-01
7.086764E-01
8.571429E-01
7.603453E-01
6.508541E-01
6.585389E-01
7.086764E-01
6.508541E-01
6.708204E-01
6.708204E-01
8.571429E-01
6.961091E-01
7.615773E-01
6.555548E-01
6.708204E-01
6.585389E-01
6.859943E-01
7.603453E-01
7.603453E-01
1.000000E+00
7.071068E-01
6.555548E-01
6.434769E-01
8.571429E-01
6.708204E-01
6.009252E-01
8.333333E-01
6.508541E-01
6.863753E-01
6.478835E-01
6.478835E-01
7.142857E-01
8.333333E-01
7.284314E-01
7.071068E-01
6.617173E-01
7.142857E-01
4.714045E-01
6.478835E-01
5.590170E-01
8.333333E-01
7.107674E-01
7.453560E-01
6.403124E-01
6.478835E-01
6.617173E-01
6.565905E-01
7.284314E-01
7.284314E-01
1.000000E+00
7.091957E-01
6.403124E-01
6.987712E-01
8.333333E-01
6.478835E-01
6.923430E-01
7.500000E-01
6.708204E-01
7.297564E-01
6.060915E-01
4.714045E-01
7.453560E-01
7.500000E-01
6.324555E-01
7.211103E-01
6.923430E-01
7.453560E-01
6.478835E-01
6.060915E-01
6.060915E-01
7.500000E-01
7.601170E-01
7.142857E-01
6.250000E-01
6.060915E-01
6.923430E-01
7.457362E-01
6.324555E-01
6.324555E-01
1.000000E+00
7.329325E-01
6.250000E-01
7.457362E-01
7.500000E-01
6.060915E-01
7.453560E-01
8.246211E-01
7.329325E-01
7.297564E-01
7.071068E-01
7.071068E-01
6.923430E-01
8.246211E-01
7.453560E-01
5.590170E-01
7.453560E-01
6.324555E-01
7.211103E-01
6.060915E-01
7.071068E-01
8.246211E-01
7.905694E-01
6.009252E-01
7.114582E-01
7.071068E-01
7.453560E-01
7.803133E-01
7.453560E-01
7.453560E-01
1.000000E+00
6.708204E-01
7.114582E-01
7.803133E-01
8.246211E-01
7.071068E-01
6.923430E-01
7.500000E-01
6.708204E-01
7.297564E-01
6.060915E-01
6.060915E-01
7.453560E-01
7.500000E-01
6.324555E-01
7.211103E-01
6.324555E-01
7.453560E-01
6.478835E-01
6.060915E-01
6.060915E-01
7.500000E-01
7.601170E-01
7.142857E-01
6.250000E-01
6.060915E-01
6.923430E-01
7.457362E-01
6.324555E-01
6.324555E-01
1.000000E+00
7.329325E-01
6.250000E-01
7.457362E-01
7.500000E-01
6.060915E-01
8.958064E-01
7.071068E-01
8.838835E-01
9.136251E-01
8.246211E-01
8.246211E-01
8.750000E-01
7.071068E-01
7.453560E-01
8.333333E-01
8.958064E-01
8.750000E-01
8.689661E-01
8.246211E-01
8.246211E-01
7.071068E-01
9.262765E-01
6.666667E-01
8.498366E-01
8.246211E-01
8.958064E-01
9.204468E-01
7.453560E-01
7.453560E-01
1.000000E+00
8.571429E-01
8.498366E-01
9.204468E-01
7.071068E-01
8.246211E-01
7.083291E-01
9.055385E-01
7.126096E-01
7.080855E-01
7.576044E-01
7.576044E-01
6.146363E-01
9.055385E-01
8.381404E-01
6.738558E-01
7.083291E-01
6.643841E-01
7.211103E-01
7.576044E-01
7.576044E-01
9.055385E-01
7.142857E-01
7.496556E-01
7.354022E-01
7.576044E-01
7.083291E-01
7.106335E-01
8.381404E-01
8.381404E-01
1.000000E+00
6.666667E-01
7.354022E-01
7.106335E-01
9.055385E-01
7.576044E-01
8.958064E-01
7.071068E-01
8.838835E-01
9.136251E-01
8.246211E-01
8.246211E-01
8.750000E-01
7.071068E-01
7.453560E-01
8.333333E-01
8.958064E-01
8.750000E-01
8.689661E-01
8.246211E-01
8.246211E-01
7.071068E-01
9.262765E-01
6.666667E-01
8.498366E-01
8.246211E-01
8.958064E-01
9.204468E-01
7.453560E-01
7.453560E-01
1.000000E+00
8.571429E-01
8.498366E-01
9.204468E-01
7.071068E-01
8.246211E-01
6.781420E-01
9.090909E-01
6.859943E-01
6.726812E-01
7.457362E-01
7.457362E-01
7.158669E-01
9.090909E-01
8.374896E-01
7.370567E-01
6.781420E-01
7.158669E-01
6.987712E-01
7.457362E-01
7.457362E-01
9.090909E-01
6.406488E-01
8.144110E-01
7.180220E-01
7.457362E-01
6.781420E-01
6.363961E-01
8.374896E-01
8.374896E-01
1.000000E+00
6.859943E-01
7.180220E-01
6.363961E-01
9.090909E-01
7.457362E-01
7.256909E-01
8.498366E-01
7.168604E-01
7.453560E-01
7.114582E-01
7.114582E-01
6.098367E-01
8.498366E-01
7.693093E-01
6.403124E-01
7.256909E-01
6.718548E-01
7.100227E-01
7.114582E-01
7.114582E-01
8.498366E-01
7.647059E-01
6.388766E-01
7.071068E-01
7.114582E-01
7.256909E-01
7.180220E-01
7.693093E-01
7.693093E-01
1.000000E+00
6.555548E-01
7.071068E-01
7.551904E-01
8.498366E-01
7.114582E-01
6.617173E-01
8.333333E-01
5.821022E-01
6.863753E-01
6.478835E-01
6.478835E-01
6.617173E-01
8.333333E-01
7.284314E-01
6.428243E-01
6.617173E-01
7.142857E-01
6.428243E-01
6.478835E-01
6.478835E-01
8.333333E-01
7.107674E-01
7.453560E-01
6.403124E-01
6.478835E-01
6.617173E-01
6.565905E-01
7.284314E-01
7.284314E-01
1.000000E+00
7.091957E-01
6.403124E-01
6.987712E-01
8.333333E-01
6.478835E-01
7.280110E-01
6.666667E-01
7.027284E-01
7.682954E-01
6.009252E-01
6.009252E-01
7.767276E-01
6.666667E-01
5.590170E-01
7.453560E-01
7.280110E-01
7.767276E-01
6.731456E-01
6.009252E-01
6.009252E-01
6.666667E-01
7.985957E-01
7.071068E-01
6.388766E-01
6.009252E-01
7.280110E-01
7.844645E-01
5.590170E-01
5.590170E-01
1.000000E+00
7.615773E-01
6.388766E-01
7.844645E-01
6.666667E-01
6.009252E-01
7.256909E-01
8.498366E-01
7.168604E-01
7.453560E-01
7.114582E-01
7.114582E-01
6.098367E-01
8.498366E-01
7.693093E-01
6.403124E-01
7.256909E-01
6.718548E-01
7.100227E-01
7.114582E-01
7.114582E-01
8.498366E-01
7.647059E-01
6.388766E-01
7.071068E-01
7.114582E-01
7.256909E-01
7.551904E-01
7.693093E-01
7.693093E-01
1.000000E+00
6.555548E-01
7.071068E-01
7.551904E-01
8.498366E-01
7.114582E-01
7.142857E-01
8.689661E-01
7.091957E-01
7.288690E-01
7.211103E-01
7.211103E-01
7.142857E-01
8.689661E-01
7.905694E-01
6.428243E-01
7.142857E-01
7.142857E-01
7.071068E-01
7.211103E-01
7.211103E-01
8.689661E-01
7.453560E-01
7.453560E-01
7.100227E-01
7.211103E-01
7.142857E-01
7.370567E-01
7.905694E-01
7.905694E-01
1.000000E+00
7.091957E-01
7.100227E-01
6.987712E-01
8.689661E-01
7.211103E-01
8.246211E-01
9.701703E-01
8.399148E-01
7.873177E-01
8.958064E-01
8.958064E-01
8.051083E-01
9.701703E-01
9.430129E-01
8.486659E-01
8.246211E-01
8.148845E-01
8.567800E-01
8.958064E-01
8.958064E-01
9.701703E-01
7.649714E-01
9.136603E-01
8.753586E-01
8.958064E-01
8.148845E-01
7.639249E-01
9.430129E-01
9.430129E-01
1.000000E+00
8.309291E-01
8.753586E-01
7.755475E-01
9.701703E-01
8.898521E-01
6.718548E-01
8.000000E-01
6.555548E-01
7.034898E-01
6.250000E-01
6.250000E-01
6.098367E-01
8.000000E-01
6.871843E-01
7.100227E-01
6.718548E-01
7.256909E-01
6.403124E-01
6.250000E-01
6.250000E-01
8.000000E-01
6.960204E-01
7.288690E-01
6.285394E-01
6.250000E-01
6.718548E-01
6.776309E-01
6.871843E-01
6.871843E-01
1.000000E+00
7.168604E-01
6.285394E-01
7.180220E-01
8.000000E-01
6.250000E-01
8.246211E-01
7.453560E-01
8.089011E-01
8.498366E-01
7.453560E-01
7.453560E-01
7.856742E-01
7.453560E-01
7.071068E-01
7.284314E-01
8.246211E-01
7.856742E-01
7.905694E-01
7.453560E-01
7.453560E-01
7.453560E-01
8.689661E-01
5.590170E-01
7.693093E-01
7.453560E-01
8.246211E-01
8.600261E-01
7.071068E-01
7.071068E-01
1.000000E+00
7.603453E-01
7.693093E-01
8.600261E-01
7.453560E-01
7.453560E-01
7.453560E-01
8.246211E-01
7.329325E-01
7.693093E-01
7.071068E-01
7.071068E-01
6.923430E-01
8.246211E-01
7.453560E-01
6.478835E-01
7.453560E-01
6.923430E-01
7.211103E-01
7.071068E-01
7.071068E-01
8.246211E-01
7.905694E-01
6.009252E-01
7.114582E-01
7.071068E-01
7.453560E-01
7.803133E-01
7.453560E-01
7.453560E-01
1.000000E+00
6.708204E-01
7.114582E-01
7.457362E-01
8.246211E-01
6.060915E-01
6.617173E-01
8.333333E-01
6.508541E-01
6.863753E-01
6.478835E-01
6.478835E-01
7.142857E-01
8.333333E-01
7.284314E-01
7.071068E-01
6.617173E-01
7.142857E-01
5.656854E-01
6.478835E-01
6.478835E-01
8.333333E-01
7.107674E-01
7.453560E-01
6.403124E-01
6.478835E-01
6.617173E-01
6.987712E-01
7.284314E-01
7.284314E-01
1.000000E+00
7.091957E-01
6.403124E-01
6.987712E-01
8.333333E-01
6.478835E-01
6.923430E-01
7.500000E-01
6.708204E-01
7.297564E-01
6.060915E-01
6.060915E-01
7.453560E-01
7.500000E-01
6.324555E-01
7.211103E-01
6.923430E-01
7.453560E-01
6.478835E-01
6.060915E-01
6.060915E-01
7.500000E-01
7.601170E-01
7.142857E-01
6.250000E-01
6.060915E-01
6.923430E-01
7.457362E-01
6.324555E-01
6.324555E-01
1.000000E+00
7.329325E-01
6.250000E-01
7.457362E-01
7.500000E-01
6.060915E-01
6.923430E-01
7.500000E-01
6.708204E-01
7.297564E-01
6.060915E-01
4.714045E-01
7.453560E-01
7.500000E-01
6.324555E-01
7.211103E-01
6.923430E-01
7.453560E-01
6.478835E-01
6.060915E-01
6.060915E-01
7.500000E-01
7.601170E-01
7.142857E-01
6.250000E-01
6.060915E-01
6.923430E-01
7.457362E-01
6.324555E-01
6.324555E-01
1.000000E+00
7.329325E-01
6.250000E-01
7.457362E-01
7.500000E-01
6.060915E-01
7.767276E-01
7.905694E-01
7.615773E-01
8.031005E-01
7.142857E-01
7.142857E-01
7.280110E-01
7.905694E-01
7.211103E-01
6.731456E-01
7.767276E-01
7.280110E-01
7.453560E-01
7.142857E-01
7.142857E-01
7.905694E-01
8.246211E-01
5.656854E-01
7.288690E-01
7.142857E-01
7.767276E-01
8.144110E-01
7.211103E-01
7.211103E-01
1.000000E+00
7.027284E-01
7.288690E-01
8.144110E-01
7.905694E-01
7.142857E-01
6.478835E-01
9.166667E-01
6.961091E-01
6.767938E-01
7.601170E-01
7.601170E-01
7.211103E-01
9.166667E-01
8.496432E-01
7.453560E-01
6.862318E-01
7.211103E-01
7.107674E-01
7.601170E-01
7.601170E-01
9.166667E-01
6.763630E-01
8.246211E-01
7.315437E-01
7.284314E-01
6.862318E-01
6.757304E-01
8.496432E-01
8.496432E-01
1.000000E+00
7.311813E-01
7.315437E-01
6.757304E-01
9.166667E-01
7.601170E-01
