6.403124E-01
1.000000E+00
1.000000E+00
6.403124E-01
1.000000E+00
6.863753E-01
7.071068E-01
1.000000E+00
7.071068E-01
1.000000E+00
7.284314E-01
1.000000E+00
7.211103E-01
6.987712E-01
8.246211E-01
7.453560E-01
6.731456E-01
7.905694E-01
7.100227E-01
7.330731E-01
6.428243E-01
7.211103E-01
7.284314E-01
7.615773E-01
1.000000E+00
6.388766E-01
8.333333E-01
6.617173E-01
7.905694E-01
7.211103E-01
7.071068E-01
7.100227E-01
7.284314E-01
7.905694E-01
1.000000E+00
6.428243E-01
8.689661E-01
1.000000E+00
7.535695E-01
0.000000E+00
1.000000E+00
1.000000E+00
6.285394E-01
1.000000E+00
7.034898E-01
7.100227E-01
1.000000E+00
7.100227E-01
1.000000E+00
6.871843E-01
1.000000E+00
7.354022E-01
7.180220E-01
8.453552E-01
7.288690E-01
6.388766E-01
7.693093E-01
7.071068E-01
7.276069E-01
6.403124E-01
7.114582E-01
6.871843E-01
7.824247E-01
1.000000E+00
7.034898E-01
8.000000E-01
6.718548E-01
7.693093E-01
7.354022E-01
7.100227E-01
7.071068E-01
6.871843E-01
7.693093E-01
1.000000E+00
6.403124E-01
8.498366E-01
1.000000E+00
7.737993E-01
1.000000E+00
0.000000E+00
0.000000E+00
1.000000E+00
0.000000E+00
1.000000E+00
1.000000E+00
0.000000E+00
1.000000E+00
0.000000E+00
1.000000E+00
0.000000E+00
1.000000E+00
1.000000E+00
1.000000E+00
1.000000E+00
1.000000E+00
1.000000E+00
1.000000E+00
1.000000E+00
1.000000E+00
1.000000E+00
1.000000E+00
1.000000E+00
0.000000E+00
1.000000E+00
1.000000E+00
1.000000E+00
1.000000E+00
1.000000E+00
1.000000E+00
1.000000E+00
1.000000E+00
1.000000E+00
0.000000E+00
1.000000E+00
1.000000E+00
0.000000E+00
1.000000E+00
1.000000E+00
0.000000E+00
0.000000E+00
1.000000E+00
0.000000E+00
1.000000E+00
1.000000E+00
0.000000E+00
1.000000E+00
0.000000E+00
1.000000E+00
0.000000E+00
1.000000E+00
1.000000E+00
1.000000E+00
1.000000E+00
1.000000E+00
1.000000E+00
1.000000E+00
1.000000E+00
1.000000E+00
1.000000E+00
1.000000E+00
1.000000E+00
0.000000E+00
1.000000E+00
1.000000E+00
1.000000E+00
1.000000E+00
1.000000E+00
1.000000E+00
1.000000E+00
1.000000E+00
1.000000E+00
0.000000E+00
1.000000E+00
1.000000E+00
0.000000E+00
1.000000E+00
6.285394E-01
1.000000E+00
1.000000E+00
0.000000E+00
1.000000E+00
7.034898E-01
7.100227E-01
1.000000E+00
7.100227E-01
1.000000E+00
6.871843E-01
1.000000E+00
7.354022E-01
7.180220E-01
8.453552E-01
7.288690E-01
6.388766E-01
7.693093E-01
7.071068E-01
7.556373E-01
6.403124E-01
7.114582E-01
6.871843E-01
7.824247E-01
1.000000E+00
7.034898E-01
8.000000E-01
6.718548E-01
7.693093E-01
7.354022E-01
7.100227E-01
7.071068E-01
6.871843E-01
7.693093E-01
1.000000E+00
6.403124E-01
8.498366E-01
1.000000E+00
7.737993E-01
1.000000E+00
0.000000E+00
0.000000E+00
1.000000E+00
0.000000E+00
1.000000E+00
1.000000E+00
0.000000E+00
1.000000E+00
0.000000E+00
1.000000E+00
0.000000E+00
1.000000E+00
1.000000E+00
1.000000E+00
1.000000E+00
1.000000E+00
1.000000E+00
1.000000E+00
1.000000E+00
1.000000E+00
1.000000E+00
1.000000E+00
1.000000E+00
0.000000E+00
1.000000E+00
1.000000E+00
1.000000E+00
1.000000E+00
1.000000E+00
1.000000E+00
1.000000E+00
1.000000E+00
1.000000E+00
0.000000E+00
1.000000E+00
1.000000E+00
0.000000E+00
1.000000E+00
7.034898E-01
1.000000E+00
1.000000E+00
7.034898E-01
1.000000E+00
0.000000E+00
7.288690E-01
1.000000E+00
7.288690E-01
1.000000E+00
8.232168E-01
1.000000E+00
7.080855E-01
6.726812E-01
7.647059E-01
8.031005E-01
7.682954E-01
8.498366E-01
7.453560E-01
6.874517E-01
6.863753E-01
7.693093E-01
8.232168E-01
7.168604E-01
1.000000E+00
6.698906E-01
9.000000E-01
6.706914E-01
8.498366E-01
7.080855E-01
7.288690E-01
7.453560E-01
8.232168E-01
8.498366E-01
1.000000E+00
6.863753E-01
9.136251E-01
1.000000E+00
7.130965E-01
7.100227E-01
1.000000E+00
1.000000E+00
7.100227E-01
1.000000E+00
7.288690E-01
0.000000E+00
1.000000E+00
6.428243E-01
1.000000E+00
7.905694E-01
1.000000E+00
6.738558E-01
7.370567E-01
8.116277E-01
6.731456E-01
7.453560E-01
7.284314E-01
6.403124E-01
7.615773E-01
7.071068E-01
7.211103E-01
7.905694E-01
7.330731E-01
1.000000E+00
7.288690E-01
8.689661E-01
7.142857E-01
7.905694E-01
6.738558E-01
6.428243E-01
6.403124E-01
7.905694E-01
7.284314E-01
1.000000E+00
7.071068E-01
8.333333E-01
1.000000E+00
7.535695E-01
1.000000E+00
0.000000E+00
0.000000E+00
1.000000E+00
0.000000E+00
1.000000E+00
1.000000E+00
0.000000E+00
1.000000E+00
0.000000E+00
1.000000E+00
0.000000E+00
1.000000E+00
1.000000E+00
1.000000E+00
1.000000E+00
1.000000E+00
1.000000E+00
1.000000E+00
1.000000E+00
1.000000E+00
1.000000E+00
1.000000E+00
1.000000E+00
0.000000E+00
1.000000E+00
1.000000E+00
1.000000E+00
1.000000E+00
1.000000E+00
1.000000E+00
1.000000E+00
1.000000E+00
1.000000E+00
0.000000E+00
1.000000E+00
1.000000E+00
0.000000E+00
1.000000E+00
7.100227E-01
1.000000E+00
1.000000E+00
7.100227E-01
1.000000E+00
7.288690E-01
6.428243E-01
1.000000E+00
0.000000E+00
1.000000E+00
7.905694E-01
1.000000E+00
6.738558E-01
7.370567E-01
8.116277E-01
6.731456E-01
7.453560E-01
7.284314E-01
6.403124E-01
7.615773E-01
7.071068E-01
7.211103E-01
7.905694E-01
7.330731E-01
1.000000E+00
7.288690E-01
8.689661E-01
7.142857E-01
7.905694E-01
6.738558E-01
6.428243E-01
6.403124E-01
7.905694E-01
7.284314E-01
1.000000E+00
7.071068E-01
8.333333E-01
1.000000E+00
7.535695E-01
1.000000E+00
0.000000E+00
0.000000E+00
1.000000E+00
0.000000E+00
1.000000E+00
1.000000E+00
0.000000E+00
1.000000E+00
0.000000E+00
1.000000E+00
0.000000E+00
1.000000E+00
1.000000E+00
1.000000E+00
1.000000E+00
1.000000E+00
1.000000E+00
1.000000E+00
1.000000E+00
1.000000E+00
1.000000E+00
1.000000E+00
1.000000E+00
0.000000E+00
1.000000E+00
1.000000E+00
1.000000E+00
1.000000E+00
1.000000E+00
1.000000E+00
1.000000E+00
1.000000E+00
1.000000E+00
0.000000E+00
1.000000E+00
1.000000E+00
0.000000E+00
1.000000E+00
6.871843E-01
1.000000E+00
1.000000E+00
6.871843E-01
1.000000E+00
8.232168E-01
7.905694E-01
1.000000E+00
7.905694E-01
1.000000E+00
0.000000E+00
1.000000E+00
8.381404E-01
8.374896E-01
9.262765E-01
7.211103E-01
5.590170E-01
7.071068E-01
7.693093E-01
8.692270E-01
7.284314E-01
7.453560E-01
4.714045E-01
8.838835E-01
1.000000E+00
8.232168E-01
5.000000E-01
7.856742E-01
7.071068E-01
8.381404E-01
7.905694E-01
7.693093E-01
4.714045E-01
7.071068E-01
1.000000E+00
7.284314E-01
7.453560E-01
1.000000E+00
8.768631E-01
1.000000E+00
0.000000E+00
0.000000E+00
1.000000E+00
0.000000E+00
1.000000E+00
1.000000E+00
0.000000E+00
1.000000E+00
0.000000E+00
1.000000E+00
0.000000E+00
1.000000E+00
1.000000E+00
1.000000E+00
1.000000E+00
1.000000E+00
1.000000E+00
1.000000E+00
1.000000E+00
1.000000E+00
1.000000E+00
1.000000E+00
1.000000E+00
0.000000E+00
1.000000E+00
1.000000E+00
1.000000E+00
1.000000E+00
1.000000E+00
1.000000E+00
1.000000E+00
1.000000E+00
1.000000E+00
0.000000E+00
1.000000E+00
1.000000E+00
0.000000E+00
1.000000E+00
7.354022E-01
1.000000E+00
1.000000E+00
7.354022E-01
1.000000E+00
7.080855E-01
6.738558E-01
1.000000E+00
6.738558E-01
1.000000E+00
8.381404E-01
1.000000E+00
0.000000E+00
7.106335E-01
7.609872E-01
7.496556E-01
7.905694E-01
8.062258E-01
6.880209E-01
7.236225E-01
7.211103E-01
7.576044E-01
8.381404E-01
6.938335E-01
1.000000E+00
7.080855E-01
9.055385E-01
7.083291E-01
8.381404E-01
6.655123E-01
6.738558E-01
6.880209E-01
8.381404E-01
8.062258E-01
1.000000E+00
7.211103E-01
8.888889E-01
1.000000E+00
7.186995E-01
7.180220E-01
1.000000E+00
1.000000E+00
7.180220E-01
1.000000E+00
6.726812E-01
7.370567E-01
1.000000E+00
7.370567E-01
1.000000E+00
8.374896E-01
1.000000E+00
7.106335E-01
0.000000E+00
7.543074E-01
8.144110E-01
7.844645E-01
8.600261E-01
7.551904E-01
6.182487E-01
6.987712E-01
7.803133E-01
8.374896E-01
7.121798E-01
1.000000E+00
6.726812E-01
9.090909E-01
6.781420E-01
8.600261E-01
7.106335E-01
7.370567E-01
7.551904E-01
8.374896E-01
8.600261E-01
1.000000E+00
6.987712E-01
9.204468E-01
1.000000E+00
7.095578E-01
8.453552E-01
1.000000E+00
1.000000E+00
8.453552E-01
1.000000E+00
7.647059E-01
8.116277E-01
1.000000E+00
8.116277E-01
1.000000E+00
9.262765E-01
1.000000E+00
7.609872E-01
7.543074E-01
0.000000E+00
8.879536E-01
8.958064E-01
9.208692E-01
8.337584E-01
7.311813E-01
8.246211E-01
8.689661E-01
9.262765E-01
6.961091E-01
1.000000E+00
7.647059E-01
9.608330E-01
7.905694E-01
9.262765E-01
7.609872E-01
8.116277E-01
8.337584E-01
9.262765E-01
9.208692E-01
1.000000E+00
8.246211E-01
9.583333E-01
1.000000E+00
7.376943E-01
7.288690E-01
1.000000E+00
1.000000E+00
7.288690E-01
1.000000E+00
8.031005E-01
6.731456E-01
1.000000E+00
6.731456E-01
1.000000E+00
7.211103E-01
1.000000E+00
7.496556E-01
8.144110E-01
8.879536E-01
0.000000E+00
7.071068E-01
5.590170E-01
6.388766E-01
8.422248E-01
7.453560E-01
7.142857E-01
7.211103E-01
8.220592E-01
1.000000E+00
8.031005E-01
7.905694E-01
7.767276E-01
7.211103E-01
7.496556E-01
6.731456E-01
6.388766E-01
7.211103E-01
3.333333E-01
1.000000E+00
7.453560E-01
6.666667E-01
1.000000E+00
8.338540E-01
6.388766E-01
1.000000E+00
1.000000E+00
6.388766E-01
1.000000E+00
7.682954E-01
7.453560E-01
1.000000E+00
7.453560E-01
1.000000E+00
5.590170E-01
1.000000E+00
7.905694E-01
7.844645E-01
8.958064E-01
7.071068E-01
0.000000E+00
7.211103E-01
7.288690E-01
8.220592E-01
6.731456E-01
7.142857E-01
5.590170E-01
8.220592E-01
1.000000E+00
7.329325E-01
6.666667E-01
7.280110E-01
7.211103E-01
7.905694E-01
7.453560E-01
7.288690E-01
5.590170E-01
7.211103E-01
1.000000E+00
6.731456E-01
7.905694E-01
1.000000E+00
8.338540E-01
7.693093E-01
1.000000E+00
1.000000E+00
7.693093E-01
1.000000E+00
8.498366E-01
7.284314E-01
1.000000E+00
7.284314E-01
1.000000E+00
7.071068E-01
1.000000E+00
8.062258E-01
8.600261E-01
9.208692E-01
5.590170E-01
7.211103E-01
0.000000E+00
6.871843E-01
8.838835E-01
7.905694E-01
7.453560E-01
7.071068E-01
8.692270E-01
1.000000E+00
8.498366E-01
7.453560E-01
8.246211E-01
7.071068E-01
8.062258E-01
7.284314E-01
6.871843E-01
7.071068E-01
4.714045E-01
1.000000E+00
7.905694E-01
5.000000E-01
1.000000E+00
8.768631E-01
7.071068E-01
1.000000E+00
1.000000E+00
7.071068E-01
1.000000E+00
7.453560E-01
6.403124E-01
1.000000E+00
6.403124E-01
1.000000E+00
7.693093E-01
1.000000E+00
6.880209E-01
7.551904E-01
8.337584E-01
6.388766E-01
7.288690E-01
6.871843E-01
0.000000E+00
7.824247E-01
7.100227E-01
7.114582E-01
7.693093E-01
7.556373E-01
1.000000E+00
7.453560E-01
8.498366E-01
7.256909E-01
7.693093E-01
6.880209E-01
6.403124E-01
6.285394E-01
7.693093E-01
6.871843E-01
1.000000E+00
7.100227E-01
8.000000E-01
1.000000E+00
7.440653E-01
7.276069E-01
1.000000E+00
1.000000E+00
7.556373E-01
1.000000E+00
6.874517E-01
7.615773E-01
1.000000E+00
7.615773E-01
1.000000E+00
8.692270E-01
1.000000E+00
7.236225E-01
6.182487E-01
7.311813E-01
8.422248E-01
8.220592E-01
8.838835E-01
7.824247E-01
0.000000E+00
7.330731E-01
8.089011E-01
8.692270E-01
7.071068E-01
1.000000E+00
6.874517E-01
9.285714E-01
7.030868E-01
8.838835E-01
7.236225E-01
7.615773E-01
7.824247E-01
8.692270E-01
8.838835E-01
1.000000E+00
7.330731E-01
9.357113E-01
1.000000E+00
7.075916E-01
6.403124E-01
1.000000E+00
1.000000E+00
6.403124E-01
1.000000E+00
6.863753E-01
7.071068E-01
1.000000E+00
7.071068E-01
1.000000E+00
7.284314E-01
1.000000E+00
7.211103E-01
6.987712E-01
8.246211E-01
7.453560E-01
6.731456E-01
7.905694E-01
7.100227E-01
7.330731E-01
0.000000E+00
7.211103E-01
7.284314E-01
7.615773E-01
1.000000E+00
6.863753E-01
8.333333E-01
6.617173E-01
7.905694E-01
7.211103E-01
7.071068E-01
7.100227E-01
7.284314E-01
7.905694E-01
1.000000E+00
6.428243E-01
8.689661E-01
1.000000E+00
7.535695E-01
7.114582E-01
1.000000E+00
1.000000E+00
7.114582E-01
1.000000E+00
7.693093E-01
7.211103E-01
1.000000E+00
7.211103E-01
1.000000E+00
7.453560E-01
1.000000E+00
7.576044E-01
7.803133E-01
8.689661E-01
7.142857E-01
7.142857E-01
7.453560E-01
7.114582E-01
8.089011E-01
7.211103E-01
0.000000E+00
7.453560E-01
7.848038E-01
1.000000E+00
7.693093E-01
8.246211E-01
6.923430E-01
7.453560E-01
7.576044E-01
7.211103E-01
7.114582E-01
7.453560E-01
7.453560E-01
1.000000E+00
7.211103E-01
8.246211E-01
1.000000E+00
8.000865E-01
6.871843E-01
1.000000E+00
1.000000E+00
6.871843E-01
1.000000E+00
8.232168E-01
7.905694E-01
1.000000E+00
7.905694E-01
1.000000E+00
4.714045E-01
1.000000E+00
8.381404E-01
8.374896E-01
9.262765E-01
7.211103E-01
5.590170E-01
7.071068E-01
7.693093E-01
8.692270E-01
7.284314E-01
7.453560E-01
0.000000E+00
8.838835E-01
1.000000E+00
8.232168E-01
5.000000E-01
7.856742E-01
7.071068E-01
8.381404E-01
7.905694E-01
7.693093E-01
4.714045E-01
7.071068E-01
1.000000E+00
7.284314E-01
7.453560E-01
1.000000E+00
8.768631E-01
7.824247E-01
1.000000E+00
1.000000E+00
7.824247E-01
1.000000E+00
7.168604E-01
7.330731E-01
1.000000E+00
7.330731E-01
1.000000E+00
8.838835E-01
1.000000E+00
6.938335E-01
7.121798E-01
6.961091E-01
8.220592E-01
8.220592E-01
8.692270E-01
7.556373E-01
7.071068E-01
7.615773E-01
7.848038E-01
8.838835E-01
0.000000E+00
1.000000E+00
6.874517E-01
9.357113E-01
7.030868E-01
8.838835E-01
6.938335E-01
7.330731E-01
7.556373E-01
8.838835E-01
8.692270E-01
1.000000E+00
7.615773E-01
9.285714E-01
1.000000E+00
7.075916E-01
1.000000E+00
0.000000E+00
0.000000E+00
1.000000E+00
0.000000E+00
1.000000E+00
1.000000E+00
0.000000E+00
1.000000E+00
0.000000E+00
1.000000E+00
0.000000E+00
1.000000E+00
1.000000E+00
1.000000E+00
1.000000E+00
1.000000E+00
1.000000E+00
1.000000E+00
1.000000E+00
1.000000E+00
1.000000E+00
1.000000E+00
1.000000E+00
0.000000E+00
1.000000E+00
1.000000E+00
1.000000E+00
1.000000E+00
1.000000E+00
1.000000E+00
1.000000E+00
1.000000E+00
1.000000E+00
0.000000E+00
1.000000E+00
1.000000E+00
0.000000E+00
1.000000E+00
7.034898E-01
1.000000E+00
1.000000E+00
7.034898E-01
1.000000E+00
6.698906E-01
7.288690E-01
1.000000E+00
7.288690E-01
1.000000E+00
8.232168E-01
1.000000E+00
7.080855E-01
6.726812E-01
7.647059E-01
8.031005E-01
7.329325E-01
8.498366E-01
7.453560E-01
6.874517E-01
6.863753E-01
7.693093E-01
8.232168E-01
6.874517E-01
1.000000E+00
0.000000E+00
9.000000E-01
6.706914E-01
8.498366E-01
7.080855E-01
7.288690E-01
7.453560E-01
8.232168E-01
8.498366E-01
1.000000E+00
6.863753E-01
9.136251E-01
1.000000E+00
7.130965E-01
8.000000E-01
1.000000E+00
1.000000E+00
8.000000E-01
1.000000E+00
9.000000E-01
8.689661E-01
1.000000E+00
8.689661E-01
1.000000E+00
5.000000E-01
1.000000E+00
9.055385E-01
9.090909E-01
9.608330E-01
7.905694E-01
6.666667E-01
7.453560E-01
8.498366E-01
9.285714E-01
8.333333E-01
8.246211E-01
5.000000E-01
9.357113E-01
1.000000E+00
9.000000E-01
0.000000E+00
8.750000E-01
7.453560E-01
9.055385E-01
8.689661E-01
8.498366E-01
5.000000E-01
7.453560E-01
1.000000E+00
8.333333E-01
7.071068E-01
1.000000E+00
9.313146E-01
6.718548E-01
1.000000E+00
1.000000E+00
6.718548E-01
1.000000E+00
6.706914E-01
7.142857E-01
1.000000E+00
7.142857E-01
1.000000E+00
7.856742E-01
1.000000E+00
7.083291E-01
6.781420E-01
7.905694E-01
7.767276E-01
7.280110E-01
8.246211E-01
7.256909E-01
7.030868E-01
6.617173E-01
6.923430E-01
7.856742E-01
7.030868E-01
1.000000E+00
6.706914E-01
8.750000E-01
0.000000E+00
8.246211E-01
7.083291E-01
7.142857E-01
7.256909E-01
7.856742E-01
8.246211E-01
1.000000E+00
6.617173E-01
8.958064E-01
1.000000E+00
7.268732E-01
7.693093E-01
1.000000E+00
1.000000E+00
7.693093E-01
1.000000E+00
8.498366E-01
7.905694E-01
1.000000E+00
7.905694E-01
1.000000E+00
7.071068E-01
1.000000E+00
8.381404E-01
8.600261E-01
9.262765E-01
7.211103E-01
7.211103E-01
7.071068E-01
7.693093E-01
8.838835E-01
7.905694E-01
7.453560E-01
7.071068E-01
8.838835E-01
1.000000E+00
8.498366E-01
7.453560E-01
8.246211E-01
0.000000E+00
8.381404E-01
7.905694E-01
7.693093E-01
7.071068E-01
7.071068E-01
1.000000E+00
7.905694E-01
7.453560E-01
1.000000E+00
8.768631E-01
7.354022E-01
1.000000E+00
1.000000E+00
7.354022E-01
1.000000E+00
7.080855E-01
6.738558E-01
1.000000E+00
6.738558E-01
1.000000E+00
8.381404E-01
1.000000E+00
6.655123E-01
7.106335E-01
7.609872E-01
7.496556E-01
7.905694E-01
8.062258E-01
6.880209E-01
7.236225E-01
7.211103E-01
7.576044E-01
8.381404E-01
6.938335E-01
1.000000E+00
7.080855E-01
9.055385E-01
7.083291E-01
8.381404E-01
0.000000E+00
6.738558E-01
6.880209E-01
8.381404E-01
8.062258E-01
1.000000E+00
7.211103E-01
8.888889E-01
1.000000E+00
7.186995E-01
7.100227E-01
1.000000E+00
1.000000E+00
7.100227E-01
1.000000E+00
7.288690E-01
6.428243E-01
1.000000E+00
6.428243E-01
1.000000E+00
7.905694E-01
1.000000E+00
6.738558E-01
7.370567E-01
8.116277E-01
6.731456E-01
7.453560E-01
7.284314E-01
6.403124E-01
7.615773E-01
7.071068E-01
7.211103E-01
7.905694E-01
7.330731E-01
1.000000E+00
7.288690E-01
8.689661E-01
7.142857E-01
7.905694E-01
6.738558E-01
0.000000E+00
6.403124E-01
7.905694E-01
7.284314E-01
1.000000E+00
7.071068E-01
8.333333E-01
1.000000E+00
7.535695E-01
7.071068E-01
1.000000E+00
1.000000E+00
7.071068E-01
1.000000E+00
7.453560E-01
6.403124E-01
1.000000E+00
6.403124E-01
1.000000E+00
7.693093E-01
1.000000E+00
6.880209E-01
7.551904E-01
8.337584E-01
6.388766E-01
7.288690E-01
6.871843E-01
6.285394E-01
7.824247E-01
7.100227E-01
7.114582E-01
7.693093E-01
7.556373E-01
1.000000E+00
7.453560E-01
8.498366E-01
7.256909E-01
7.693093E-01
6.880209E-01
6.403124E-01
0.000000E+00
7.693093E-01
6.871843E-01
1.000000E+00
7.100227E-01
8.000000E-01
1.000000E+00
7.737993E-01
6.871843E-01
1.000000E+00
1.000000E+00
6.871843E-01
1.000000E+00
8.232168E-01
7.905694E-01
1.000000E+00
7.905694E-01
1.000000E+00
4.714045E-01
1.000000E+00
8.381404E-01
8.374896E-01
9.262765E-01
7.211103E-01
5.590170E-01
7.071068E-01
7.693093E-01
8.692270E-01
7.284314E-01
7.453560E-01
4.714045E-01
8.838835E-01
1.000000E+00
8.232168E-01
5.000000E-01
7.856742E-01
7.071068E-01
8.381404E-01
7.905694E-01
7.693093E-01
0.000000E+00
7.071068E-01
1.000000E+00
7.284314E-01
7.453560E-01
1.000000E+00
8.768631E-01
7.693093E-01
1.000000E+00
1.000000E+00
7.693093E-01
1.000000E+00
8.498366E-01
7.284314E-01
1.000000E+00
7.284314E-01
1.000000E+00
7.071068E-01
1.000000E+00
8.062258E-01
8.600261E-01
9.208692E-01
3.333333E-01
7.211103E-01
4.714045E-01
6.871843E-01
8.838835E-01
7.905694E-01
7.453560E-01
7.071068E-01
8.692270E-01
1.000000E+00
8.498366E-01
7.453560E-01
8.246211E-01
7.071068E-01
8.062258E-01
7.284314E-01
6.871843E-01
7.071068E-01
0.000000E+00
1.000000E+00
7.905694E-01
5.000000E-01
1.000000E+00
8.768631E-01
1.000000E+00
0.000000E+00
0.000000E+00
1.000000E+00
0.000000E+00
1.000000E+00
1.000000E+00
0.000000E+00
1.000000E+00
0.000000E+00
1.000000E+00
0.000000E+00
1.000000E+00
1.000000E+00
1.000000E+00
1.000000E+00
1.000000E+00
1.000000E+00
1.000000E+00
1.000000E+00
1.000000E+00
1.000000E+00
1.000000E+00
1.000000E+00
0.000000E+00
1.000000E+00
1.000000E+00
1.000000E+00
1.000000E+00
1.000000E+00
1.000000E+00
1.000000E+00
1.000000E+00
1.000000E+00
0.000000E+00
1.000000E+00
1.000000E+00
0.000000E+00
1.000000E+00
6.403124E-01
1.000000E+00
1.000000E+00
6.403124E-01
1.000000E+00
6.863753E-01
7.071068E-01
1.000000E+00
7.071068E-01
1.000000E+00
7.284314E-01
1.000000E+00
7.211103E-01
6.987712E-01
8.246211E-01
7.453560E-01
6.731456E-01
7.905694E-01
7.100227E-01
7.330731E-01
6.428243E-01
7.211103E-01
7.284314E-01
7.615773E-01
1.000000E+00
6.863753E-01
8.333333E-01
6.617173E-01
7.905694E-01
7.211103E-01
7.071068E-01
7.100227E-01
7.284314E-01
7.905694E-01
1.000000E+00
0.000000E+00
8.689661E-01
1.000000E+00
7.535695E-01
8.498366E-01
1.000000E+00
1.000000E+00
8.498366E-01
1.000000E+00
9.136251E-01
8.333333E-01
1.000000E+00
8.333333E-01
1.000000E+00
7.453560E-01
1.000000E+00
8.888889E-01
9.204468E-01
9.583333E-01
6.666667E-01
7.905694E-01
5.000000E-01
8.000000E-01
9.357113E-01
8.689661E-01
8.246211E-01
7.453560E-01
9.285714E-01
1.000000E+00
9.136251E-01
7.071068E-01
8.958064E-01
7.453560E-01
8.888889E-01
8.333333E-01
8.000000E-01
7.453560E-01
5.000000E-01
1.000000E+00
8.689661E-01
0.000000E+00
1.000000E+00
9.313146E-01
1.000000E+00
0.000000E+00
0.000000E+00
1.000000E+00
0.000000E+00
1.000000E+00
1.000000E+00
0.000000E+00
1.000000E+00
0.000000E+00
1.000000E+00
0.000000E+00
1.000000E+00
1.000000E+00
1.000000E+00
1.000000E+00
1.000000E+00
1.000000E+00
1.000000E+00
1.000000E+00
1.000000E+00
1.000000E+00
1.000000E+00
1.000000E+00
0.000000E+00
1.000000E+00
1.000000E+00
1.000000E+00
1.000000E+00
1.000000E+00
1.000000E+00
1.000000E+00
1.000000E+00
1.000000E+00
0.000000E+00
1.000000E+00
1.000000E+00
0.000000E+00
1.000000E+00
7.737993E-01
1.000000E+00
1.000000E+00
7.737993E-01
1.000000E+00
7.130965E-01
7.535695E-01
1.000000E+00
7.535695E-01
1.000000E+00
8.768631E-01
1.000000E+00
7.186995E-01
7.095578E-01
7.376943E-01
8.338540E-01
8.338540E-01
8.768631E-01
7.440653E-01
7.075916E-01
7.535695E-01
8.000865E-01
8.768631E-01
7.075916E-01
1.000000E+00
7.130965E-01
9.313146E-01
7.268732E-01
8.768631E-01
7.186995E-01
7.535695E-01
7.737993E-01
8.768631E-01
8.768631E-01
1.000000E+00
7.535695E-01
9.313146E-01
1.000000E+00
0.000000E+00
