7.211103E-01
7.905694E-01
7.107674E-01
8.689661E-01
7.091957E-01
6.731456E-01
7.288690E-01
6.478835E-01
7.071068E-01
8.333333E-01
6.428243E-01
7.091957E-01
7.142857E-01
7.453560E-01
8.689661E-01
7.100227E-01
6.987712E-01
6.617173E-01
7.284314E-01
7.905694E-01
7.905694E-01
8.689661E-01
6.478835E-01
6.731456E-01
6.403124E-01
7.535695E-01
6.478835E-01
8.689661E-01
7.100227E-01
8.689661E-01
7.905694E-01
6.428243E-01
7.905694E-01
6.478835E-01
7.969944E-01
7.211103E-01
7.615773E-01
8.338540E-01
6.863753E-01
7.370567E-01
7.453560E-01
6.403124E-01
7.222222E-01
7.370567E-01
7.211103E-01
7.288690E-01
7.284314E-01
1.000000E+00
7.453560E-01
6.731456E-01
7.453560E-01
8.333333E-01
8.631338E-01
7.905694E-01
7.142857E-01
7.453560E-01
7.905694E-01
7.905694E-01
7.767276E-01
7.211103E-01
8.689661E-01
7.091957E-01
7.905694E-01
7.071068E-01
7.905694E-01
7.071068E-01
8.333333E-01
7.453560E-01
7.114582E-01
7.693093E-01
7.647059E-01
8.498366E-01
7.168604E-01
6.388766E-01
7.453560E-01
6.250000E-01
7.100227E-01
8.000000E-01
6.403124E-01
7.168604E-01
7.256909E-01
7.288690E-01
8.498366E-01
7.071068E-01
6.776309E-01
6.718548E-01
6.871843E-01
7.693093E-01
7.693093E-01
8.498366E-01
6.250000E-01
6.388766E-01
7.071068E-01
7.737993E-01
6.250000E-01
8.498366E-01
7.071068E-01
8.498366E-01
7.693093E-01
7.100227E-01
8.122409E-01
7.114582E-01
8.016995E-01
7.354022E-01
7.556373E-01
8.540776E-01
7.453560E-01
7.551904E-01
7.288690E-01
6.285394E-01
7.440653E-01
7.551904E-01
7.114582E-01
7.453560E-01
6.871843E-01
1.000000E+00
7.288690E-01
6.388766E-01
7.288690E-01
8.000000E-01
8.811713E-01
7.693093E-01
7.256909E-01
7.288690E-01
7.693093E-01
7.693093E-01
7.982407E-01
7.114582E-01
8.498366E-01
7.168604E-01
7.693093E-01
7.100227E-01
7.693093E-01
7.100227E-01
8.000000E-01
7.288690E-01
1.000000E+00
1.000000E+00
1.000000E+00
1.000000E+00
1.000000E+00
1.000000E+00
1.000000E+00
1.000000E+00
1.000000E+00
1.000000E+00
1.000000E+00
1.000000E+00
1.000000E+00
1.000000E+00
1.000000E+00
1.000000E+00
1.000000E+00
1.000000E+00
1.000000E+00
1.000000E+00
1.000000E+00
1.000000E+00
1.000000E+00
1.000000E+00
1.000000E+00
1.000000E+00
1.000000E+00
1.000000E+00
1.000000E+00
1.000000E+00
1.000000E+00
1.000000E+00
1.000000E+00
1.000000E+00
1.000000E+00
1.000000E+00
1.000000E+00
1.000000E+00
1.000000E+00
1.000000E+00
1.000000E+00
1.000000E+00
1.000000E+00
1.000000E+00
1.000000E+00
1.000000E+00
1.000000E+00
0.000000E+00
1.000000E+00
1.000000E+00
1.000000E+00
1.000000E+00
1.000000E+00
1.000000E+00
1.000000E+00
1.000000E+00
1.000000E+00
1.000000E+00
1.000000E+00
1.000000E+00
1.000000E+00
1.000000E+00
1.000000E+00
1.000000E+00
1.000000E+00
1.000000E+00
1.000000E+00
1.000000E+00
1.000000E+00
1.000000E+00
1.000000E+00
1.000000E+00
1.000000E+00
1.000000E+00
1.000000E+00
1.000000E+00
1.000000E+00
1.000000E+00
1.000000E+00
1.000000E+00
1.000000E+00
1.000000E+00
1.000000E+00
1.000000E+00
1.000000E+00
1.000000E+00
1.000000E+00
1.000000E+00
1.000000E+00
1.000000E+00
1.000000E+00
1.000000E+00
1.000000E+00
1.000000E+00
1.000000E+00
1.000000E+00
1.000000E+00
1.000000E+00
1.000000E+00
1.000000E+00
1.000000E+00
1.000000E+00
1.000000E+00
1.000000E+00
1.000000E+00
1.000000E+00
1.000000E+00
1.000000E+00
1.000000E+00
1.000000E+00
1.000000E+00
1.000000E+00
1.000000E+00
1.000000E+00
1.000000E+00
0.000000E+00
1.000000E+00
1.000000E+00
1.000000E+00
1.000000E+00
1.000000E+00
1.000000E+00
1.000000E+00
1.000000E+00
1.000000E+00
1.000000E+00
1.000000E+00
1.000000E+00
1.000000E+00
1.000000E+00
1.000000E+00
1.000000E+00
1.000000E+00
1.000000E+00
1.000000E+00
1.000000E+00
7.114582E-01
7.693093E-01
7.647059E-01
8.498366E-01
7.168604E-01
6.388766E-01
7.453560E-01
6.250000E-01
7.100227E-01
8.000000E-01
6.403124E-01
7.168604E-01
7.256909E-01
7.288690E-01
8.498366E-01
7.071068E-01
7.180220E-01
6.718548E-01
6.871843E-01
7.693093E-01
7.693093E-01
8.498366E-01
6.250000E-01
6.388766E-01
7.071068E-01
7.737993E-01
6.250000E-01
8.498366E-01
6.285394E-01
8.498366E-01
7.693093E-01
7.100227E-01
8.122409E-01
7.114582E-01
8.186201E-01
7.354022E-01
7.824247E-01
8.540776E-01
7.453560E-01
7.551904E-01
7.288690E-01
6.285394E-01
7.440653E-01
7.551904E-01
7.114582E-01
7.453560E-01
6.871843E-01
1.000000E+00
7.288690E-01
6.388766E-01
7.288690E-01
8.000000E-01
8.811713E-01
7.693093E-01
7.256909E-01
7.288690E-01
7.693093E-01
7.693093E-01
7.982407E-01
7.114582E-01
8.498366E-01
7.168604E-01
7.693093E-01
7.100227E-01
7.693093E-01
7.100227E-01
8.000000E-01
7.288690E-01
1.000000E+00
1.000000E+00
1.000000E+00
1.000000E+00
1.000000E+00
1.000000E+00
1.000000E+00
1.000000E+00
1.000000E+00
1.000000E+00
1.000000E+00
1.000000E+00
1.000000E+00
1.000000E+00
1.000000E+00
1.000000E+00
1.000000E+00
1.000000E+00
1.000000E+00
1.000000E+00
1.000000E+00
1.000000E+00
1.000000E+00
1.000000E+00
1.000000E+00
1.000000E+00
1.000000E+00
1.000000E+00
1.000000E+00
1.000000E+00
1.000000E+00
1.000000E+00
1.000000E+00
1.000000E+00
1.000000E+00
1.000000E+00
1.000000E+00
1.000000E+00
1.000000E+00
1.000000E+00
1.000000E+00
1.000000E+00
1.000000E+00
1.000000E+00
1.000000E+00
1.000000E+00
1.000000E+00
0.000000E+00
1.000000E+00
1.000000E+00
1.000000E+00
1.000000E+00
1.000000E+00
1.000000E+00
1.000000E+00
1.000000E+00
1.000000E+00
1.000000E+00
1.000000E+00
1.000000E+00
1.000000E+00
1.000000E+00
1.000000E+00
1.000000E+00
1.000000E+00
1.000000E+00
1.000000E+00
1.000000E+00
7.693093E-01
8.498366E-01
7.100227E-01
9.136251E-01
7.180327E-01
7.682954E-01
6.698906E-01
7.297564E-01
7.288690E-01
9.000000E-01
6.863753E-01
7.180327E-01
7.114582E-01
8.031005E-01
9.136251E-01
7.453560E-01
6.726812E-01
6.706914E-01
8.232168E-01
8.498366E-01
8.498366E-01
9.136251E-01
7.297564E-01
7.682954E-01
7.453560E-01
7.130965E-01
7.297564E-01
9.136251E-01
7.453560E-01
9.136251E-01
8.498366E-01
7.288690E-01
7.124216E-01
7.693093E-01
7.403762E-01
7.080855E-01
7.168604E-01
7.737993E-01
7.071068E-01
7.079080E-01
8.031005E-01
7.034898E-01
6.818182E-01
7.079080E-01
7.693093E-01
7.071068E-01
8.232168E-01
1.000000E+00
8.031005E-01
7.682954E-01
8.031005E-01
9.000000E-01
8.054566E-01
8.498366E-01
7.114582E-01
8.031005E-01
8.498366E-01
8.498366E-01
7.256909E-01
7.693093E-01
9.136251E-01
7.180327E-01
8.498366E-01
7.288690E-01
8.498366E-01
7.288690E-01
9.000000E-01
8.031005E-01
6.478835E-01
7.284314E-01
7.107674E-01
8.333333E-01
7.091957E-01
7.453560E-01
6.863753E-01
7.211103E-01
6.428243E-01
8.689661E-01
7.071068E-01
6.508541E-01
6.617173E-01
6.731456E-01
8.333333E-01
6.403124E-01
7.370567E-01
7.142857E-01
7.905694E-01
7.284314E-01
7.284314E-01
8.333333E-01
7.211103E-01
7.453560E-01
6.403124E-01
7.222222E-01
7.211103E-01
8.333333E-01
6.403124E-01
8.333333E-01
7.284314E-01
6.428243E-01
7.704367E-01
6.478835E-01
7.783976E-01
6.738558E-01
7.330731E-01
8.224225E-01
6.863753E-01
6.987712E-01
7.453560E-01
7.100227E-01
7.535695E-01
6.987712E-01
6.478835E-01
6.863753E-01
7.905694E-01
1.000000E+00
6.731456E-01
7.453560E-01
6.731456E-01
8.689661E-01
8.558112E-01
7.284314E-01
6.617173E-01
6.731456E-01
7.284314E-01
7.284314E-01
7.529233E-01
6.478835E-01
8.689661E-01
6.508541E-01
7.284314E-01
6.428243E-01
7.284314E-01
7.071068E-01
8.689661E-01
6.731456E-01
1.000000E+00
1.000000E+00
1.000000E+00
1.000000E+00
1.000000E+00
1.000000E+00
1.000000E+00
1.000000E+00
1.000000E+00
1.000000E+00
1.000000E+00
1.000000E+00
1.000000E+00
1.000000E+00
1.000000E+00
1.000000E+00
1.000000E+00
1.000000E+00
1.000000E+00
1.000000E+00
1.000000E+00
1.000000E+00
1.000000E+00
1.000000E+00
1.000000E+00
1.000000E+00
1.000000E+00
1.000000E+00
1.000000E+00
1.000000E+00
1.000000E+00
1.000000E+00
1.000000E+00
1.000000E+00
1.000000E+00
1.000000E+00
1.000000E+00
1.000000E+00
1.000000E+00
1.000000E+00
1.000000E+00
1.000000E+00
1.000000E+00
1.000000E+00
1.000000E+00
1.000000E+00
1.000000E+00
0.000000E+00
1.000000E+00
1.000000E+00
1.000000E+00
1.000000E+00
1.000000E+00
1.000000E+00
1.000000E+00
1.000000E+00
1.000000E+00
1.000000E+00
1.000000E+00
1.000000E+00
1.000000E+00
1.000000E+00
1.000000E+00
1.000000E+00
1.000000E+00
1.000000E+00
1.000000E+00
1.000000E+00
6.478835E-01
7.284314E-01
7.107674E-01
8.333333E-01
7.091957E-01
7.453560E-01
6.863753E-01
7.211103E-01
6.428243E-01
8.689661E-01
7.071068E-01
6.508541E-01
6.617173E-01
6.731456E-01
8.333333E-01
6.403124E-01
7.370567E-01
7.142857E-01
7.905694E-01
7.284314E-01
7.284314E-01
8.333333E-01
7.211103E-01
7.453560E-01
6.403124E-01
7.222222E-01
7.211103E-01
8.333333E-01
6.403124E-01
8.333333E-01
7.284314E-01
6.428243E-01
7.704367E-01
6.478835E-01
7.783976E-01
6.738558E-01
7.330731E-01
8.224225E-01
6.863753E-01
6.987712E-01
7.453560E-01
7.100227E-01
7.535695E-01
6.987712E-01
6.478835E-01
6.863753E-01
7.905694E-01
1.000000E+00
6.731456E-01
7.453560E-01
6.731456E-01
8.689661E-01
8.558112E-01
7.284314E-01
6.617173E-01
6.731456E-01
7.284314E-01
7.284314E-01
7.529233E-01
6.478835E-01
8.689661E-01
6.508541E-01
7.284314E-01
6.428243E-01
7.284314E-01
7.071068E-01
8.689661E-01
6.731456E-01
1.000000E+00
1.000000E+00
1.000000E+00
1.000000E+00
1.000000E+00
1.000000E+00
1.000000E+00
1.000000E+00
1.000000E+00
1.000000E+00
1.000000E+00
1.000000E+00
1.000000E+00
1.000000E+00
1.000000E+00
1.000000E+00
1.000000E+00
1.000000E+00
1.000000E+00
1.000000E+00
1.000000E+00
1.000000E+00
1.000000E+00
1.000000E+00
1.000000E+00
1.000000E+00
1.000000E+00
1.000000E+00
1.000000E+00
1.000000E+00
1.000000E+00
1.000000E+00
1.000000E+00
1.000000E+00
1.000000E+00
1.000000E+00
1.000000E+00
1.000000E+00
1.000000E+00
1.000000E+00
1.000000E+00
1.000000E+00
1.000000E+00
1.000000E+00
1.000000E+00
1.000000E+00
1.000000E+00
0.000000E+00
1.000000E+00
1.000000E+00
1.000000E+00
1.000000E+00
1.000000E+00
1.000000E+00
1.000000E+00
1.000000E+00
1.000000E+00
1.000000E+00
1.000000E+00
1.000000E+00
1.000000E+00
1.000000E+00
1.000000E+00
1.000000E+00
1.000000E+00
1.000000E+00
1.000000E+00
1.000000E+00
7.453560E-01
7.071068E-01
8.689661E-01
7.453560E-01
8.089011E-01
5.590170E-01
8.498366E-01
6.324555E-01
7.905694E-01
5.000000E-01
7.284314E-01
8.089011E-01
8.246211E-01
7.211103E-01
7.453560E-01
7.693093E-01
8.374896E-01
7.856742E-01
4.714045E-01
7.071068E-01
7.071068E-01
7.453560E-01
6.324555E-01
5.590170E-01
7.693093E-01
8.768631E-01
6.324555E-01
7.453560E-01
7.693093E-01
7.453560E-01
7.071068E-01
7.905694E-01
9.055385E-01
7.453560E-01
9.097606E-01
8.381404E-01
8.838835E-01
9.313146E-01
8.498366E-01
8.600261E-01
7.211103E-01
6.871843E-01
8.601139E-01
8.600261E-01
7.453560E-01
8.498366E-01
4.714045E-01
1.000000E+00
7.211103E-01
5.590170E-01
7.211103E-01
5.000000E-01
9.460770E-01
7.071068E-01
8.246211E-01
7.211103E-01
7.071068E-01
7.071068E-01
8.958064E-01
7.453560E-01
7.453560E-01
8.089011E-01
7.071068E-01
7.905694E-01
7.071068E-01
7.905694E-01
5.000000E-01
7.211103E-01
1.000000E+00
1.000000E+00
1.000000E+00
1.000000E+00
1.000000E+00
1.000000E+00
1.000000E+00
1.000000E+00
1.000000E+00
1.000000E+00
1.000000E+00
1.000000E+00
1.000000E+00
1.000000E+00
1.000000E+00
1.000000E+00
1.000000E+00
1.000000E+00
1.000000E+00
1.000000E+00
1.000000E+00
1.000000E+00
1.000000E+00
1.000000E+00
1.000000E+00
1.000000E+00
1.000000E+00
1.000000E+00
1.000000E+00
1.000000E+00
1.000000E+00
1.000000E+00
1.000000E+00
1.000000E+00
1.000000E+00
1.000000E+00
1.000000E+00
1.000000E+00
1.000000E+00
1.000000E+00
1.000000E+00
1.000000E+00
1.000000E+00
1.000000E+00
1.000000E+00
1.000000E+00
1.000000E+00
0.000000E+00
1.000000E+00
1.000000E+00
1.000000E+00
1.000000E+00
1.000000E+00
1.000000E+00
1.000000E+00
1.000000E+00
1.000000E+00
1.000000E+00
1.000000E+00
1.000000E+00
1.000000E+00
1.000000E+00
1.000000E+00
1.000000E+00
1.000000E+00
1.000000E+00
1.000000E+00
1.000000E+00
7.120003E-01
8.062258E-01
6.424503E-01
8.888889E-01
7.126096E-01
7.905694E-01
6.689775E-01
7.576044E-01
6.738558E-01
9.055385E-01
7.211103E-01
6.666667E-01
6.643841E-01
7.496556E-01
8.888889E-01
6.880209E-01
7.106335E-01
7.083291E-01
8.381404E-01
8.062258E-01
8.062258E-01
8.888889E-01
7.576044E-01
7.905694E-01
6.880209E-01
6.867717E-01
7.576044E-01
8.888889E-01
6.880209E-01
8.888889E-01
8.062258E-01
6.738558E-01
7.226267E-01
7.120003E-01
7.295450E-01
6.655123E-01
6.938335E-01
7.720238E-01
6.689775E-01
6.740131E-01
7.905694E-01
7.354022E-01
7.186995E-01
6.740131E-01
7.120003E-01
6.689775E-01
8.381404E-01
1.000000E+00
7.496556E-01
7.905694E-01
7.496556E-01
9.055385E-01
8.084727E-01
8.062258E-01
6.643841E-01
7.496556E-01
8.062258E-01
8.062258E-01
7.083333E-01
7.120003E-01
9.055385E-01
6.666667E-01
8.062258E-01
6.738558E-01
8.062258E-01
7.211103E-01
9.055385E-01
7.496556E-01
7.803133E-01
8.600261E-01
7.077748E-01
9.204468E-01
7.243558E-01
7.844645E-01
7.079080E-01
7.457362E-01
7.370567E-01
9.090909E-01
6.987712E-01
7.243558E-01
7.158669E-01
8.144110E-01
9.204468E-01
7.551904E-01
6.734350E-01
6.781420E-01
8.374896E-01
8.600261E-01
8.600261E-01
9.204468E-01
7.457362E-01
7.844645E-01
7.551904E-01
7.095578E-01
7.457362E-01
9.204468E-01
7.551904E-01
9.204468E-01
8.600261E-01
7.370567E-01
7.274146E-01
7.803133E-01
7.318166E-01
7.106335E-01
6.833841E-01
7.479396E-01
7.079080E-01
6.363961E-01
8.144110E-01
7.180220E-01
6.791521E-01
7.071068E-01
7.803133E-01
7.079080E-01
8.374896E-01
1.000000E+00
8.144110E-01
7.844645E-01
8.144110E-01
9.090909E-01
7.836791E-01
8.600261E-01
7.158669E-01
8.144110E-01
8.600261E-01
8.600261E-01
7.191292E-01
7.803133E-01
9.204468E-01
7.243558E-01
8.600261E-01
7.370567E-01
8.600261E-01
7.370567E-01
9.090909E-01
8.144110E-01
8.590677E-01
9.208692E-01
7.284314E-01
9.583333E-01
8.064516E-01
8.958064E-01
7.484296E-01
8.689661E-01
8.116277E-01
9.608330E-01
8.116277E-01
7.923243E-01
7.601170E-01
8.879536E-01
9.583333E-01
8.337584E-01
7.376433E-01
7.905694E-01
9.262765E-01
9.208692E-01
9.208692E-01
9.583333E-01
8.689661E-01
8.958064E-01
8.337584E-01
7.027642E-01
8.590677E-01
9.583333E-01
8.223557E-01
9.583333E-01
9.208692E-01
8.116277E-01
6.975780E-01
8.590677E-01
6.781190E-01
7.609872E-01
7.140457E-01
6.782842E-01
7.484296E-01
7.376433E-01
8.958064E-01
8.337584E-01
7.376943E-01
7.376433E-01
8.590677E-01
7.484296E-01
9.262765E-01
1.000000E+00
8.879536E-01
8.958064E-01
8.879536E-01
9.608330E-01
6.934460E-01
9.208692E-01
7.755365E-01
8.879536E-01
9.208692E-01
9.208692E-01
7.040785E-01
8.590677E-01
9.608330E-01
7.923243E-01
9.208692E-01
8.116277E-01
9.208692E-01
8.246211E-01
9.608330E-01
8.879536E-01
6.009252E-01
5.590170E-01
7.985957E-01
6.666667E-01
7.615773E-01
7.071068E-01
7.682954E-01
7.142857E-01
6.731456E-01
7.905694E-01
7.453560E-01
7.027284E-01
7.280110E-01
5.656854E-01
6.666667E-01
6.388766E-01
8.144110E-01
7.767276E-01
7.211103E-01
5.590170E-01
5.590170E-01
6.666667E-01
7.142857E-01
7.071068E-01
6.388766E-01
8.110350E-01
7.142857E-01
6.666667E-01
6.388766E-01
6.666667E-01
5.590170E-01
6.731456E-01
8.558621E-01
6.009252E-01
8.624176E-01
7.496556E-01
8.220592E-01
8.957097E-01
7.682954E-01
7.844645E-01
7.071068E-01
6.388766E-01
8.338540E-01
7.844645E-01
2.500000E-01
7.682954E-01
7.211103E-01
1.000000E+00
5.656854E-01
7.071068E-01
5.656854E-01
7.905694E-01
9.183486E-01
5.590170E-01
7.280110E-01
5.656854E-01
5.590170E-01
5.590170E-01
8.407081E-01
6.009252E-01
7.905694E-01
7.027284E-01
5.590170E-01
5.890151E-01
5.590170E-01
7.453560E-01
7.905694E-01
5.656854E-01
7.142857E-01
7.211103E-01
8.246211E-01
7.905694E-01
7.615773E-01
5.656854E-01
8.031005E-01
6.009252E-01
7.453560E-01
6.666667E-01
6.731456E-01
7.615773E-01
7.767276E-01
7.071068E-01
7.905694E-01
7.288690E-01
7.844645E-01
7.280110E-01
5.590170E-01
7.211103E-01
7.211103E-01
7.905694E-01
6.009252E-01
5.656854E-01
7.288690E-01
8.338540E-01
6.009252E-01
7.905694E-01
7.288690E-01
7.905694E-01
7.211103E-01
7.453560E-01
8.689661E-01
7.142857E-01
8.743356E-01
7.905694E-01
8.422248E-01
8.957097E-01
8.031005E-01
8.144110E-01
7.071068E-01
6.388766E-01
8.110350E-01
8.144110E-01
7.142857E-01
7.682954E-01
5.590170E-01
1.000000E+00
7.071068E-01
5.656854E-01
7.071068E-01
6.666667E-01
9.224891E-01
7.211103E-01
7.767276E-01
7.071068E-01
7.211103E-01
7.211103E-01
8.407081E-01
7.142857E-01
7.905694E-01
7.615773E-01
7.211103E-01
7.453560E-01
7.211103E-01
7.453560E-01
6.666667E-01
7.071068E-01
6.324555E-01
4.714045E-01
8.496432E-01
5.000000E-01
8.089011E-01
7.211103E-01
8.232168E-01
7.453560E-01
7.284314E-01
7.453560E-01
7.905694E-01
7.603453E-01
7.856742E-01
5.590170E-01
5.000000E-01
6.871843E-01
8.600261E-01
8.246211E-01
7.071068E-01
4.714045E-01
4.714045E-01
5.000000E-01
7.453560E-01
7.211103E-01
6.871843E-01
8.601139E-01
7.453560E-01
5.000000E-01
6.871843E-01
5.000000E-01
4.714045E-01
7.284314E-01
8.962835E-01
6.324555E-01
9.013878E-01
8.062258E-01
8.692270E-01
9.266664E-01
8.232168E-01
8.374896E-01
7.211103E-01
7.693093E-01
8.768631E-01
8.374896E-01
6.324555E-01
8.232168E-01
7.071068E-01
1.000000E+00
5.590170E-01
7.211103E-01
5.590170E-01
7.453560E-01
9.432899E-01
4.714045E-01
7.856742E-01
5.590170E-01
4.714045E-01
4.714045E-01
8.843116E-01
6.324555E-01
7.453560E-01
7.603453E-01
4.714045E-01
7.284314E-01
4.714045E-01
7.905694E-01
7.453560E-01
5.590170E-01
6.250000E-01
6.871843E-01
7.315437E-01
8.000000E-01
7.168604E-01
7.288690E-01
7.034898E-01
7.114582E-01
6.403124E-01
8.498366E-01
7.100227E-01
6.555548E-01
6.718548E-01
6.388766E-01
8.000000E-01
6.285394E-01
7.551904E-01
7.256909E-01
7.693093E-01
6.871843E-01
6.871843E-01
8.000000E-01
7.114582E-01
7.288690E-01
6.285394E-01
7.440653E-01
7.114582E-01
8.000000E-01
6.285394E-01
8.000000E-01
6.871843E-01
5.555556E-01
7.938295E-01
6.250000E-01
8.016995E-01
6.880209E-01
7.556373E-01
8.439326E-01
7.034898E-01
7.180220E-01
7.288690E-01
7.071068E-01
7.440653E-01
7.180220E-01
6.250000E-01
7.034898E-01
7.693093E-01
1.000000E+00
6.388766E-01
7.288690E-01
6.388766E-01
8.498366E-01
8.747774E-01
6.871843E-01
6.718548E-01
6.388766E-01
6.871843E-01
6.871843E-01
7.762087E-01
6.250000E-01
8.498366E-01
6.555548E-01
6.871843E-01
6.403124E-01
6.871843E-01
7.100227E-01
8.498366E-01
6.388766E-01
8.089011E-01
8.838835E-01
7.091957E-01
9.357113E-01
7.453560E-01
8.220592E-01
7.168604E-01
7.848038E-01
7.615773E-01
9.285714E-01
7.330731E-01
7.453560E-01
7.329325E-01
8.422248E-01
9.357113E-01
7.824247E-01
6.521739E-01
7.030868E-01
8.692270E-01
8.838835E-01
8.838835E-01
9.357113E-01
7.848038E-01
8.220592E-01
7.824247E-01
7.075916E-01
7.848038E-01
9.357113E-01
7.824247E-01
9.357113E-01
8.838835E-01
7.615773E-01
7.126096E-01
8.089011E-01
6.938626E-01
6.938335E-01
6.527140E-01
7.061267E-01
7.168604E-01
6.521739E-01
8.422248E-01
7.556373E-01
6.804541E-01
7.121798E-01
8.089011E-01
7.168604E-01
8.692270E-01
1.000000E+00
8.422248E-01
8.220592E-01
8.422248E-01
9.285714E-01
7.186995E-01
8.838835E-01
7.329325E-01
8.422248E-01
8.838835E-01
8.838835E-01
6.844632E-01
8.089011E-01
9.357113E-01
7.453560E-01
8.838835E-01
7.615773E-01
8.838835E-01
7.330731E-01
9.285714E-01
8.422248E-01
7.211103E-01
7.905694E-01
7.453560E-01
8.689661E-01
7.091957E-01
6.731456E-01
7.288690E-01
6.478835E-01
7.071068E-01
8.333333E-01
6.428243E-01
7.091957E-01
7.142857E-01
7.453560E-01
8.689661E-01
7.100227E-01
6.987712E-01
6.617173E-01
7.284314E-01
7.905694E-01
7.905694E-01
8.689661E-01
6.478835E-01
6.731456E-01
7.100227E-01
7.535695E-01
6.478835E-01
8.689661E-01
7.100227E-01
8.689661E-01
7.905694E-01
7.071068E-01
7.704367E-01
7.211103E-01
7.969944E-01
7.211103E-01
7.615773E-01
8.338540E-01
7.288690E-01
7.370567E-01
7.453560E-01
6.403124E-01
7.222222E-01
7.370567E-01
7.211103E-01
7.288690E-01
7.284314E-01
1.000000E+00
7.453560E-01
6.731456E-01
7.453560E-01
8.333333E-01
8.631338E-01
7.905694E-01
7.142857E-01
7.453560E-01
7.905694E-01
7.905694E-01
7.767276E-01
7.211103E-01
8.689661E-01
7.091957E-01
7.905694E-01
7.071068E-01
7.905694E-01
7.071068E-01
8.333333E-01
7.453560E-01
7.071068E-01
7.453560E-01
7.601170E-01
8.246211E-01
7.329325E-01
7.142857E-01
7.693093E-01
7.071068E-01
7.211103E-01
8.246211E-01
7.211103E-01
7.329325E-01
7.453560E-01
6.009252E-01
8.246211E-01
7.114582E-01
7.803133E-01
7.453560E-01
7.453560E-01
7.453560E-01
7.453560E-01
8.246211E-01
7.071068E-01
7.142857E-01
7.114582E-01
8.000865E-01
7.071068E-01
8.246211E-01
7.114582E-01
8.246211E-01
7.453560E-01
7.211103E-01
8.381404E-01
7.071068E-01
8.441951E-01
7.576044E-01
8.089011E-01
8.768631E-01
7.693093E-01
7.803133E-01
7.142857E-01
7.114582E-01
8.000865E-01
7.803133E-01
7.071068E-01
7.693093E-01
7.453560E-01
1.000000E+00
7.142857E-01
7.142857E-01
7.142857E-01
8.246211E-01
9.009075E-01
7.453560E-01
7.453560E-01
7.142857E-01
7.453560E-01
7.453560E-01
8.051083E-01
6.060915E-01
8.246211E-01
7.329325E-01
7.453560E-01
7.211103E-01
7.453560E-01
7.211103E-01
8.246211E-01
7.142857E-01
7.453560E-01
7.071068E-01
8.689661E-01
7.453560E-01
8.089011E-01
5.590170E-01
8.498366E-01
6.324555E-01
7.905694E-01
5.000000E-01
7.284314E-01
8.089011E-01
8.246211E-01
7.211103E-01
7.453560E-01
7.693093E-01
8.374896E-01
7.856742E-01
4.714045E-01
7.071068E-01
7.071068E-01
7.453560E-01
6.324555E-01
5.590170E-01
7.693093E-01
8.768631E-01
6.324555E-01
7.453560E-01
7.693093E-01
7.453560E-01
7.071068E-01
7.905694E-01
9.055385E-01
7.453560E-01
9.097606E-01
8.381404E-01
8.838835E-01
9.313146E-01
8.498366E-01
8.600261E-01
7.211103E-01
6.871843E-01
8.601139E-01
8.600261E-01
7.453560E-01
8.498366E-01
4.714045E-01
1.000000E+00
7.211103E-01
5.590170E-01
7.211103E-01
5.000000E-01
9.460770E-01
7.071068E-01
8.246211E-01
7.211103E-01
7.071068E-01
7.071068E-01
8.958064E-01
7.453560E-01
7.453560E-01
8.089011E-01
7.071068E-01
7.905694E-01
7.071068E-01
7.905694E-01
5.000000E-01
7.211103E-01
7.848038E-01
8.692270E-01
6.179422E-01
9.285714E-01
6.842105E-01
8.422248E-01
6.874517E-01
8.089011E-01
7.330731E-01
9.357113E-01
7.330731E-01
7.158911E-01
6.708204E-01
8.220592E-01
9.285714E-01
7.556373E-01
6.521739E-01
7.329325E-01
8.838835E-01
8.692270E-01
8.692270E-01
9.285714E-01
8.089011E-01
8.422248E-01
7.556373E-01
6.804541E-01
7.848038E-01
9.285714E-01
7.276069E-01
9.285714E-01
8.692270E-01
7.330731E-01
6.903527E-01
7.848038E-01
6.938626E-01
6.938335E-01
6.809176E-01
6.890567E-01
6.874517E-01
6.521739E-01
8.422248E-01
7.556373E-01
7.075916E-01
6.521739E-01
7.848038E-01
6.874517E-01
8.838835E-01
1.000000E+00
8.220592E-01
8.422248E-01
8.220592E-01
9.357113E-01
7.429568E-01
8.692270E-01
7.030868E-01
8.220592E-01
8.692270E-01
8.692270E-01
6.585389E-01
7.603453E-01
9.357113E-01
7.158911E-01
8.692270E-01
7.330731E-01
8.692270E-01
7.615773E-01
9.357113E-01
8.220592E-01
1.000000E+00
1.000000E+00
1.000000E+00
1.000000E+00
1.000000E+00
1.000000E+00
1.000000E+00
1.000000E+00
1.000000E+00
1.000000E+00
1.000000E+00
1.000000E+00
1.000000E+00
1.000000E+00
1.000000E+00
1.000000E+00
1.000000E+00
1.000000E+00
1.000000E+00
1.000000E+00
1.000000E+00
1.000000E+00
1.000000E+00
1.000000E+00
1.000000E+00
1.000000E+00
1.000000E+00
1.000000E+00
1.000000E+00
1.000000E+00
1.000000E+00
1.000000E+00
1.000000E+00
1.000000E+00
1.000000E+00
1.000000E+00
1.000000E+00
1.000000E+00
1.000000E+00
1.000000E+00
1.000000E+00
1.000000E+00
1.000000E+00
1.000000E+00
1.000000E+00
1.000000E+00
1.000000E+00
0.000000E+00
1.000000E+00
1.000000E+00
1.000000E+00
1.000000E+00
1.000000E+00
1.000000E+00
1.000000E+00
1.000000E+00
1.000000E+00
1.000000E+00
1.000000E+00
1.000000E+00
1.000000E+00
1.000000E+00
1.000000E+00
1.000000E+00
1.000000E+00
1.000000E+00
1.000000E+00
1.000000E+00
7.693093E-01
8.498366E-01
6.403124E-01
9.136251E-01
7.180327E-01
7.682954E-01
7.071068E-01
7.297564E-01
7.288690E-01
9.000000E-01
6.863753E-01
7.180327E-01
7.114582E-01
8.031005E-01
9.136251E-01
7.453560E-01
6.726812E-01
5.734884E-01
8.232168E-01
8.498366E-01
8.498366E-01
9.136251E-01
7.297564E-01
7.682954E-01
7.034898E-01
7.130965E-01
7.297564E-01
9.136251E-01
7.453560E-01
9.136251E-01
8.498366E-01
6.863753E-01
7.124216E-01
7.297564E-01
7.403762E-01
7.080855E-01
7.168604E-01
7.591617E-01
6.698906E-01
7.079080E-01
8.031005E-01
7.034898E-01
6.818182E-01
7.079080E-01
7.693093E-01
7.071068E-01
8.232168E-01
1.000000E+00
8.031005E-01
7.682954E-01
8.031005E-01
9.000000E-01
8.054566E-01
8.498366E-01
7.114582E-01
8.031005E-01
8.498366E-01
8.498366E-01
6.997142E-01
7.693093E-01
9.136251E-01
7.180327E-01
8.498366E-01
6.863753E-01
8.498366E-01
7.288690E-01
9.000000E-01
8.031005E-01
8.246211E-01
7.453560E-01
9.262765E-01
7.071068E-01
8.838835E-01
6.666667E-01
9.136251E-01
7.500000E-01
8.689661E-01
0.000000E+00
8.333333E-01
8.838835E-01
8.958064E-01
7.905694E-01
7.071068E-01
8.498366E-01
9.090909E-01
8.750000E-01
5.000000E-01
7.453560E-01
7.453560E-01
7.071068E-01
7.500000E-01
6.666667E-01
8.498366E-01
9.313146E-01
7.500000E-01
7.071068E-01
8.498366E-01
7.071068E-01
7.453560E-01
8.689661E-01
9.488293E-01
8.246211E-01
9.513149E-01
9.055385E-01
9.357113E-01
9.636750E-01
9.136251E-01
9.204468E-01
7.905694E-01
8.000000E-01
9.230769E-01
9.204468E-01
8.246211E-01
9.136251E-01
5.000000E-01
1.000000E+00
7.905694E-01
6.666667E-01
7.905694E-01
0.000000E+00
9.718486E-01
7.453560E-01
8.958064E-01
7.905694E-01
7.453560E-01
7.453560E-01
9.430129E-01
8.246211E-01
7.071068E-01
8.838835E-01
7.453560E-01
8.689661E-01
7.453560E-01
8.689661E-01
0.000000E+00
7.905694E-01
7.453560E-01
8.246211E-01
6.862318E-01
8.958064E-01
7.086764E-01
7.280110E-01
6.706914E-01
6.923430E-01
7.142857E-01
8.750000E-01
6.617173E-01
7.086764E-01
7.071068E-01
7.767276E-01
8.958064E-01
7.256909E-01
6.781420E-01
6.599663E-01
7.856742E-01
8.246211E-01
8.246211E-01
8.958064E-01
6.923430E-01
7.280110E-01
7.256909E-01
6.946222E-01
6.923430E-01
8.958064E-01
7.256909E-01
8.958064E-01
8.246211E-01
7.142857E-01
7.576044E-01
7.453560E-01
7.635381E-01
7.083291E-01
7.030868E-01
8.000865E-01
7.114582E-01
7.158669E-01
7.767276E-01
6.098367E-01
6.946222E-01
7.158669E-01
7.453560E-01
7.114582E-01
7.856742E-01
1.000000E+00
7.767276E-01
7.280110E-01
7.767276E-01
8.750000E-01
8.227867E-01
8.246211E-01
7.071068E-01
7.767276E-01
8.246211E-01
8.246211E-01
7.453560E-01
6.324555E-01
8.958064E-01
7.086764E-01
8.246211E-01
7.142857E-01
8.246211E-01
7.142857E-01
8.750000E-01
7.767276E-01
7.453560E-01
7.071068E-01
8.689661E-01
7.453560E-01
8.089011E-01
7.211103E-01
8.232168E-01
7.453560E-01
7.905694E-01
7.453560E-01
7.905694E-01
8.089011E-01
8.246211E-01
7.211103E-01
7.453560E-01
7.693093E-01
8.600261E-01
8.246211E-01
7.071068E-01
7.071068E-01
7.071068E-01
7.453560E-01
7.453560E-01
7.211103E-01
7.693093E-01
8.768631E-01
7.453560E-01
7.453560E-01
7.693093E-01
7.453560E-01
7.071068E-01
7.905694E-01
9.055385E-01
7.453560E-01
9.097606E-01
8.381404E-01
8.838835E-01
9.313146E-01
8.498366E-01
8.600261E-01
7.211103E-01
7.693093E-01
8.768631E-01
8.600261E-01
7.453560E-01
8.498366E-01
7.071068E-01
1.000000E+00
7.211103E-01
7.211103E-01
7.211103E-01
7.453560E-01
9.460770E-01
7.071068E-01
8.246211E-01
7.211103E-01
7.071068E-01
7.071068E-01
8.958064E-01
7.453560E-01
7.453560E-01
8.089011E-01
7.071068E-01
7.905694E-01
7.071068E-01
7.905694E-01
7.453560E-01
7.211103E-01
7.120003E-01
8.062258E-01
6.800735E-01
8.888889E-01
7.126096E-01
7.905694E-01
6.689775E-01
7.576044E-01
6.738558E-01
9.055385E-01
7.211103E-01
6.666667E-01
6.643841E-01
7.496556E-01
8.888889E-01
6.880209E-01
7.106335E-01
7.083291E-01
8.381404E-01
8.062258E-01
8.062258E-01
8.888889E-01
7.576044E-01
7.905694E-01
6.880209E-01
6.867717E-01
7.576044E-01
8.888889E-01
6.880209E-01
8.888889E-01
8.062258E-01
6.738558E-01
6.985700E-01
7.120003E-01
7.295450E-01
6.655123E-01
6.615450E-01
7.720238E-01
6.689775E-01
6.740131E-01
7.905694E-01
7.354022E-01
7.186995E-01
6.334308E-01
7.120003E-01
6.689775E-01
8.381404E-01
1.000000E+00
7.496556E-01
7.905694E-01
7.496556E-01
9.055385E-01
8.084727E-01
8.062258E-01
6.643841E-01
7.496556E-01
8.062258E-01
8.062258E-01
6.805424E-01
7.120003E-01
9.055385E-01
6.666667E-01
8.062258E-01
6.738558E-01
8.062258E-01
7.211103E-01
9.055385E-01
7.496556E-01
6.478835E-01
7.284314E-01
7.107674E-01
8.333333E-01
7.091957E-01
7.453560E-01
6.863753E-01
7.211103E-01
6.428243E-01
8.689661E-01
7.071068E-01
6.508541E-01
6.617173E-01
6.731456E-01
8.333333E-01
6.403124E-01
7.370567E-01
7.142857E-01
7.905694E-01
7.284314E-01
7.284314E-01
8.333333E-01
7.211103E-01
7.453560E-01
6.403124E-01
7.222222E-01
7.211103E-01
8.333333E-01
6.403124E-01
8.333333E-01
7.284314E-01
6.428243E-01
7.704367E-01
6.478835E-01
7.783976E-01
6.738558E-01
7.330731E-01
8.224225E-01
6.863753E-01
6.987712E-01
7.453560E-01
7.100227E-01
7.535695E-01
6.987712E-01
6.478835E-01
6.863753E-01
7.905694E-01
1.000000E+00
6.731456E-01
7.453560E-01
6.731456E-01
8.689661E-01
8.558112E-01
7.284314E-01
6.617173E-01
6.731456E-01
7.284314E-01
7.284314E-01
7.529233E-01
6.478835E-01
8.689661E-01
6.508541E-01
7.284314E-01
6.428243E-01
7.284314E-01
7.071068E-01
8.689661E-01
6.731456E-01
6.250000E-01
6.871843E-01
7.315437E-01
8.000000E-01
7.168604E-01
7.288690E-01
7.034898E-01
7.114582E-01
6.403124E-01
8.498366E-01
7.100227E-01
6.555548E-01
6.718548E-01
6.388766E-01
8.000000E-01
6.285394E-01
7.551904E-01
7.256909E-01
7.693093E-01
6.871843E-01
6.871843E-01
8.000000E-01
7.114582E-01
7.288690E-01
6.285394E-01
7.440653E-01
7.114582E-01
8.000000E-01
6.285394E-01
8.000000E-01
6.871843E-01
6.403124E-01
7.938295E-01
6.250000E-01
8.016995E-01
6.880209E-01
7.556373E-01
8.439326E-01
7.034898E-01
7.180220E-01
7.288690E-01
7.071068E-01
7.737993E-01
7.180220E-01
6.250000E-01
7.034898E-01
7.693093E-01
1.000000E+00
6.388766E-01
7.288690E-01
6.388766E-01
8.498366E-01
8.747774E-01
6.871843E-01
6.718548E-01
6.388766E-01
6.871843E-01
6.871843E-01
7.762087E-01
6.250000E-01
8.498366E-01
6.555548E-01
6.871843E-01
6.403124E-01
6.871843E-01
7.100227E-01
8.498366E-01
6.388766E-01
7.453560E-01
7.071068E-01
8.689661E-01
7.453560E-01
8.089011E-01
5.590170E-01
8.498366E-01
6.324555E-01
7.905694E-01
5.000000E-01
7.284314E-01
8.089011E-01
8.246211E-01
7.211103E-01
7.453560E-01
7.693093E-01
8.374896E-01
7.856742E-01
4.714045E-01
7.071068E-01
7.071068E-01
7.453560E-01
6.324555E-01
5.590170E-01
7.693093E-01
8.768631E-01
6.324555E-01
7.453560E-01
7.693093E-01
7.453560E-01
7.071068E-01
7.905694E-01
9.055385E-01
7.453560E-01
9.097606E-01
8.381404E-01
8.838835E-01
9.313146E-01
8.498366E-01
8.600261E-01
7.211103E-01
6.871843E-01
8.601139E-01
8.600261E-01
7.453560E-01
8.498366E-01
4.714045E-01
1.000000E+00
7.211103E-01
5.590170E-01
7.211103E-01
5.000000E-01
9.460770E-01
7.071068E-01
8.246211E-01
7.211103E-01
7.071068E-01
7.071068E-01
8.958064E-01
7.453560E-01
7.453560E-01
8.089011E-01
7.071068E-01
7.905694E-01
7.071068E-01
7.905694E-01
5.000000E-01
7.211103E-01
6.324555E-01
4.714045E-01
8.496432E-01
5.000000E-01
8.089011E-01
7.211103E-01
8.232168E-01
7.453560E-01
7.284314E-01
7.453560E-01
7.905694E-01
7.603453E-01
7.856742E-01
5.590170E-01
5.000000E-01
6.871843E-01
8.600261E-01
8.246211E-01
7.071068E-01
4.714045E-01
4.714045E-01
5.000000E-01
7.453560E-01
7.211103E-01
6.871843E-01
8.601139E-01
7.453560E-01
5.000000E-01
6.871843E-01
5.000000E-01
4.714045E-01
7.284314E-01
8.962835E-01
6.324555E-01
9.013878E-01
8.062258E-01
8.692270E-01
9.266664E-01
8.232168E-01
8.374896E-01
7.211103E-01
6.871843E-01
8.768631E-01
8.374896E-01
5.000000E-01
8.232168E-01
7.071068E-01
1.000000E+00
5.590170E-01
7.211103E-01
5.590170E-01
7.453560E-01
9.432899E-01
4.714045E-01
7.856742E-01
5.590170E-01
4.714045E-01
4.714045E-01
8.843116E-01
6.324555E-01
7.453560E-01
7.603453E-01
4.714045E-01
7.284314E-01
4.714045E-01
7.905694E-01
7.453560E-01
5.590170E-01
1.000000E+00
1.000000E+00
1.000000E+00
1.000000E+00
1.000000E+00
1.000000E+00
1.000000E+00
1.000000E+00
1.000000E+00
1.000000E+00
1.000000E+00
1.000000E+00
1.000000E+00
1.000000E+00
1.000000E+00
1.000000E+00
1.000000E+00
1.000000E+00
1.000000E+00
1.000000E+00
1.000000E+00
1.000000E+00
1.000000E+00
1.000000E+00
1.000000E+00
1.000000E+00
1.000000E+00
1.000000E+00
1.000000E+00
1.000000E+00
1.000000E+00
1.000000E+00
1.000000E+00
1.000000E+00
1.000000E+00
1.000000E+00
1.000000E+00
1.000000E+00
1.000000E+00
1.000000E+00
1.000000E+00
1.000000E+00
1.000000E+00
1.000000E+00
1.000000E+00
1.000000E+00
1.000000E+00
0.000000E+00
1.000000E+00
1.000000E+00
1.000000E+00
1.000000E+00
1.000000E+00
1.000000E+00
1.000000E+00
1.000000E+00
1.000000E+00
1.000000E+00
1.000000E+00
1.000000E+00
1.000000E+00
1.000000E+00
1.000000E+00
1.000000E+00
1.000000E+00
1.000000E+00
1.000000E+00
1.000000E+00
7.211103E-01
7.905694E-01
7.453560E-01
8.689661E-01
7.091957E-01
6.731456E-01
7.288690E-01
6.478835E-01
7.071068E-01
8.333333E-01
6.428243E-01
7.091957E-01
7.142857E-01
7.453560E-01
8.689661E-01
7.100227E-01
6.987712E-01
6.617173E-01
7.284314E-01
7.905694E-01
7.905694E-01
8.689661E-01
6.478835E-01
6.731456E-01
7.100227E-01
7.535695E-01
6.478835E-01
8.689661E-01
7.100227E-01
8.689661E-01
7.905694E-01
7.071068E-01
7.905694E-01
7.211103E-01
7.969944E-01
7.211103E-01
7.615773E-01
8.338540E-01
7.288690E-01
7.370567E-01
7.453560E-01
6.403124E-01
7.222222E-01
7.370567E-01
7.211103E-01
7.288690E-01
7.284314E-01
1.000000E+00
7.453560E-01
6.731456E-01
7.453560E-01
8.333333E-01
8.631338E-01
7.905694E-01
7.142857E-01
7.453560E-01
7.905694E-01
7.905694E-01
7.529233E-01
7.211103E-01
8.689661E-01
7.091957E-01
7.905694E-01
7.071068E-01
7.905694E-01
7.071068E-01
8.333333E-01
7.453560E-01
7.500000E-01
5.000000E-01
9.166667E-01
0.000000E+00
8.838835E-01
7.905694E-01
9.000000E-01
8.246211E-01
8.333333E-01
7.071068E-01
8.689661E-01
8.571429E-01
8.750000E-01
6.666667E-01
0.000000E+00
8.000000E-01
9.204468E-01
8.958064E-01
7.453560E-01
5.000000E-01
5.000000E-01
0.000000E+00
8.246211E-01
7.905694E-01
8.000000E-01
9.230769E-01
8.246211E-01
0.000000E+00
8.000000E-01
0.000000E+00
5.000000E-01
8.333333E-01
9.444444E-01
7.500000E-01
9.473684E-01
8.888889E-01
9.285714E-01
9.615385E-01
9.000000E-01
9.090909E-01
7.905694E-01
8.498366E-01
9.313146E-01
9.090909E-01
7.500000E-01
9.000000E-01
7.453560E-01
1.000000E+00
6.666667E-01
7.905694E-01
6.666667E-01
7.071068E-01
9.705882E-01
5.000000E-01
8.750000E-01
6.666667E-01
5.000000E-01
5.000000E-01
9.375000E-01
7.500000E-01
7.071068E-01
8.571429E-01
5.000000E-01
8.333333E-01
5.000000E-01
8.689661E-01
7.071068E-01
6.666667E-01
1.000000E+00
1.000000E+00
1.000000E+00
1.000000E+00
1.000000E+00
1.000000E+00
1.000000E+00
1.000000E+00
1.000000E+00
1.000000E+00
1.000000E+00
1.000000E+00
1.000000E+00
1.000000E+00
1.000000E+00
1.000000E+00
1.000000E+00
1.000000E+00
1.000000E+00
1.000000E+00
1.000000E+00
1.000000E+00
1.000000E+00
1.000000E+00
1.000000E+00
1.000000E+00
1.000000E+00
1.000000E+00
1.000000E+00
1.000000E+00
1.000000E+00
1.000000E+00
1.000000E+00
1.000000E+00
1.000000E+00
1.000000E+00
1.000000E+00
1.000000E+00
1.000000E+00
1.000000E+00
1.000000E+00
1.000000E+00
1.000000E+00
1.000000E+00
1.000000E+00
1.000000E+00
1.000000E+00
0.000000E+00
1.000000E+00
1.000000E+00
1.000000E+00
1.000000E+00
1.000000E+00
1.000000E+00
1.000000E+00
1.000000E+00
1.000000E+00
1.000000E+00
1.000000E+00
1.000000E+00
1.000000E+00
1.000000E+00
1.000000E+00
1.000000E+00
1.000000E+00
1.000000E+00
1.000000E+00
1.000000E+00
8.000865E-01
8.768631E-01
7.076722E-01
9.313146E-01
7.382412E-01
8.338540E-01
7.130965E-01
8.000865E-01
7.535695E-01
9.313146E-01
7.535695E-01
7.382412E-01
7.268732E-01
8.338540E-01
9.313146E-01
7.737993E-01
7.095578E-01
7.268732E-01
8.768631E-01
8.768631E-01
8.768631E-01
9.313146E-01
8.000865E-01
8.338540E-01
7.737993E-01
7.071068E-01
8.000865E-01
9.313146E-01
7.737993E-01
9.313146E-01
8.768631E-01
7.535695E-01
7.162453E-01
8.000865E-01
6.978486E-01
7.186995E-01
7.075916E-01
7.453560E-01
7.130965E-01
7.095578E-01
8.338540E-01
7.737993E-01
7.071068E-01
6.791521E-01
8.000865E-01
7.130965E-01
8.768631E-01
1.000000E+00
8.338540E-01
8.338540E-01
8.338540E-01
9.313146E-01
7.744798E-01
8.768631E-01
7.268732E-01
8.338540E-01
8.768631E-01
8.768631E-01
7.108803E-01
8.000865E-01
9.313146E-01
7.382412E-01
8.768631E-01
7.535695E-01
8.768631E-01
7.535695E-01
9.313146E-01
8.338540E-01
