1.000000E+00
1.000000E+00
1.000000E+00
1.000000E+00
1.000000E+00
1.000000E+00
1.000000E+00
1.000000E+00
1.000000E+00
1.000000E+00
1.000000E+00
1.000000E+00
1.000000E+00
1.000000E+00
1.000000E+00
1.000000E+00
1.000000E+00
1.000000E+00
1.000000E+00
1.000000E+00
9.000079E-01
1.000000E+00
1.000000E+00
1.000000E+00
1.000000E+00
1.000000E+00
1.000000E+00
1.000000E+00
1.000000E+00
1.000000E+00
1.000000E+00
1.000000E+00
1.000000E+00
8.880903E-01
1.000000E+00
1.000000E+00
1.000000E+00
1.000000E+00
1.000000E+00
1.000000E+00
1.000000E+00
1.000000E+00
1.000000E+00
1.000000E+00
1.000000E+00
1.000000E+00
1.000000E+00
6.643807E-01
1.000000E+00
1.000000E+00
1.000000E+00
0.000000E+00
1.000000E+00
1.000000E+00
8.751082E-01
1.000000E+00
8.561105E-01
1.000000E+00
1.000000E+00
8.320709E-01
1.000000E+00
1.000000E+00
8.742297E-01
8.881154E-01
1.000000E+00
1.000000E+00
1.000000E+00
1.000000E+00
1.000000E+00
1.000000E+00
1.000000E+00
8.998219E-01
7.975249E-01
1.000000E+00
1.000000E+00
1.000000E+00
1.000000E+00
1.000000E+00
1.000000E+00
1.000000E+00
1.000000E+00
1.000000E+00
1.000000E+00
1.000000E+00
1.000000E+00
1.000000E+00
8.746917E-01
1.000000E+00
1.000000E+00
8.737129E-01
1.000000E+00
1.000000E+00
1.000000E+00
1.000000E+00
1.000000E+00
1.000000E+00
1.000000E+00
1.000000E+00
1.000000E+00
1.000000E+00
1.000000E+00
1.000000E+00
1.000000E+00
0.000000E+00
7.247892E-01
1.000000E+00
9.077107E-01
1.000000E+00
8.736446E-01
7.589550E-01
1.000000E+00
8.465862E-01
9.234440E-01
1.000000E+00
1.000000E+00
8.149845E-01
9.159881E-01
9.081687E-01
1.000000E+00
9.425460E-01
9.080103E-01
8.458617E-01
8.082590E-01
1.000000E+00
9.084031E-01
9.083097E-01
8.688889E-01
9.163377E-01
1.000000E+00
8.848681E-01
8.734553E-01
8.686081E-01
1.000000E+00
8.846839E-01
1.000000E+00
9.077420E-01
7.685914E-01
8.980223E-01
9.087088E-01
9.294392E-01
8.973195E-01
8.467230E-01
1.000000E+00
8.971713E-01
8.470115E-01
8.150431E-01
9.385531E-01
9.162915E-01
1.000000E+00
7.222549E-01
1.000000E+00
8.859781E-01
8.693478E-01
1.000000E+00
7.247892E-01
0.000000E+00
1.000000E+00
9.158511E-01
1.000000E+00
8.873184E-01
7.849365E-01
1.000000E+00
8.678390E-01
9.291310E-01
1.000000E+00
1.000000E+00
8.450373E-01
9.227876E-01
8.139297E-01
1.000000E+00
9.458096E-01
9.161003E-01
8.673017E-01
8.250695E-01
1.000000E+00
9.164271E-01
9.163494E-01
8.847306E-01
9.230830E-01
1.000000E+00
8.972662E-01
8.871679E-01
8.845136E-01
1.000000E+00
8.971196E-01
1.000000E+00
9.158772E-01
8.137654E-01
9.078704E-01
9.166818E-01
9.342986E-01
9.072971E-01
8.679405E-01
1.000000E+00
9.071764E-01
8.681548E-01
8.450783E-01
9.422713E-01
8.225757E-01
1.000000E+00
8.977284E-01
1.000000E+00
8.981509E-01
8.850855E-01
8.751082E-01
1.000000E+00
1.000000E+00
0.000000E+00
1.000000E+00
7.845465E-01
9.063823E-01
1.000000E+00
7.577889E-01
1.000000E+00
1.000000E+00
9.146892E-01
1.000000E+00
1.000000E+00
9.223905E-01
9.278699E-01
1.000000E+00
1.000000E+00
9.162162E-01
8.734786E-01
9.212647E-01
8.825336E-01
9.165161E-01
1.000000E+00
1.000000E+00
1.000000E+00
8.433216E-01
1.000000E+00
9.062713E-01
8.849154E-01
9.216288E-01
1.000000E+00
9.372011E-01
1.000000E+00
1.000000E+00
9.088974E-01
1.000000E+00
1.000000E+00
9.083812E-01
1.000000E+00
9.215843E-01
1.000000E+00
1.000000E+00
1.000000E+00
1.000000E+00
9.226287E-01
9.220100E-01
1.000000E+00
1.000000E+00
1.000000E+00
1.000000E+00
1.000000E+00
9.077107E-01
9.158511E-01
1.000000E+00
0.000000E+00
1.000000E+00
1.000000E+00
9.228446E-01
1.000000E+00
7.587219E-01
9.384808E-01
9.179252E-01
9.229043E-01
8.836902E-01
9.337566E-01
1.000000E+00
1.000000E+00
8.938093E-01
9.288942E-01
7.582745E-01
9.341757E-01
1.000000E+00
8.401917E-01
9.290732E-01
7.861950E-01
9.339742E-01
1.000000E+00
9.158140E-01
1.000000E+00
9.074382E-01
1.000000E+00
9.157156E-01
1.000000E+00
8.392263E-01
8.669174E-01
9.230701E-01
9.293123E-01
8.736127E-01
9.226707E-01
8.970866E-01
9.241029E-01
9.225867E-01
8.972168E-01
8.837133E-01
9.486309E-01
9.339454E-01
1.000000E+00
9.161246E-01
1.000000E+00
6.696463E-01
9.078059E-01
8.561105E-01
1.000000E+00
1.000000E+00
7.845465E-01
1.000000E+00
0.000000E+00
8.953702E-01
1.000000E+00
7.209664E-01
1.000000E+00
1.000000E+00
9.056390E-01
1.000000E+00
1.000000E+00
9.152949E-01
8.250620E-01
1.000000E+00
1.000000E+00
1.000000E+00
1.000000E+00
1.000000E+00
8.646606E-01
1.000000E+00
1.000000E+00
1.000000E+00
1.000000E+00
8.098230E-01
1.000000E+00
8.952314E-01
1.000000E+00
9.140565E-01
1.000000E+00
9.324306E-01
1.000000E+00
1.000000E+00
8.991883E-01
1.000000E+00
1.000000E+00
7.765122E-01
1.000000E+00
9.140030E-01
1.000000E+00
1.000000E+00
1.000000E+00
1.000000E+00
1.000000E+00
9.145147E-01
1.000000E+00
1.000000E+00
1.000000E+00
1.000000E+00
1.000000E+00
8.736446E-01
8.873184E-01
9.063823E-01
1.000000E+00
8.953702E-01
0.000000E+00
8.985951E-01
8.823458E-01
1.000000E+00
1.000000E+00
9.060026E-01
1.000000E+00
1.000000E+00
1.000000E+00
8.232882E-01
1.000000E+00
1.000000E+00
1.000000E+00
1.000000E+00
9.160059E-01
8.654072E-01
1.000000E+00
1.000000E+00
1.000000E+00
1.000000E+00
8.112939E-01
1.000000E+00
7.569978E-01
1.000000E+00
9.143582E-01
8.892917E-01
9.326172E-01
1.000000E+00
1.000000E+00
1.000000E+00
1.000000E+00
1.000000E+00
1.000000E+00
1.000000E+00
9.143051E-01
1.000000E+00
1.000000E+00
1.000000E+00
1.000000E+00
1.000000E+00
9.148132E-01
1.000000E+00
1.000000E+00
1.000000E+00
1.000000E+00
1.000000E+00
7.589550E-01
7.849365E-01
1.000000E+00
9.228446E-01
1.000000E+00
8.985951E-01
0.000000E+00
1.000000E+00
8.843086E-01
8.523993E-01
1.000000E+00
1.000000E+00
8.672035E-01
9.287163E-01
9.220990E-01
1.000000E+00
9.487983E-01
9.230541E-01
8.838970E-01
8.395271E-01
1.000000E+00
9.233291E-01
9.232637E-01
8.974620E-01
9.289681E-01
1.000000E+00
9.075021E-01
8.984732E-01
8.972904E-01
9.188068E-01
9.073832E-01
9.350355E-01
8.279897E-01
8.448824E-01
9.161878E-01
9.235435E-01
9.386410E-01
9.157136E-01
8.843864E-01
1.000000E+00
9.156138E-01
8.845506E-01
8.672336E-01
8.818732E-01
9.289348E-01
9.192046E-01
9.078768E-01
1.000000E+00
9.082199E-01
8.977429E-01
8.320709E-01
1.000000E+00
1.000000E+00
7.577889E-01
1.000000E+00
7.209664E-01
8.823458E-01
1.000000E+00
0.000000E+00
1.000000E+00
1.000000E+00
8.951736E-01
1.000000E+00
1.000000E+00
1.000000E+00
9.143952E-01
1.000000E+00
1.000000E+00
1.000000E+00
1.000000E+00
1.000000E+00
8.420422E-01
1.000000E+00
1.000000E+00
1.000000E+00
1.000000E+00
7.619181E-01
1.000000E+00
8.821703E-01
1.000000E+00
9.054600E-01
1.000000E+00
8.390005E-01
1.000000E+00
1.000000E+00
8.879501E-01
1.000000E+00
1.000000E+00
8.871682E-01
1.000000E+00
9.053952E-01
1.000000E+00
1.000000E+00
1.000000E+00
1.000000E+00
1.000000E+00
9.060141E-01
1.000000E+00
1.000000E+00
1.000000E+00
8.514211E-01
1.000000E+00
8.465862E-01
8.678390E-01
1.000000E+00
7.587219E-01
1.000000E+00
1.000000E+00
8.843086E-01
1.000000E+00
0.000000E+00
9.162334E-01
1.000000E+00
1.000000E+00
7.663853E-01
9.072243E-01
1.000000E+00
1.000000E+00
9.385781E-01
8.973978E-01
8.135469E-01
9.080441E-01
1.000000E+00
7.609905E-01
8.977701E-01
6.159159E-01
9.076504E-01
1.000000E+00
8.677474E-01
1.000000E+00
8.458318E-01
1.000000E+00
8.675043E-01
1.000000E+00
7.588247E-01
6.872028E-01
8.848148E-01
8.982661E-01
9.233585E-01
8.839173E-01
8.148057E-01
1.000000E+00
8.837278E-01
8.152268E-01
7.664787E-01
9.339925E-01
9.075941E-01
1.000000E+00
8.685122E-01
1.000000E+00
8.692099E-01
8.468491E-01
1.000000E+00
9.234440E-01
9.291310E-01
1.000000E+00
9.384808E-01
1.000000E+00
1.000000E+00
8.523993E-01
1.000000E+00
9.162334E-01
0.000000E+00
1.000000E+00
1.000000E+00
9.076175E-01
9.422722E-01
1.000000E+00
1.000000E+00
9.561881E-01
9.386141E-01
9.160178E-01
9.425907E-01
1.000000E+00
9.387893E-01
9.387476E-01
9.233524E-01
9.424375E-01
1.000000E+00
9.291046E-01
1.000000E+00
9.232565E-01
1.000000E+00
8.424213E-01
1.000000E+00
9.384947E-01
8.973408E-01
9.343215E-01
9.389260E-01
9.489582E-01
9.340306E-01
9.162741E-01
1.000000E+00
9.339695E-01
8.049135E-01
9.076321E-01
9.539039E-01
9.424156E-01
1.000000E+00
9.293250E-01
1.000000E+00
9.295271E-01
9.235095E-01
8.742297E-01
1.000000E+00
1.000000E+00
9.146892E-01
9.179252E-01
9.056390E-01
9.060026E-01
1.000000E+00
8.951736E-01
1.000000E+00
1.000000E+00
0.000000E+00
1.000000E+00
1.000000E+00
1.000000E+00
9.276447E-01
1.000000E+00
1.000000E+00
1.000000E+00
1.000000E+00
9.226778E-01
7.210819E-01
1.000000E+00
1.000000E+00
1.000000E+00
1.000000E+00
8.422550E-01
1.000000E+00
9.058906E-01
1.000000E+00
9.213629E-01
1.000000E+00
9.370304E-01
1.000000E+00
1.000000E+00
1.000000E+00
1.000000E+00
8.587090E-01
1.000000E+00
1.000000E+00
8.252535E-01
1.000000E+00
1.000000E+00
1.000000E+00
1.000000E+00
1.000000E+00
9.217467E-01
1.000000E+00
1.000000E+00
1.000000E+00
1.000000E+00
8.881154E-01
1.000000E+00
1.000000E+00
1.000000E+00
9.229043E-01
1.000000E+00
1.000000E+00
1.000000E+00
1.000000E+00
1.000000E+00
1.000000E+00
1.000000E+00
0.000000E+00
1.000000E+00
1.000000E+00
1.000000E+00
1.000000E+00
7.511241E-01
1.000000E+00
8.881679E-01
1.000000E+00
1.000000E+00
1.000000E+00
1.000000E+00
1.000000E+00
9.291532E-01
1.000000E+00
1.000000E+00
1.000000E+00
1.000000E+00
9.242227E-01
1.000000E+00
1.000000E+00
1.000000E+00
1.000000E+00
1.000000E+00
1.000000E+00
1.000000E+00
9.162355E-01
1.000000E+00
1.000000E+00
1.000000E+00
1.000000E+00
1.000000E+00
9.448987E-01
1.000000E+00
1.000000E+00
1.000000E+00
1.000000E+00
1.000000E+00
1.000000E+00
1.000000E+00
8.149845E-01
8.450373E-01
1.000000E+00
8.836902E-01
1.000000E+00
1.000000E+00
8.672035E-01
1.000000E+00
7.663853E-01
9.076175E-01
1.000000E+00
1.000000E+00
0.000000E+00
8.965373E-01
1.000000E+00
1.000000E+00
9.340694E-01
8.841656E-01
7.647010E-01
8.975558E-01
1.000000E+00
8.847877E-01
8.846399E-01
8.144490E-01
8.970669E-01
1.000000E+00
8.449113E-01
1.000000E+00
8.138861E-01
1.000000E+00
8.445769E-01
1.000000E+00
8.837399E-01
5.200599E-01
8.678700E-01
8.852711E-01
9.162086E-01
8.666876E-01
7.667023E-01
1.000000E+00
8.664377E-01
7.673701E-01
6.844329E-01
9.287568E-01
8.969970E-01
1.000000E+00
8.459620E-01
1.000000E+00
8.469187E-01
8.153668E-01
1.000000E+00
9.159881E-01
9.227876E-01
9.223905E-01
9.337566E-01
9.152949E-01
1.000000E+00
9.287163E-01
1.000000E+00
9.072243E-01
9.422722E-01
1.000000E+00
1.000000E+00
8.965373E-01
0.000000E+00
8.555247E-01
1.000000E+00
9.538439E-01
7.553499E-01
7.839568E-01
9.384976E-01
1.000000E+00
8.518752E-01
9.340658E-01
9.158779E-01
9.383218E-01
1.000000E+00
9.227564E-01
1.000000E+00
9.157624E-01
1.000000E+00
9.226735E-01
1.000000E+00
8.502552E-01
8.834733E-01
9.289088E-01
8.525488E-01
8.799008E-01
9.285679E-01
9.072743E-01
1.000000E+00
8.409300E-01
9.073800E-01
8.965556E-01
8.944158E-01
8.619546E-01
9.281941E-01
9.230179E-01
1.000000E+00
9.232576E-01
9.160670E-01
1.000000E+00
9.081687E-01
8.139297E-01
9.278699E-01
1.000000E+00
8.250620E-01
8.232882E-01
9.220990E-01
9.143952E-01
1.000000E+00
1.000000E+00
9.276447E-01
1.000000E+00
1.000000E+00
8.555247E-01
0.000000E+00
1.000000E+00
9.491606E-01
1.000000E+00
1.000000E+00
9.328000E-01
9.057663E-01
1.000000E+00
1.000000E+00
1.000000E+00
1.000000E+00
8.820942E-01
1.000000E+00
8.230970E-01
1.000000E+00
9.326991E-01
1.000000E+00
9.445144E-01
9.272491E-01
1.000000E+00
1.000000E+00
1.000000E+00
1.000000E+00
9.238048E-01
1.000000E+00
8.491306E-01
1.000000E+00
1.000000E+00
1.000000E+00
1.000000E+00
9.314355E-01
9.329804E-01
1.000000E+00
1.000000E+00
1.000000E+00
1.000000E+00
1.000000E+00
1.000000E+00
1.000000E+00
1.000000E+00
1.000000E+00
1.000000E+00
1.000000E+00
1.000000E+00
1.000000E+00
1.000000E+00
1.000000E+00
1.000000E+00
1.000000E+00
1.000000E+00
1.000000E+00
1.000000E+00
   NaN
1.000000E+00
1.000000E+00
1.000000E+00
1.000000E+00
1.000000E+00
1.000000E+00
1.000000E+00
1.000000E+00
1.000000E+00
1.000000E+00
1.000000E+00
1.000000E+00
1.000000E+00
1.000000E+00
1.000000E+00
1.000000E+00
1.000000E+00
1.000000E+00
1.000000E+00
1.000000E+00
1.000000E+00
1.000000E+00
1.000000E+00
1.000000E+00
1.000000E+00
1.000000E+00
1.000000E+00
1.000000E+00
1.000000E+00
1.000000E+00
1.000000E+00
   NaN
1.000000E+00
1.000000E+00
1.000000E+00
9.425460E-01
9.458096E-01
1.000000E+00
8.938093E-01
1.000000E+00
1.000000E+00
9.487983E-01
1.000000E+00
9.385781E-01
9.561881E-01
1.000000E+00
7.511241E-01
9.340694E-01
9.538439E-01
9.491606E-01
1.000000E+00
0.000000E+00
9.515347E-01
9.384623E-01
9.540477E-01
1.000000E+00
9.516439E-01
9.516179E-01
9.424945E-01
8.996610E-01
1.000000E+00
9.457942E-01
1.000000E+00
9.424405E-01
9.482700E-01
9.457534E-01
1.000000E+00
9.514603E-01
9.289968E-01
9.488977E-01
9.517292E-01
9.582196E-01
9.487218E-01
9.386000E-01
9.463488E-01
9.486849E-01
9.386464E-01
9.340769E-01
9.170292E-01
9.539356E-01
1.000000E+00
9.459231E-01
1.000000E+00
9.460415E-01
9.425829E-01
1.000000E+00
9.080103E-01
9.161003E-01
9.162162E-01
9.288942E-01
1.000000E+00
1.000000E+00
9.230541E-01
1.000000E+00
8.973978E-01
9.386141E-01
1.000000E+00
1.000000E+00
8.841656E-01
7.553499E-01
1.000000E+00
1.000000E+00
9.515347E-01
0.000000E+00
7.581101E-01
9.343282E-01
1.000000E+00
8.401655E-01
9.292503E-01
9.078781E-01
9.341277E-01
1.000000E+00
9.160634E-01
1.000000E+00
9.077396E-01
1.000000E+00
9.159655E-01
9.372758E-01
9.289128E-01
8.675396E-01
9.232784E-01
8.409280E-01
8.723025E-01
9.228812E-01
8.974590E-01
1.000000E+00
9.227977E-01
8.975882E-01
8.841886E-01
9.487239E-01
8.518387E-01
9.229215E-01
9.163721E-01
1.000000E+00
9.166549E-01
9.081049E-01
1.000000E+00
8.458617E-01
8.673017E-01
8.734786E-01
7.582745E-01
1.000000E+00
1.000000E+00
8.838970E-01
1.000000E+00
8.135469E-01
9.160178E-01
1.000000E+00
8.881679E-01
7.647010E-01
7.839568E-01
1.000000E+00
1.000000E+00
9.384623E-01
7.581101E-01
0.000000E+00
9.077843E-01
1.000000E+00
7.594098E-01
8.974489E-01
8.454901E-01
9.073883E-01
1.000000E+00
8.672093E-01
1.000000E+00
8.451000E-01
1.000000E+00
8.669642E-01
1.000000E+00
8.967382E-01
6.841758E-01
8.844068E-01
8.979480E-01
9.231781E-01
8.835029E-01
8.137488E-01
1.000000E+00
8.833121E-01
8.141747E-01
7.647958E-01
9.338588E-01
7.849172E-01
1.000000E+00
8.679803E-01
1.000000E+00
8.686837E-01
8.461271E-01
8.998219E-01
8.082590E-01
8.250695E-01
9.212647E-01
9.341757E-01
1.000000E+00
9.160059E-01
8.395271E-01
1.000000E+00
9.080441E-01
9.425907E-01
9.226778E-01
1.000000E+00
8.975558E-01
9.384976E-01
9.328000E-01
1.000000E+00
9.540477E-01
9.343282E-01
9.077843E-01
0.000000E+00
8.992014E-01
9.345286E-01
9.344809E-01
9.165525E-01
9.386852E-01
1.000000E+00
9.233255E-01
9.159223E-01
9.164388E-01
1.000000E+00
9.232439E-01
1.000000E+00
8.518969E-01
8.847637E-01
9.293911E-01
9.346850E-01
9.460295E-01
9.290549E-01
9.080933E-01
1.000000E+00
9.289842E-01
9.081971E-01
8.975738E-01
9.515285E-01
9.386604E-01
1.000000E+00
8.258550E-01
1.000000E+00
9.238194E-01
9.167386E-01
7.975249E-01
1.000000E+00
1.000000E+00
8.825336E-01
1.000000E+00
8.646606E-01
8.654072E-01
1.000000E+00
8.420422E-01
1.000000E+00
1.000000E+00
7.210819E-01
1.000000E+00
1.000000E+00
1.000000E+00
9.057663E-01
1.000000E+00
1.000000E+00
1.000000E+00
1.000000E+00
8.992014E-01
0.000000E+00
1.000000E+00
1.000000E+00
1.000000E+00
1.000000E+00
6.805694E-01
1.000000E+00
8.651775E-01
1.000000E+00
8.948239E-01
1.000000E+00
9.210853E-01
1.000000E+00
1.000000E+00
1.000000E+00
1.000000E+00
1.000000E+00
1.000000E+00
1.000000E+00
8.947438E-01
8.722673E-01
1.000000E+00
1.000000E+00
9.278136E-01
1.000000E+00
8.955093E-01
1.000000E+00
1.000000E+00
1.000000E+00
1.000000E+00
1.000000E+00
9.084031E-01
9.164271E-01
9.165161E-01
8.401917E-01
1.000000E+00
1.000000E+00
9.233291E-01
1.000000E+00
7.609905E-01
9.387893E-01
1.000000E+00
1.000000E+00
8.847877E-01
8.518752E-01
1.000000E+00
1.000000E+00
9.516439E-01
8.401655E-01
7.594098E-01
9.345286E-01
1.000000E+00
0.000000E+00
9.294829E-01
7.879782E-01
9.343293E-01
1.000000E+00
9.163905E-01
1.000000E+00
9.081347E-01
1.000000E+00
9.162934E-01
1.000000E+00
8.402367E-01
8.683524E-01
9.235518E-01
9.297192E-01
9.426831E-01
9.231574E-01
8.979468E-01
1.000000E+00
9.230745E-01
8.980748E-01
8.848104E-01
9.488462E-01
8.523273E-01
1.000000E+00
9.166969E-01
1.000000E+00
9.169774E-01
9.084969E-01
1.000000E+00
9.083097E-01
9.163494E-01
1.000000E+00
9.290732E-01
1.000000E+00
1.000000E+00
9.232637E-01
1.000000E+00
8.977701E-01
9.387476E-01
1.000000E+00
1.000000E+00
8.846399E-01
9.340658E-01
1.000000E+00
1.000000E+00
9.516179E-01
9.292503E-01
8.974489E-01
9.344809E-01
1.000000E+00
9.294829E-01
0.000000E+00
7.844177E-01
9.342813E-01
1.000000E+00
8.088692E-01
1.000000E+00
9.080407E-01
1.000000E+00
9.162154E-01
1.000000E+00
8.398065E-01
8.681594E-01
9.234867E-01
9.296642E-01
8.729751E-01
9.230917E-01
8.978309E-01
1.000000E+00
9.230086E-01
8.979591E-01
8.846627E-01
9.488171E-01
9.342528E-01
1.000000E+00
9.166196E-01
1.000000E+00
9.169007E-01
7.850065E-01
1.000000E+00
8.688889E-01
8.847306E-01
1.000000E+00
7.861950E-01
1.000000E+00
1.000000E+00
8.974620E-01
1.000000E+00
6.159159E-01
9.233524E-01
1.000000E+00
1.000000E+00
8.144490E-01
9.158779E-01
1.000000E+00
1.000000E+00
9.424945E-01
9.078781E-01
8.454901E-01
9.165525E-01
1.000000E+00
7.879782E-01
7.844177E-01
0.000000E+00
9.162284E-01
1.000000E+00
8.846609E-01
1.000000E+00
8.683382E-01
1.000000E+00
8.844761E-01
1.000000E+00
7.862756E-01
7.677529E-01
8.978598E-01
9.085786E-01
8.378306E-01
8.971547E-01
8.463556E-01
1.000000E+00
8.970061E-01
8.466455E-01
8.145079E-01
9.384941E-01
9.161820E-01
1.000000E+00
8.852431E-01
1.000000E+00
8.857749E-01
6.770356E-01
1.000000E+00
9.163377E-01
9.230830E-01
1.000000E+00
9.339742E-01
1.000000E+00
1.000000E+00
9.289681E-01
1.000000E+00
9.076504E-01
9.424375E-01
1.000000E+00
9.291532E-01
8.970669E-01
9.383218E-01
1.000000E+00
1.000000E+00
8.996610E-01
9.341277E-01
9.073883E-01
9.386852E-01
1.000000E+00
9.343293E-01
9.342813E-01
9.162284E-01
0.000000E+00
1.000000E+00
9.230520E-01
1.000000E+00
9.161138E-01
1.000000E+00
9.229698E-01
8.759791E-01
9.339902E-01
8.841447E-01
9.291592E-01
9.344866E-01
9.458941E-01
9.288208E-01
9.077000E-01
1.000000E+00
9.287496E-01
9.078047E-01
8.970851E-01
8.295810E-01
9.384855E-01
1.000000E+00
9.233115E-01
1.000000E+00
9.235494E-01
9.164160E-01
1.000000E+00
1.000000E+00
1.000000E+00
8.433216E-01
1.000000E+00
8.098230E-01
8.112939E-01
1.000000E+00
7.619181E-01
1.000000E+00
1.000000E+00
8.422550E-01
1.000000E+00
1.000000E+00
1.000000E+00
8.820942E-01
1.000000E+00
1.000000E+00
1.000000E+00
1.000000E+00
1.000000E+00
6.805694E-01
1.000000E+00
1.000000E+00
1.000000E+00
1.000000E+00
0.000000E+00
1.000000E+00
8.108421E-01
1.000000E+00
8.644489E-01
1.000000E+00
9.051354E-01
1.000000E+00
1.000000E+00
1.000000E+00
1.000000E+00
1.000000E+00
1.000000E+00
1.000000E+00
8.643158E-01
1.000000E+00
1.000000E+00
1.000000E+00
1.000000E+00
1.000000E+00
8.655853E-01
1.000000E+00
1.000000E+00
1.000000E+00
1.000000E+00
1.000000E+00
8.848681E-01
8.972662E-01
1.000000E+00
9.158140E-01
1.000000E+00
1.000000E+00
9.075021E-01
1.000000E+00
8.677474E-01
9.291046E-01
1.000000E+00
1.000000E+00
8.449113E-01
9.227564E-01
1.000000E+00
1.000000E+00
9.457942E-01
9.160634E-01
8.672093E-01
9.233255E-01
1.000000E+00
9.163905E-01
8.088692E-01
8.846609E-01
9.230520E-01
1.000000E+00
0.000000E+00
8.894116E-01
8.844437E-01
1.000000E+00
8.970641E-01
1.000000E+00
8.035743E-01
8.135834E-01
9.078259E-01
9.166454E-01
8.530229E-01
9.072521E-01
8.678490E-01
1.000000E+00
9.071312E-01
8.680636E-01
8.449524E-01
9.422538E-01
9.230129E-01
1.000000E+00
8.976735E-01
1.000000E+00
8.980965E-01
8.850162E-01
1.000000E+00
8.734553E-01
8.871679E-01
9.062713E-01
1.000000E+00
8.952314E-01
7.569978E-01
8.984732E-01
8.821703E-01
1.000000E+00
1.000000E+00
9.058906E-01
1.000000E+00
1.000000E+00
1.000000E+00
8.230970E-01
1.000000E+00
1.000000E+00
1.000000E+00
1.000000E+00
9.159223E-01
8.651775E-01
1.000000E+00
1.000000E+00
1.000000E+00
1.000000E+00
8.108421E-01
8.894116E-01
0.000000E+00
1.000000E+00
9.142652E-01
1.000000E+00
9.325597E-01
1.000000E+00
1.000000E+00
1.000000E+00
1.000000E+00
1.000000E+00
1.000000E+00
1.000000E+00
9.142120E-01
1.000000E+00
1.000000E+00
1.000000E+00
1.000000E+00
1.000000E+00
9.147212E-01
1.000000E+00
1.000000E+00
1.000000E+00
1.000000E+00
1.000000E+00
8.686081E-01
8.845136E-01
8.849154E-01
9.074382E-01
1.000000E+00
1.000000E+00
8.972904E-01
1.000000E+00
8.458318E-01
9.232565E-01
1.000000E+00
1.000000E+00
8.138861E-01
9.157624E-01
1.000000E+00
1.000000E+00
9.424405E-01
9.077396E-01
8.451000E-01
9.164388E-01
1.000000E+00
9.081347E-01
9.080407E-01
8.683382E-01
9.161138E-01
1.000000E+00
8.844437E-01
1.000000E+00
0.000000E+00
1.000000E+00
8.842581E-01
1.000000E+00
9.074697E-01
7.668705E-01
8.976895E-01
9.084422E-01
9.292800E-01
8.969820E-01
6.121016E-01
1.000000E+00
8.968329E-01
8.462612E-01
8.139454E-01
9.384324E-01
8.079588E-01
1.000000E+00
8.850280E-01
1.000000E+00
8.855618E-01
8.688010E-01
1.000000E+00
1.000000E+00
1.000000E+00
9.216288E-01
1.000000E+00
9.140565E-01
9.143582E-01
9.188068E-01
9.054600E-01
1.000000E+00
1.000000E+00
9.213629E-01
9.242227E-01
1.000000E+00
1.000000E+00
9.326991E-01
1.000000E+00
9.482700E-01
1.000000E+00
1.000000E+00
1.000000E+00
8.948239E-01
1.000000E+00
1.000000E+00
1.000000E+00
1.000000E+00
8.644489E-01
1.000000E+00
9.142652E-01
1.000000E+00
0.000000E+00
1.000000E+00
8.723504E-01
9.250198E-01
1.000000E+00
1.000000E+00
1.000000E+00
1.000000E+00
1.000000E+00
1.000000E+00
9.272587E-01
1.000000E+00
1.000000E+00
1.000000E+00
9.459912E-01
1.000000E+00
8.413909E-01
1.000000E+00
1.000000E+00
1.000000E+00
1.000000E+00
1.000000E+00
8.846839E-01
8.971196E-01
1.000000E+00
9.157156E-01
1.000000E+00
8.892917E-01
9.073832E-01
1.000000E+00
8.675043E-01
8.424213E-01
1.000000E+00
1.000000E+00
8.445769E-01
9.226735E-01
1.000000E+00
1.000000E+00
9.457534E-01
9.159655E-01
8.669642E-01
9.232439E-01
1.000000E+00
9.162934E-01
9.162154E-01
8.844761E-01
9.229698E-01
1.000000E+00
8.970641E-01
1.000000E+00
8.842581E-01
1.000000E+00
0.000000E+00
1.000000E+00
9.157417E-01
8.131000E-01
9.077079E-01
9.165489E-01
9.342160E-01
9.071326E-01
8.676063E-01
1.000000E+00
9.070114E-01
8.678217E-01
8.446182E-01
9.422075E-01
9.229306E-01
1.000000E+00
8.975280E-01
1.000000E+00
8.979523E-01
8.848325E-01
1.000000E+00
1.000000E+00
1.000000E+00
9.372011E-01
1.000000E+00
9.324306E-01
9.326172E-01
9.350355E-01
8.390005E-01
1.000000E+00
1.000000E+00
9.370304E-01
1.000000E+00
1.000000E+00
1.000000E+00
9.445144E-01
1.000000E+00
1.000000E+00
9.372758E-01
1.000000E+00
1.000000E+00
9.210853E-01
1.000000E+00
1.000000E+00
1.000000E+00
8.759791E-01
9.051354E-01
1.000000E+00
9.325597E-01
1.000000E+00
8.723504E-01
1.000000E+00
0.000000E+00
9.390748E-01
1.000000E+00
1.000000E+00
1.000000E+00
1.000000E+00
1.000000E+00
1.000000E+00
8.689901E-01
1.000000E+00
1.000000E+00
1.000000E+00
9.017638E-01
1.000000E+00
8.728495E-01
1.000000E+00
1.000000E+00
1.000000E+00
1.000000E+00
1.000000E+00
9.077420E-01
9.158772E-01
1.000000E+00
8.392263E-01
1.000000E+00
1.000000E+00
8.279897E-01
1.000000E+00
7.588247E-01
9.384947E-01
1.000000E+00
1.000000E+00
8.837399E-01
8.502552E-01
9.272491E-01
1.000000E+00
9.514603E-01
9.289128E-01
8.967382E-01
8.518969E-01
1.000000E+00
8.402367E-01
8.398065E-01
7.862756E-01
9.339902E-01
1.000000E+00
8.035743E-01
1.000000E+00
9.074697E-01
9.250198E-01
9.157417E-01
9.390748E-01
0.000000E+00
8.669825E-01
9.230918E-01
9.293307E-01
9.424249E-01
9.226927E-01
8.971255E-01
1.000000E+00
9.226088E-01
8.972556E-01
8.837630E-01
8.887416E-01
9.339614E-01
9.253592E-01
8.072141E-01
1.000000E+00
9.164347E-01
9.078371E-01
1.000000E+00
7.685914E-01
8.137654E-01
1.000000E+00
8.669174E-01
1.000000E+00
1.000000E+00
8.448824E-01
1.000000E+00
6.872028E-01
8.973408E-01
1.000000E+00
1.000000E+00
5.200599E-01
8.834733E-01
1.000000E+00
1.000000E+00
9.289968E-01
8.675396E-01
6.841758E-01
8.847637E-01
1.000000E+00
8.683524E-01
8.681594E-01
7.677529E-01
8.841447E-01
1.000000E+00
8.135834E-01
1.000000E+00
7.668705E-01
1.000000E+00
8.131000E-01
1.000000E+00
8.669825E-01
0.000000E+00
8.457911E-01
8.689831E-01
9.078410E-01
8.441781E-01
6.877708E-01
1.000000E+00
8.438366E-01
6.889657E-01
5.204539E-01
9.227969E-01
8.840561E-01
1.000000E+00
8.150994E-01
1.000000E+00
8.164761E-01
7.691890E-01
8.746917E-01
8.980223E-01
9.078704E-01
9.088974E-01
9.230701E-01
8.991883E-01
1.000000E+00
9.161878E-01
8.879501E-01
8.848148E-01
9.343215E-01
1.000000E+00
1.000000E+00
8.678700E-01
9.289088E-01
1.000000E+00
1.000000E+00
9.488977E-01
9.232784E-01
8.844068E-01
9.293911E-01
1.000000E+00
9.235518E-01
9.234867E-01
8.978598E-01
9.291592E-01
1.000000E+00
9.078259E-01
1.000000E+00
8.976895E-01
1.000000E+00
9.077079E-01
1.000000E+00
9.230918E-01
8.457911E-01
0.000000E+00
9.237649E-01
9.387837E-01
8.072194E-01
8.848919E-01
1.000000E+00
9.158834E-01
8.850547E-01
8.678998E-01
9.457629E-01
9.291261E-01
1.000000E+00
9.081981E-01
1.000000E+00
9.085387E-01
8.981386E-01
1.000000E+00
9.087088E-01
9.166818E-01
1.000000E+00
9.293123E-01
1.000000E+00
1.000000E+00
9.235435E-01
1.000000E+00
8.982661E-01
9.389260E-01
1.000000E+00
1.000000E+00
8.852711E-01
8.525488E-01
1.000000E+00
1.000000E+00
9.517292E-01
8.409280E-01
8.979480E-01
9.346850E-01
1.000000E+00
9.297192E-01
9.296642E-01
9.085786E-01
9.344866E-01
1.000000E+00
9.166454E-01
1.000000E+00
9.084422E-01
1.000000E+00
9.165489E-01
1.000000E+00
9.293307E-01
8.689831E-01
9.237649E-01
0.000000E+00
7.907378E-01
9.233727E-01
8.983262E-01
1.000000E+00
9.232903E-01
8.984533E-01
8.852936E-01
9.489417E-01
9.344583E-01
9.233748E-01
9.169498E-01
1.000000E+00
9.172287E-01
9.088020E-01
1.000000E+00
9.294392E-01
9.342986E-01
1.000000E+00
8.736127E-01
1.000000E+00
1.000000E+00
9.386410E-01
1.000000E+00
9.233585E-01
9.489582E-01
8.587090E-01
1.000000E+00
9.162086E-01
8.799008E-01
1.000000E+00
1.000000E+00
9.582196E-01
8.723025E-01
9.231781E-01
9.460295E-01
1.000000E+00
9.426831E-01
8.729751E-01
8.378306E-01
9.458941E-01
1.000000E+00
8.530229E-01
1.000000E+00
9.292800E-01
1.000000E+00
9.342160E-01
1.000000E+00
9.424249E-01
9.078410E-01
9.387837E-01
7.907378E-01
0.000000E+00
9.385311E-01
9.233927E-01
9.387315E-01
9.384780E-01
9.234648E-01
9.162206E-01
9.561474E-01
9.458748E-01
9.375799E-01
9.344654E-01
1.000000E+00
9.346392E-01
9.294948E-01
8.737129E-01
8.973195E-01
9.072971E-01
9.083812E-01
9.226707E-01
7.765122E-01
1.000000E+00
9.157136E-01
8.871682E-01
8.839173E-01
9.340306E-01
1.000000E+00
9.162355E-01
8.666876E-01
9.285679E-01
9.238048E-01
1.000000E+00
9.487218E-01
9.228812E-01
8.835029E-01
9.290549E-01
1.000000E+00
9.231574E-01
9.230917E-01
8.971547E-01
9.288208E-01
1.000000E+00
9.072521E-01
1.000000E+00
8.969820E-01
1.000000E+00
9.071326E-01
1.000000E+00
9.226927E-01
8.441781E-01
8.072194E-01
9.233727E-01
9.385311E-01
0.000000E+00
8.839956E-01
1.000000E+00
9.154057E-01
8.841609E-01
8.667180E-01
9.455647E-01
9.287873E-01
1.000000E+00
9.076289E-01
1.000000E+00
9.079738E-01
8.974373E-01
1.000000E+00
8.467230E-01
8.679405E-01
1.000000E+00
8.970866E-01
1.000000E+00
1.000000E+00
8.843864E-01
1.000000E+00
8.148057E-01
9.162741E-01
1.000000E+00
1.000000E+00
7.667023E-01
9.072743E-01
1.000000E+00
1.000000E+00
9.386000E-01
8.974590E-01
8.137488E-01
9.080933E-01
1.000000E+00
8.979468E-01
8.978309E-01
8.463556E-01
9.077000E-01
1.000000E+00
8.678490E-01
1.000000E+00
6.121016E-01
1.000000E+00
8.676063E-01
1.000000E+00
8.971255E-01
6.877708E-01
8.848919E-01
8.983262E-01
9.233927E-01
8.839956E-01
0.000000E+00
1.000000E+00
8.838064E-01
8.154251E-01
7.667954E-01
9.340179E-01
9.076437E-01
1.000000E+00
8.686127E-01
1.000000E+00
8.693093E-01
8.469854E-01
1.000000E+00
1.000000E+00
1.000000E+00
9.215843E-01
9.241029E-01
9.140030E-01
9.143051E-01
1.000000E+00
9.053952E-01
1.000000E+00
1.000000E+00
8.252535E-01
1.000000E+00
1.000000E+00
1.000000E+00
8.491306E-01
1.000000E+00
9.463488E-01
1.000000E+00
1.000000E+00
1.000000E+00
8.947438E-01
1.000000E+00
1.000000E+00
1.000000E+00
1.000000E+00
8.643158E-01
1.000000E+00
9.142120E-01
1.000000E+00
9.272587E-01
1.000000E+00
8.689901E-01
1.000000E+00
1.000000E+00
1.000000E+00
1.000000E+00
9.387315E-01
1.000000E+00
1.000000E+00
0.000000E+00
1.000000E+00
1.000000E+00
1.000000E+00
1.000000E+00
1.000000E+00
9.275872E-01
1.000000E+00
1.000000E+00
1.000000E+00
1.000000E+00
1.000000E+00
8.971713E-01
9.071764E-01
1.000000E+00
9.225867E-01
1.000000E+00
1.000000E+00
9.156138E-01
1.000000E+00
8.837278E-01
9.339695E-01
1.000000E+00
1.000000E+00
8.664377E-01
8.409300E-01
1.000000E+00
1.000000E+00
9.486849E-01
9.227977E-01
8.833121E-01
9.289842E-01
8.722673E-01
9.230745E-01
9.230086E-01
8.970061E-01
9.287496E-01
1.000000E+00
9.071312E-01
1.000000E+00
8.968329E-01
1.000000E+00
9.070114E-01
1.000000E+00
9.226088E-01
8.438366E-01
9.158834E-01
9.232903E-01
9.384780E-01
9.154057E-01
8.838064E-01
1.000000E+00
0.000000E+00
8.839723E-01
8.664682E-01
7.204375E-01
9.287161E-01
1.000000E+00
9.075090E-01
1.000000E+00
9.078547E-01
8.972895E-01
1.000000E+00
8.470115E-01
8.681548E-01
1.000000E+00
8.972168E-01
1.000000E+00
1.000000E+00
8.845506E-01
1.000000E+00
8.152268E-01
8.049135E-01
1.000000E+00
1.000000E+00
7.673701E-01
9.073800E-01
1.000000E+00
1.000000E+00
9.386464E-01
8.975882E-01
8.141747E-01
9.081971E-01
1.000000E+00
8.980748E-01
8.979591E-01
8.466455E-01
9.078047E-01
1.000000E+00
8.680636E-01
1.000000E+00
8.462612E-01
1.000000E+00
8.678217E-01
1.000000E+00
8.972556E-01
6.889657E-01
8.850547E-01
8.984533E-01
9.234648E-01
8.841609E-01
8.154251E-01
1.000000E+00
8.839723E-01
0.000000E+00
7.674627E-01
9.340714E-01
9.077486E-01
1.000000E+00
8.688248E-01
1.000000E+00
8.695192E-01
8.472730E-01
1.000000E+00
8.150431E-01
8.450783E-01
1.000000E+00
8.837133E-01
1.000000E+00
1.000000E+00
8.672336E-01
1.000000E+00
7.664787E-01
9.076321E-01
1.000000E+00
1.000000E+00
6.844329E-01
8.965556E-01
1.000000E+00
1.000000E+00
9.340769E-01
8.841886E-01
7.647958E-01
8.975738E-01
1.000000E+00
8.848104E-01
8.846627E-01
8.145079E-01
8.970851E-01
1.000000E+00
8.449524E-01
1.000000E+00
8.139454E-01
1.000000E+00
8.446182E-01
1.000000E+00
8.837630E-01
5.204539E-01
8.678998E-01
8.852936E-01
9.162206E-01
8.667180E-01
7.667954E-01
1.000000E+00
8.664682E-01
7.674627E-01
0.000000E+00
9.287655E-01
8.970151E-01
1.000000E+00
8.460026E-01
1.000000E+00
8.469588E-01
8.154251E-01
1.000000E+00
9.385531E-01
9.422713E-01
1.000000E+00
9.486309E-01
1.000000E+00
1.000000E+00
8.818732E-01
1.000000E+00
9.339925E-01
9.539039E-01
1.000000E+00
9.448987E-01
9.287568E-01
8.944158E-01
1.000000E+00
1.000000E+00
9.170292E-01
9.487239E-01
9.338588E-01
9.515285E-01
9.278136E-01
9.488462E-01
9.488171E-01
9.384941E-01
8.295810E-01
1.000000E+00
9.422538E-01
1.000000E+00
9.384324E-01
9.459912E-01
9.422075E-01
9.017638E-01
8.887416E-01
9.227969E-01
9.457629E-01
9.489417E-01
9.561474E-01
9.455647E-01
9.340179E-01
1.000000E+00
7.204375E-01
9.340714E-01
9.287655E-01
0.000000E+00
9.514037E-01
9.461676E-01
9.424001E-01
1.000000E+00
9.425344E-01
9.385953E-01
1.000000E+00
9.162915E-01
8.225757E-01
9.226287E-01
9.339454E-01
1.000000E+00
1.000000E+00
9.289348E-01
1.000000E+00
9.075941E-01
9.424156E-01
1.000000E+00
1.000000E+00
8.969970E-01
8.619546E-01
9.314355E-01
1.000000E+00
9.539356E-01
8.518387E-01
7.849172E-01
9.386604E-01
1.000000E+00
8.523273E-01
9.342528E-01
9.161820E-01
9.384855E-01
1.000000E+00
9.230129E-01
1.000000E+00
8.079588E-01
1.000000E+00
9.229306E-01
1.000000E+00
9.339614E-01
8.840561E-01
9.291261E-01
9.344583E-01
9.458748E-01
9.287873E-01
9.076437E-01
1.000000E+00
9.287161E-01
9.077486E-01
8.970151E-01
9.514037E-01
0.000000E+00
1.000000E+00
9.232727E-01
1.000000E+00
9.235108E-01
9.163698E-01
1.000000E+00
1.000000E+00
1.000000E+00
9.220100E-01
1.000000E+00
9.145147E-01
9.148132E-01
9.192046E-01
9.060141E-01
1.000000E+00
1.000000E+00
9.217467E-01
1.000000E+00
1.000000E+00
9.281941E-01
9.329804E-01
1.000000E+00
1.000000E+00
9.229215E-01
1.000000E+00
1.000000E+00
8.955093E-01
1.000000E+00
1.000000E+00
1.000000E+00
1.000000E+00
8.655853E-01
1.000000E+00
9.147212E-01
1.000000E+00
8.413909E-01
1.000000E+00
8.728495E-01
9.253592E-01
1.000000E+00
1.000000E+00
9.233748E-01
9.375799E-01
1.000000E+00
1.000000E+00
9.275872E-01
1.000000E+00
1.000000E+00
1.000000E+00
9.461676E-01
1.000000E+00
0.000000E+00
1.000000E+00
1.000000E+00
1.000000E+00
1.000000E+00
1.000000E+00
7.222549E-01
8.977284E-01
1.000000E+00
9.161246E-01
1.000000E+00
1.000000E+00
9.078768E-01
1.000000E+00
8.685122E-01
9.293250E-01
1.000000E+00
1.000000E+00
8.459620E-01
9.230179E-01
1.000000E+00
1.000000E+00
9.459231E-01
9.163721E-01
8.679803E-01
8.258550E-01
1.000000E+00
9.166969E-01
9.166196E-01
8.852431E-01
9.233115E-01
1.000000E+00
8.976735E-01
1.000000E+00
8.850280E-01
1.000000E+00
8.975280E-01
1.000000E+00
8.072141E-01
8.150994E-01
9.081981E-01
9.169498E-01
9.344654E-01
9.076289E-01
8.686127E-01
1.000000E+00
9.075090E-01
8.688248E-01
8.460026E-01
9.424001E-01
9.232727E-01
1.000000E+00
0.000000E+00
1.000000E+00
8.985512E-01
8.855948E-01
1.000000E+00
1.000000E+00
1.000000E+00
1.000000E+00
1.000000E+00
1.000000E+00
1.000000E+00
1.000000E+00
1.000000E+00
1.000000E+00
1.000000E+00
1.000000E+00
1.000000E+00
1.000000E+00
1.000000E+00
1.000000E+00
   NaN
1.000000E+00
1.000000E+00
1.000000E+00
1.000000E+00
1.000000E+00
1.000000E+00
1.000000E+00
1.000000E+00
1.000000E+00
1.000000E+00
1.000000E+00
1.000000E+00
1.000000E+00
1.000000E+00
1.000000E+00
1.000000E+00
1.000000E+00
1.000000E+00
1.000000E+00
1.000000E+00
1.000000E+00
1.000000E+00
1.000000E+00
1.000000E+00
1.000000E+00
1.000000E+00
1.000000E+00
1.000000E+00
1.000000E+00
1.000000E+00
1.000000E+00
   NaN
1.000000E+00
1.000000E+00
1.000000E+00
8.859781E-01
8.981509E-01
1.000000E+00
6.696463E-01
1.000000E+00
1.000000E+00
9.082199E-01
1.000000E+00
8.692099E-01
9.295271E-01
1.000000E+00
1.000000E+00
8.469187E-01
9.232576E-01
1.000000E+00
1.000000E+00
9.460415E-01
9.166549E-01
8.686837E-01
9.238194E-01
1.000000E+00
9.169774E-01
9.169007E-01
8.857749E-01
9.235494E-01
1.000000E+00
8.980965E-01
1.000000E+00
8.855618E-01
1.000000E+00
8.979523E-01
1.000000E+00
9.164347E-01
8.164761E-01
9.085387E-01
9.172287E-01
9.346392E-01
9.079738E-01
8.693093E-01
1.000000E+00
9.078547E-01
8.695192E-01
8.469588E-01
9.425344E-01
9.235108E-01
1.000000E+00
8.985512E-01
1.000000E+00
0.000000E+00
8.861233E-01
1.000000E+00
8.693478E-01
8.850855E-01
1.000000E+00
9.078059E-01
1.000000E+00
1.000000E+00
8.977429E-01
8.514211E-01
8.468491E-01
9.235095E-01
1.000000E+00
1.000000E+00
8.153668E-01
9.160670E-01
1.000000E+00
1.000000E+00
9.425829E-01
9.081049E-01
8.461271E-01
9.167386E-01
1.000000E+00
9.084969E-01
7.850065E-01
6.770356E-01
9.164160E-01
1.000000E+00
8.850162E-01
1.000000E+00
8.688010E-01
1.000000E+00
8.848325E-01
1.000000E+00
9.078371E-01
7.691890E-01
8.981386E-01
9.088020E-01
9.294948E-01
8.974373E-01
8.469854E-01
1.000000E+00
8.972895E-01
8.472730E-01
8.154251E-01
9.385953E-01
9.163698E-01
1.000000E+00
8.855948E-01
1.000000E+00
8.861233E-01
0.000000E+00
