9.215794E-01
9.055352E-01
9.474965E-01
9.086993E-01
9.145253E-01
8.948380E-01
1.000000E+00
1.000000E+00
1.000000E+00
8.822552E-01
8.946725E-01
8.814086E-01
9.273191E-01
9.052043E-01
9.141809E-01
1.000000E+00
9.368285E-01
9.476605E-01
9.208598E-01
9.139309E-01
9.210185E-01
9.409561E-01
1.000000E+00
9.052291E-01
8.651586E-01
1.000000E+00
9.325739E-01
9.207555E-01
8.818657E-01
1.000000E+00
1.000000E+00
8.692714E-01
9.370739E-01
8.814086E-01
9.272805E-01
8.946725E-01
9.054799E-01
9.214229E-01
9.325457E-01
1.000000E+00
9.055352E-01
9.053720E-01
9.368971E-01
8.948380E-01
1.000000E+00
8.506925E-01
8.822552E-01
9.322187E-01
8.947161E-01
9.325613E-01
8.948380E-01
1.000000E+00
8.821692E-01
1.000000E+00
9.272421E-01
8.946356E-01
1.000000E+00
1.000000E+00
8.948380E-01
1.000000E+00
9.273827E-01
9.160171E-01
1.000000E+00
9.446056E-01
1.000000E+00
1.000000E+00
1.000000E+00
1.000000E+00
9.290382E-01
1.000000E+00
1.000000E+00
1.000000E+00
1.000000E+00
1.000000E+00
1.000000E+00
1.000000E+00
1.000000E+00
1.000000E+00
9.436106E-01
1.000000E+00
1.000000E+00
1.000000E+00
1.000000E+00
1.000000E+00
1.000000E+00
1.000000E+00
1.000000E+00
1.000000E+00
1.000000E+00
1.000000E+00
1.000000E+00
1.000000E+00
1.000000E+00
1.000000E+00
1.000000E+00
1.000000E+00
1.000000E+00
8.981237E-01
1.000000E+00
1.000000E+00
1.000000E+00
1.000000E+00
1.000000E+00
1.000000E+00
1.000000E+00
1.000000E+00
1.000000E+00
1.000000E+00
1.000000E+00
1.000000E+00
1.000000E+00
1.000000E+00
1.000000E+00
1.000000E+00
1.000000E+00
1.000000E+00
1.000000E+00
1.000000E+00
1.000000E+00
1.000000E+00
1.000000E+00
9.234017E-01
8.421627E-01
7.601825E-01
9.208248E-01
1.000000E+00
1.000000E+00
6.766909E-01
1.000000E+00
1.000000E+00
1.000000E+00
5.184951E-01
6.751219E-01
5.040157E-01
8.638093E-01
7.580382E-01
8.090252E-01
1.000000E+00
8.937731E-01
9.211973E-01
8.392199E-01
8.077830E-01
8.398739E-01
9.049468E-01
1.000000E+00
7.581993E-01
0.000000E+00
1.000000E+00
8.811635E-01
8.387888E-01
5.119148E-01
1.000000E+00
1.000000E+00
9.051883E-01
8.944651E-01
5.040157E-01
8.636738E-01
6.751219E-01
7.598254E-01
8.415273E-01
8.810759E-01
1.000000E+00
7.601825E-01
7.591277E-01
8.939669E-01
6.766909E-01
1.000000E+00
8.817327E-01
5.184951E-01
8.800558E-01
6.755361E-01
8.811246E-01
6.766909E-01
1.000000E+00
5.170534E-01
1.000000E+00
8.635389E-01
6.747709E-01
1.000000E+00
1.000000E+00
6.766909E-01
1.000000E+00
8.640327E-01
8.817279E-01
8.409993E-01
9.322019E-01
1.000000E+00
1.000000E+00
8.081520E-01
1.000000E+00
1.000000E+00
1.000000E+00
7.616929E-01
8.076006E-01
7.581993E-01
8.943151E-01
8.400596E-01
8.640517E-01
1.000000E+00
9.132942E-01
9.324751E-01
8.800833E-01
8.634234E-01
7.199417E-01
9.208853E-01
1.000000E+00
8.401300E-01
6.794301E-01
1.000000E+00
9.050726E-01
8.798436E-01
3.432093E-01
1.000000E+00
1.000000E+00
9.210526E-01
9.137558E-01
7.581993E-01
7.562658E-01
8.076006E-01
8.408424E-01
8.813716E-01
9.050167E-01
1.000000E+00
8.409993E-01
8.405364E-01
8.049046E-01
8.081520E-01
1.000000E+00
7.849241E-01
7.616929E-01
9.043671E-01
8.077460E-01
9.050478E-01
8.081520E-01
1.000000E+00
7.613403E-01
1.000000E+00
8.941524E-01
8.074776E-01
1.000000E+00
1.000000E+00
8.081520E-01
1.000000E+00
8.944497E-01
8.238237E-01
9.052871E-01
8.846321E-01
1.000000E+00
1.000000E+00
8.945304E-01
1.000000E+00
1.000000E+00
1.000000E+00
8.818694E-01
8.943640E-01
8.810173E-01
9.271723E-01
9.049544E-01
8.038079E-01
1.000000E+00
9.367177E-01
9.475844E-01
9.206857E-01
9.137250E-01
7.051458E-01
9.408592E-01
1.000000E+00
9.049793E-01
8.646525E-01
1.000000E+00
9.324476E-01
9.205809E-01
7.226970E-01
1.000000E+00
1.000000E+00
8.705481E-01
9.369639E-01
8.810173E-01
8.383561E-01
8.943640E-01
9.052315E-01
8.234393E-01
9.324193E-01
9.403572E-01
9.052871E-01
9.051230E-01
8.612904E-01
8.945304E-01
1.000000E+00
7.563047E-01
8.818694E-01
9.320910E-01
8.944078E-01
9.324350E-01
8.945304E-01
9.282681E-01
8.817829E-01
1.000000E+00
9.270950E-01
8.943269E-01
1.000000E+00
1.000000E+00
8.945304E-01
1.000000E+00
9.272362E-01
9.327767E-01
9.213218E-01
9.527642E-01
1.000000E+00
1.000000E+00
9.140389E-01
1.000000E+00
9.367205E-01
1.000000E+00
9.058112E-01
9.139284E-01
9.052703E-01
9.370388E-01
9.210923E-01
9.274124E-01
1.000000E+00
8.776768E-01
9.528970E-01
9.322486E-01
9.272336E-01
9.323650E-01
9.475357E-01
1.000000E+00
9.211095E-01
8.951799E-01
1.000000E+00
8.692034E-01
9.321721E-01
9.055622E-01
1.000000E+00
1.000000E+00
8.850724E-01
9.444929E-01
9.052703E-01
9.370099E-01
9.139284E-01
9.212834E-01
8.497346E-01
9.409991E-01
1.000000E+00
9.213218E-01
9.212086E-01
9.443553E-01
9.140389E-01
1.000000E+00
9.411612E-01
9.058112E-01
9.407490E-01
8.043061E-01
9.410111E-01
9.140389E-01
9.364764E-01
9.057562E-01
1.000000E+00
9.369811E-01
9.139038E-01
1.000000E+00
1.000000E+00
9.140389E-01
1.000000E+00
8.614691E-01
9.324695E-01
9.209006E-01
7.679592E-01
9.217282E-01
9.299175E-01
9.135359E-01
1.000000E+00
9.374083E-01
1.000000E+00
9.052070E-01
9.134241E-01
9.046591E-01
9.367694E-01
9.206687E-01
8.398638E-01
1.000000E+00
8.795513E-01
8.376141E-01
8.513904E-01
9.268735E-01
9.320540E-01
8.869717E-01
1.000000E+00
9.206860E-01
8.944311E-01
9.300472E-01
9.407843E-01
8.512093E-01
9.049548E-01
1.000000E+00
1.000000E+00
9.474229E-01
9.442836E-01
9.046591E-01
9.367402E-01
9.134241E-01
9.208618E-01
8.523690E-01
9.407625E-01
9.486783E-01
9.209006E-01
9.207862E-01
8.796741E-01
9.135359E-01
1.000000E+00
9.409259E-01
9.052070E-01
8.713332E-01
9.134536E-01
9.407746E-01
9.135359E-01
9.387704E-01
9.051513E-01
1.000000E+00
9.367112E-01
9.133992E-01
1.000000E+00
9.246312E-01
9.135359E-01
1.000000E+00
7.718171E-01
9.274640E-01
9.139448E-01
9.502013E-01
1.000000E+00
1.000000E+00
9.051560E-01
1.000000E+00
1.000000E+00
1.000000E+00
8.950399E-01
9.050214E-01
8.943677E-01
9.324016E-01
9.136703E-01
8.229702E-01
1.000000E+00
9.407036E-01
8.916988E-01
9.268487E-01
9.209678E-01
7.318516E-01
9.443549E-01
1.000000E+00
9.136908E-01
8.816654E-01
1.000000E+00
9.369703E-01
9.267595E-01
7.575534E-01
1.000000E+00
1.000000E+00
9.444377E-01
9.409198E-01
8.943677E-01
8.508552E-01
9.050214E-01
9.138989E-01
9.273301E-01
9.369457E-01
9.433449E-01
9.139448E-01
9.138094E-01
8.705964E-01
9.051560E-01
1.000000E+00
7.748051E-01
8.950399E-01
9.366600E-01
9.050568E-01
8.603894E-01
9.051560E-01
1.000000E+00
8.949716E-01
1.000000E+00
9.323351E-01
9.049914E-01
1.000000E+00
1.000000E+00
9.051560E-01
1.000000E+00
9.324567E-01
8.649791E-01
8.091770E-01
9.270118E-01
1.000000E+00
1.000000E+00
7.598254E-01
1.000000E+00
1.000000E+00
1.000000E+00
6.822819E-01
7.589606E-01
6.760415E-01
8.811401E-01
8.078219E-01
8.414439E-01
1.000000E+00
9.046205E-01
9.273284E-01
8.628314E-01
8.405886E-01
8.633077E-01
9.137265E-01
1.000000E+00
8.079235E-01
5.170534E-01
1.000000E+00
8.945765E-01
8.625178E-01
6.794301E-01
1.000000E+00
1.000000E+00
9.139255E-01
9.051788E-01
6.760415E-01
8.810370E-01
7.589606E-01
8.089510E-01
8.645144E-01
8.945075E-01
1.000000E+00
8.091770E-01
8.085098E-01
9.047768E-01
7.598254E-01
1.000000E+00
8.950246E-01
6.822819E-01
8.937056E-01
7.591887E-01
8.945458E-01
7.598254E-01
1.000000E+00
0.000000E+00
1.000000E+00
8.809342E-01
7.587675E-01
1.000000E+00
1.000000E+00
7.598254E-01
1.000000E+00
8.813103E-01
8.700444E-01
9.326061E-01
9.570788E-01
1.000000E+00
1.000000E+00
9.273325E-01
1.000000E+00
9.444591E-01
1.000000E+00
9.215385E-01
9.272535E-01
9.211635E-01
8.785679E-01
9.324378E-01
9.371250E-01
1.000000E+00
8.907240E-01
9.571885E-01
9.407862E-01
9.369910E-01
9.408752E-01
8.970766E-01
1.000000E+00
9.324504E-01
9.142976E-01
1.000000E+00
9.475979E-01
8.698165E-01
9.213658E-01
1.000000E+00
1.000000E+00
9.528647E-01
9.503570E-01
9.211635E-01
9.444557E-01
9.272535E-01
9.325779E-01
9.411021E-01
8.850063E-01
1.000000E+00
9.326061E-01
8.504093E-01
9.502471E-01
9.273325E-01
1.000000E+00
9.477089E-01
9.215385E-01
9.473836E-01
9.272743E-01
9.475904E-01
9.273325E-01
1.000000E+00
9.215004E-01
1.000000E+00
9.444333E-01
8.377102E-01
1.000000E+00
1.000000E+00
9.273325E-01
9.331102E-01
8.042431E-01
8.421627E-01
7.601825E-01
9.208248E-01
1.000000E+00
1.000000E+00
6.766909E-01
1.000000E+00
1.000000E+00
1.000000E+00
5.184951E-01
6.751219E-01
5.040157E-01
8.638093E-01
7.580382E-01
8.090252E-01
1.000000E+00
8.937731E-01
9.211973E-01
8.392199E-01
8.077830E-01
8.398739E-01
9.049468E-01
1.000000E+00
7.581993E-01
0.000000E+00
1.000000E+00
8.811635E-01
8.387888E-01
5.119148E-01
1.000000E+00
1.000000E+00
9.051883E-01
8.944651E-01
5.040157E-01
8.636738E-01
6.751219E-01
7.598254E-01
8.415273E-01
8.810759E-01
1.000000E+00
7.601825E-01
7.591277E-01
8.939669E-01
6.766909E-01
1.000000E+00
8.817327E-01
5.184951E-01
8.800558E-01
6.755361E-01
8.811246E-01
6.766909E-01
1.000000E+00
5.170534E-01
1.000000E+00
8.635389E-01
6.747709E-01
1.000000E+00
1.000000E+00
6.766909E-01
1.000000E+00
8.640327E-01
9.055326E-01
8.812331E-01
9.407591E-01
1.000000E+00
1.000000E+00
8.638165E-01
1.000000E+00
1.000000E+00
1.000000E+00
8.419433E-01
8.635389E-01
8.404140E-01
9.137386E-01
8.807096E-01
8.945850E-01
1.000000E+00
9.268141E-01
9.409679E-01
9.044863E-01
8.942076E-01
7.831079E-01
9.322972E-01
1.000000E+00
8.807488E-01
8.095246E-01
1.000000E+00
9.210419E-01
9.043343E-01
6.097496E-01
1.000000E+00
1.000000E+00
9.324198E-01
9.271432E-01
8.404140E-01
8.055509E-01
8.635389E-01
8.811456E-01
9.053053E-01
9.210032E-01
1.000000E+00
8.812331E-01
7.196578E-01
8.378098E-01
8.638165E-01
1.000000E+00
8.242353E-01
8.419433E-01
9.205544E-01
8.636121E-01
9.210247E-01
8.638165E-01
1.000000E+00
8.417883E-01
1.000000E+00
9.136302E-01
6.714822E-01
1.000000E+00
1.000000E+00
8.638165E-01
1.000000E+00
8.048046E-01
8.649791E-01
8.091770E-01
9.270118E-01
1.000000E+00
1.000000E+00
7.598254E-01
1.000000E+00
1.000000E+00
1.000000E+00
6.822819E-01
7.589606E-01
6.760415E-01
8.811401E-01
8.078219E-01
8.414439E-01
1.000000E+00
9.046205E-01
9.273284E-01
8.628314E-01
8.405886E-01
8.633077E-01
9.137265E-01
1.000000E+00
8.079235E-01
5.170534E-01
1.000000E+00
8.945765E-01
8.625178E-01
6.794301E-01
1.000000E+00
1.000000E+00
9.139255E-01
9.051788E-01
6.760415E-01
8.810370E-01
7.589606E-01
8.089510E-01
8.645144E-01
8.945075E-01
1.000000E+00
8.091770E-01
8.085098E-01
9.047768E-01
7.598254E-01
1.000000E+00
8.950246E-01
6.822819E-01
8.937056E-01
7.591887E-01
8.945458E-01
7.598254E-01
1.000000E+00
0.000000E+00
1.000000E+00
8.809342E-01
7.587675E-01
1.000000E+00
1.000000E+00
7.598254E-01
1.000000E+00
8.813103E-01
8.649791E-01
8.091770E-01
9.270118E-01
1.000000E+00
1.000000E+00
7.598254E-01
1.000000E+00
1.000000E+00
1.000000E+00
6.822819E-01
7.589606E-01
6.760415E-01
8.811401E-01
8.078219E-01
8.414439E-01
1.000000E+00
9.046205E-01
9.273284E-01
8.628314E-01
8.405886E-01
8.633077E-01
9.137265E-01
1.000000E+00
8.079235E-01
5.170534E-01
1.000000E+00
8.945765E-01
8.625178E-01
6.794301E-01
1.000000E+00
1.000000E+00
9.139255E-01
9.051788E-01
6.760415E-01
8.810370E-01
7.589606E-01
8.089510E-01
8.645144E-01
8.945075E-01
1.000000E+00
8.091770E-01
8.085098E-01
9.047768E-01
7.598254E-01
1.000000E+00
8.950246E-01
6.822819E-01
8.937056E-01
7.591887E-01
8.945458E-01
7.598254E-01
1.000000E+00
6.816549E-01
1.000000E+00
8.809342E-01
7.587675E-01
1.000000E+00
1.000000E+00
7.598254E-01
1.000000E+00
8.813103E-01
8.820514E-01
6.033307E-01
9.323083E-01
1.000000E+00
1.000000E+00
8.090018E-01
1.000000E+00
1.000000E+00
1.000000E+00
7.630027E-01
8.084553E-01
7.595477E-01
8.945735E-01
8.406506E-01
8.644790E-01
1.000000E+00
9.134682E-01
9.325807E-01
8.804159E-01
8.638546E-01
8.807780E-01
9.210302E-01
1.000000E+00
8.407205E-01
6.817958E-01
1.000000E+00
9.052812E-01
8.801775E-01
7.614195E-01
1.000000E+00
1.000000E+00
9.211969E-01
9.139280E-01
7.595477E-01
8.944923E-01
8.084553E-01
8.414277E-01
8.816970E-01
9.052255E-01
1.000000E+00
8.415835E-01
8.411239E-01
9.135969E-01
8.090018E-01
1.000000E+00
9.056431E-01
7.630027E-01
9.045787E-01
8.085993E-01
9.052564E-01
8.090018E-01
1.000000E+00
7.626540E-01
1.000000E+00
8.944116E-01
8.083333E-01
1.000000E+00
1.000000E+00
8.090018E-01
1.000000E+00
8.947074E-01
9.051953E-01
8.806996E-01
7.922050E-01
1.000000E+00
7.798509E-01
8.631145E-01
1.000000E+00
1.000000E+00
1.000000E+00
8.409969E-01
8.628341E-01
8.394491E-01
9.134574E-01
8.801713E-01
7.588268E-01
1.000000E+00
7.343711E-01
8.720838E-01
7.840525E-01
8.937844E-01
9.043743E-01
8.518311E-01
1.000000E+00
8.802108E-01
8.081484E-01
9.015792E-01
9.208064E-01
6.321778E-01
8.402858E-01
1.000000E+00
1.000000E+00
9.322474E-01
9.269428E-01
8.394491E-01
9.134028E-01
8.628341E-01
8.806113E-01
7.861127E-01
9.207675E-01
8.599213E-01
8.806996E-01
8.804391E-01
6.049716E-01
8.631145E-01
1.000000E+00
9.210596E-01
8.409969E-01
7.070828E-01
8.629079E-01
9.207892E-01
8.631145E-01
9.180132E-01
8.408400E-01
1.000000E+00
9.133483E-01
8.627715E-01
1.000000E+00
7.527311E-01
8.631145E-01
1.000000E+00
9.135477E-01
8.819651E-01
8.414277E-01
9.322799E-01
1.000000E+00
1.000000E+00
8.087753E-01
1.000000E+00
1.000000E+00
1.000000E+00
7.626540E-01
8.082276E-01
7.591887E-01
8.945046E-01
8.404930E-01
8.643650E-01
1.000000E+00
9.134218E-01
9.325525E-01
8.803271E-01
8.637396E-01
8.806898E-01
9.209915E-01
1.000000E+00
8.405631E-01
6.811668E-01
1.000000E+00
9.052255E-01
8.800885E-01
7.610661E-01
1.000000E+00
1.000000E+00
7.026290E-01
9.138820E-01
7.591887E-01
7.542445E-01
8.082276E-01
8.412717E-01
8.816102E-01
9.051698E-01
1.000000E+00
8.414277E-01
8.409673E-01
9.135506E-01
8.087753E-01
1.000000E+00
9.055878E-01
7.626540E-01
9.045222E-01
8.083720E-01
9.052008E-01
8.087753E-01
1.000000E+00
7.623042E-01
1.000000E+00
8.943424E-01
8.081053E-01
1.000000E+00
1.000000E+00
8.087753E-01
1.000000E+00
8.946386E-01
8.950155E-01
8.641197E-01
9.367881E-01
1.000000E+00
1.000000E+00
8.408302E-01
1.000000E+00
1.000000E+00
1.000000E+00
8.101171E-01
8.404508E-01
8.079057E-01
9.050533E-01
8.634340E-01
8.813180E-01
1.000000E+00
9.206563E-01
8.605469E-01
8.937217E-01
8.808394E-01
8.940078E-01
9.270606E-01
1.000000E+00
8.634853E-01
7.613128E-01
1.000000E+00
9.138266E-01
8.935335E-01
8.091022E-01
1.000000E+00
1.000000E+00
9.272028E-01
9.210430E-01
8.079057E-01
7.801865E-01
8.404508E-01
8.640052E-01
8.947348E-01
9.137805E-01
1.000000E+00
8.641197E-01
8.637818E-01
9.207645E-01
8.408302E-01
1.000000E+00
9.141263E-01
8.101171E-01
9.132456E-01
8.405508E-01
8.039270E-01
8.408302E-01
1.000000E+00
8.098934E-01
1.000000E+00
9.049220E-01
8.403662E-01
1.000000E+00
1.000000E+00
8.408302E-01
1.000000E+00
9.051619E-01
1.000000E+00
1.000000E+00
1.000000E+00
1.000000E+00
8.772780E-01
1.000000E+00
8.038873E-01
9.026734E-01
6.746524E-01
1.000000E+00
1.000000E+00
1.000000E+00
1.000000E+00
1.000000E+00
1.000000E+00
8.372470E-01
1.000000E+00
1.000000E+00
1.000000E+00
1.000000E+00
1.000000E+00
1.000000E+00
8.030701E-01
1.000000E+00
1.000000E+00
8.776751E-01
1.000000E+00
1.000000E+00
1.000000E+00
6.702515E-01
8.371232E-01
1.000000E+00
1.000000E+00
1.000000E+00
1.000000E+00
1.000000E+00
1.000000E+00
1.000000E+00
1.000000E+00
9.251750E-01
1.000000E+00
1.000000E+00
1.000000E+00
1.000000E+00
8.609072E-01
1.000000E+00
1.000000E+00
1.000000E+00
1.000000E+00
1.000000E+00
1.000000E+00
9.020719E-01
1.000000E+00
1.000000E+00
1.000000E+00
1.000000E+00
1.000000E+00
8.600944E-01
1.000000E+00
8.598668E-01
1.000000E+00
1.000000E+00
1.000000E+00
1.000000E+00
1.000000E+00
9.185203E-01
1.000000E+00
8.915826E-01
9.305516E-01
8.610752E-01
1.000000E+00
1.000000E+00
1.000000E+00
1.000000E+00
1.000000E+00
1.000000E+00
9.026175E-01
1.000000E+00
8.807222E-01
1.000000E+00
1.000000E+00
9.168419E-01
1.000000E+00
8.913333E-01
1.000000E+00
1.000000E+00
9.186956E-01
1.000000E+00
1.000000E+00
8.753796E-01
9.118757E-01
9.025732E-01
9.369249E-01
1.000000E+00
1.000000E+00
9.234585E-01
1.000000E+00
1.000000E+00
1.000000E+00
1.000000E+00
9.428212E-01
1.000000E+00
1.000000E+00
8.556096E-01
1.000000E+00
9.116135E-01
9.292423E-01
1.000000E+00
1.000000E+00
1.000000E+00
1.000000E+00
1.000000E+00
9.302459E-01
1.000000E+00
1.000000E+00
1.000000E+00
1.000000E+00
1.000000E+00
9.112860E-01
1.000000E+00
9.111945E-01
1.000000E+00
9.143484E-01
8.948409E-01
9.443510E-01
1.000000E+00
1.000000E+00
8.814123E-01
1.000000E+00
1.000000E+00
1.000000E+00
8.651635E-01
8.812019E-01
8.640521E-01
9.211494E-01
8.944307E-01
9.054450E-01
1.000000E+00
9.322189E-01
9.445353E-01
9.134891E-01
9.051415E-01
9.136788E-01
9.369483E-01
1.000000E+00
8.944614E-01
8.422605E-01
1.000000E+00
9.272965E-01
9.133645E-01
8.646525E-01
1.000000E+00
1.000000E+00
8.602457E-01
9.325013E-01
8.640521E-01
9.211040E-01
8.812019E-01
8.947723E-01
9.141616E-01
9.272637E-01
1.000000E+00
8.948409E-01
8.946386E-01
9.322979E-01
8.814123E-01
1.000000E+00
9.275099E-01
8.651635E-01
9.268833E-01
8.812573E-01
9.272819E-01
8.814123E-01
1.000000E+00
8.650507E-01
1.000000E+00
9.210588E-01
8.811550E-01
1.000000E+00
1.000000E+00
8.814123E-01
1.000000E+00
7.041713E-01
8.945391E-01
8.633205E-01
7.760475E-01
1.000000E+00
7.517022E-01
8.397324E-01
1.000000E+00
1.000000E+00
1.000000E+00
8.085527E-01
8.393478E-01
8.063045E-01
9.046638E-01
8.626266E-01
7.238667E-01
1.000000E+00
7.073841E-01
8.628758E-01
7.564420E-01
8.802252E-01
8.935222E-01
8.393341E-01
1.000000E+00
8.626786E-01
7.588356E-01
8.904227E-01
9.135058E-01
5.783266E-01
8.075210E-01
1.000000E+00
1.000000E+00
9.269741E-01
9.207738E-01
8.063045E-01
9.045974E-01
8.393478E-01
8.632046E-01
7.590595E-01
9.134594E-01
8.490313E-01
8.633205E-01
8.629785E-01
7.078633E-01
8.397324E-01
1.000000E+00
9.138077E-01
8.085527E-01
6.739201E-01
8.394491E-01
8.018658E-01
8.397324E-01
9.104152E-01
8.083252E-01
1.000000E+00
9.045314E-01
8.392620E-01
1.000000E+00
7.166517E-01
8.397324E-01
1.000000E+00
9.047733E-01
9.374712E-01
9.276768E-01
9.551312E-01
1.000000E+00
1.000000E+00
9.215686E-01
1.000000E+00
1.000000E+00
1.000000E+00
8.051210E-01
9.214766E-01
9.143335E-01
9.411752E-01
9.274830E-01
9.328556E-01
1.000000E+00
9.475638E-01
9.552511E-01
9.370145E-01
9.327027E-01
9.371151E-01
9.504396E-01
1.000000E+00
9.274975E-01
9.061648E-01
1.000000E+00
8.023516E-01
9.369484E-01
9.145723E-01
1.000000E+00
1.000000E+00
9.505053E-01
9.477330E-01
9.143335E-01
9.411499E-01
9.214766E-01
9.276443E-01
9.373717E-01
9.446465E-01
1.000000E+00
9.276768E-01
9.275811E-01
9.476111E-01
9.215686E-01
1.000000E+00
9.447892E-01
9.147761E-01
9.444265E-01
9.215008E-01
9.446571E-01
9.215686E-01
1.000000E+00
9.147311E-01
1.000000E+00
9.411248E-01
9.214561E-01
1.000000E+00
1.000000E+00
9.215686E-01
1.000000E+00
9.412169E-01
1.000000E+00
1.000000E+00
1.000000E+00
1.000000E+00
1.000000E+00
1.000000E+00
1.000000E+00
1.000000E+00
1.000000E+00
1.000000E+00
1.000000E+00
1.000000E+00
1.000000E+00
1.000000E+00
1.000000E+00
1.000000E+00
1.000000E+00
1.000000E+00
1.000000E+00
1.000000E+00
1.000000E+00
1.000000E+00
1.000000E+00
1.000000E+00
1.000000E+00
1.000000E+00
1.000000E+00
1.000000E+00
1.000000E+00
1.000000E+00
1.000000E+00
1.000000E+00
1.000000E+00
1.000000E+00
1.000000E+00
1.000000E+00
1.000000E+00
1.000000E+00
1.000000E+00
1.000000E+00
1.000000E+00
1.000000E+00
1.000000E+00
1.000000E+00
1.000000E+00
1.000000E+00
1.000000E+00
1.000000E+00
1.000000E+00
1.000000E+00
1.000000E+00
1.000000E+00
1.000000E+00
1.000000E+00
1.000000E+00
1.000000E+00
1.000000E+00
1.000000E+00
1.000000E+00
1.000000E+00
1.000000E+00
8.645461E-01
8.083110E-01
9.268855E-01
1.000000E+00
1.000000E+00
7.584519E-01
1.000000E+00
1.000000E+00
1.000000E+00
6.798739E-01
7.575772E-01
6.735376E-01
8.808047E-01
8.069435E-01
8.408464E-01
1.000000E+00
9.044047E-01
9.272032E-01
8.623845E-01
8.399847E-01
8.628639E-01
9.135499E-01
1.000000E+00
8.070461E-01
5.114676E-01
1.000000E+00
8.943127E-01
8.620688E-01
6.769786E-01
1.000000E+00
1.000000E+00
9.137497E-01
9.049655E-01
6.735376E-01
8.807010E-01
7.575772E-01
8.080830E-01
8.640784E-01
8.942434E-01
1.000000E+00
8.083110E-01
8.076377E-01
9.045617E-01
7.584519E-01
1.000000E+00
8.947631E-01
6.798739E-01
8.934374E-01
7.578079E-01
8.942819E-01
7.584519E-01
1.000000E+00
6.792373E-01
1.000000E+00
8.805977E-01
7.573818E-01
1.000000E+00
1.000000E+00
7.584519E-01
1.000000E+00
8.809758E-01
1.000000E+00
1.000000E+00
1.000000E+00
1.000000E+00
8.772780E-01
1.000000E+00
8.038873E-01
9.026734E-01
6.746524E-01
1.000000E+00
1.000000E+00
1.000000E+00
1.000000E+00
1.000000E+00
1.000000E+00
8.372470E-01
1.000000E+00
1.000000E+00
1.000000E+00
1.000000E+00
1.000000E+00
1.000000E+00
8.030701E-01
1.000000E+00
1.000000E+00
8.776751E-01
1.000000E+00
1.000000E+00
1.000000E+00
6.702515E-01
8.371232E-01
1.000000E+00
1.000000E+00
1.000000E+00
1.000000E+00
1.000000E+00
1.000000E+00
1.000000E+00
1.000000E+00
9.251750E-01
1.000000E+00
1.000000E+00
1.000000E+00
1.000000E+00
8.609072E-01
1.000000E+00
1.000000E+00
1.000000E+00
1.000000E+00
1.000000E+00
1.000000E+00
9.020719E-01
1.000000E+00
1.000000E+00
1.000000E+00
1.000000E+00
1.000000E+00
8.600944E-01
1.000000E+00
8.598668E-01
1.000000E+00
8.946484E-01
8.635040E-01
9.366552E-01
1.000000E+00
1.000000E+00
8.399847E-01
1.000000E+00
9.083276E-01
1.000000E+00
8.089126E-01
8.396013E-01
8.066729E-01
7.819428E-01
6.712493E-01
8.808485E-01
1.000000E+00
9.204468E-01
9.368938E-01
8.933454E-01
7.193642E-01
8.936336E-01
9.268835E-01
1.000000E+00
8.628639E-01
7.594064E-01
1.000000E+00
9.135794E-01
7.520063E-01
8.078847E-01
8.750584E-01
1.000000E+00
9.270265E-01
8.229111E-01
8.066729E-01
7.827659E-01
8.396013E-01
8.633884E-01
8.943657E-01
9.135331E-01
1.000000E+00
8.635040E-01
8.631630E-01
9.205555E-01
8.399847E-01
1.000000E+00
9.138808E-01
8.089126E-01
9.129950E-01
8.397023E-01
9.135588E-01
8.399847E-01
1.000000E+00
8.086860E-01
1.000000E+00
7.825990E-01
8.395158E-01
1.000000E+00
8.738931E-01
8.399847E-01
8.726705E-01
9.048624E-01
7.554810E-01
8.643694E-01
8.604144E-01
7.097453E-01
1.000000E+00
8.411726E-01
1.000000E+00
1.000000E+00
1.000000E+00
8.106043E-01
8.407949E-01
8.084042E-01
9.051753E-01
8.636862E-01
8.815085E-01
1.000000E+00
9.207415E-01
9.370794E-01
8.938745E-01
8.810315E-01
8.941598E-01
9.271326E-01
1.000000E+00
8.637373E-01
7.620820E-01
1.000000E+00
9.139271E-01
8.936869E-01
8.095946E-01
1.000000E+00
1.000000E+00
9.272746E-01
9.211274E-01
8.084042E-01
9.051096E-01
8.407949E-01
8.642552E-01
8.948847E-01
9.138811E-01
9.281251E-01
8.643694E-01
8.640327E-01
9.208494E-01
8.411726E-01
1.000000E+00
9.142260E-01
8.106043E-01
9.133474E-01
8.408945E-01
9.139067E-01
8.411726E-01
9.078677E-01
8.103817E-01
1.000000E+00
9.050443E-01
8.407107E-01
1.000000E+00
1.000000E+00
8.411726E-01
1.000000E+00
9.052836E-01
9.325701E-01
9.210386E-01
7.708028E-01
1.000000E+00
8.487451E-01
9.137008E-01
1.000000E+00
9.374902E-01
1.000000E+00
9.054052E-01
9.135895E-01
9.048596E-01
9.368576E-01
9.208076E-01
8.401425E-01
1.000000E+00
8.061879E-01
8.371314E-01
8.516305E-01
9.269915E-01
9.321558E-01
8.871106E-01
1.000000E+00
9.208248E-01
8.946768E-01
9.301520E-01
9.408617E-01
7.569092E-01
9.051540E-01
1.000000E+00
1.000000E+00
9.474840E-01
9.443521E-01
9.048596E-01
9.368285E-01
9.135895E-01
9.210000E-01
8.526059E-01
9.408400E-01
8.913967E-01
9.210386E-01
9.209246E-01
8.063982E-01
9.137008E-01
1.000000E+00
9.410030E-01
9.054052E-01
7.920531E-01
9.136188E-01
9.408520E-01
9.137008E-01
9.388508E-01
9.053497E-01
1.000000E+00
9.367996E-01
9.135646E-01
1.000000E+00
8.364185E-01
9.137008E-01
1.000000E+00
8.594127E-01
8.950435E-01
8.641666E-01
9.367982E-01
1.000000E+00
1.000000E+00
8.408945E-01
1.000000E+00
1.000000E+00
1.000000E+00
8.102086E-01
8.405154E-01
8.079993E-01
9.050762E-01
6.731217E-01
8.813537E-01
1.000000E+00
9.206723E-01
9.370358E-01
8.937504E-01
7.207298E-01
8.940363E-01
9.270741E-01
1.000000E+00
6.690783E-01
7.614573E-01
1.000000E+00
9.138454E-01
8.935623E-01
8.091947E-01
8.755869E-01
1.000000E+00
9.272163E-01
7.040158E-01
8.079993E-01
7.835851E-01
8.405154E-01
8.640521E-01
8.947630E-01
9.137994E-01
1.000000E+00
8.641666E-01
8.638288E-01
9.207804E-01
8.408945E-01
1.000000E+00
9.141450E-01
8.102086E-01
9.132647E-01
8.406153E-01
9.138250E-01
8.408945E-01
1.000000E+00
8.099850E-01
1.000000E+00
7.834194E-01
8.404309E-01
1.000000E+00
8.744316E-01
8.408945E-01
1.000000E+00
9.051848E-01
8.650920E-01
8.094025E-01
9.270448E-01
1.000000E+00
1.000000E+00
7.601825E-01
1.000000E+00
1.000000E+00
1.000000E+00
6.829065E-01
7.593203E-01
6.766909E-01
8.812277E-01
8.080505E-01
8.415996E-01
1.000000E+00
9.046769E-01
9.273611E-01
8.629480E-01
8.407460E-01
8.634234E-01
9.137726E-01
1.000000E+00
8.081520E-01
5.184951E-01
1.000000E+00
8.946453E-01
8.626348E-01
6.800660E-01
1.000000E+00
1.000000E+00
9.139714E-01
9.052345E-01
6.766909E-01
8.811246E-01
7.593203E-01
8.091770E-01
8.646281E-01
8.945765E-01
1.000000E+00
8.094025E-01
8.087369E-01
9.048330E-01
7.601825E-01
1.000000E+00
8.950929E-01
6.829065E-01
8.937756E-01
7.595477E-01
8.946147E-01
7.601825E-01
1.000000E+00
6.822819E-01
1.000000E+00
8.810221E-01
7.591277E-01
1.000000E+00
1.000000E+00
7.601825E-01
1.000000E+00
8.813975E-01
8.943356E-01
8.629785E-01
7.757488E-01
1.000000E+00
7.511571E-01
8.392620E-01
1.000000E+00
1.000000E+00
1.000000E+00
8.078811E-01
8.388751E-01
8.056170E-01
9.044976E-01
8.622812E-01
5.078109E-01
1.000000E+00
7.068739E-01
8.627065E-01
7.559073E-01
8.799627E-01
7.524220E-01
8.391016E-01
1.000000E+00
8.623334E-01
7.577689E-01
8.902094E-01
9.133690E-01
5.772663E-01
8.068421E-01
1.000000E+00
1.000000E+00
9.268766E-01
9.206590E-01
8.056170E-01
9.044309E-01
8.388751E-01
8.628620E-01
7.585363E-01
9.133225E-01
8.488300E-01
8.629785E-01
8.626348E-01
7.073548E-01
8.392620E-01
1.000000E+00
8.044148E-01
8.078811E-01
6.732864E-01
8.389771E-01
9.133483E-01
8.392620E-01
9.102727E-01
8.076520E-01
1.000000E+00
9.043647E-01
8.387888E-01
1.000000E+00
7.159417E-01
8.392620E-01
1.000000E+00
9.046074E-01
8.819968E-01
8.414848E-01
9.322903E-01
1.000000E+00
1.000000E+00
8.088583E-01
1.000000E+00
1.000000E+00
1.000000E+00
7.627818E-01
8.083110E-01
7.593203E-01
8.945298E-01
8.405508E-01
8.644068E-01
1.000000E+00
9.134388E-01
9.325628E-01
8.803596E-01
8.637818E-01
8.807221E-01
9.210056E-01
1.000000E+00
8.406208E-01
6.813974E-01
1.000000E+00
9.052459E-01
8.801211E-01
7.611957E-01
1.000000E+00
1.000000E+00
9.211725E-01
9.138989E-01
7.593203E-01
8.944486E-01
8.083110E-01
8.413289E-01
8.816420E-01
9.051902E-01
1.000000E+00
8.414848E-01
8.410247E-01
9.135675E-01
8.088583E-01
1.000000E+00
9.056081E-01
7.627818E-01
9.045429E-01
8.084553E-01
9.052212E-01
8.088583E-01
1.000000E+00
7.624324E-01
1.000000E+00
8.943677E-01
8.081889E-01
1.000000E+00
1.000000E+00
8.088583E-01
1.000000E+00
8.946638E-01
8.645461E-01
8.083110E-01
9.268855E-01
1.000000E+00
1.000000E+00
7.584519E-01
1.000000E+00
1.000000E+00
1.000000E+00
6.798739E-01
7.575772E-01
6.735376E-01
8.808047E-01
8.069435E-01
8.408464E-01
1.000000E+00
9.044047E-01
9.272032E-01
8.623845E-01
8.399847E-01
8.628639E-01
9.135499E-01
1.000000E+00
8.070461E-01
5.114676E-01
1.000000E+00
8.943127E-01
8.620688E-01
6.769786E-01
1.000000E+00
1.000000E+00
9.137497E-01
9.049655E-01
6.735376E-01
8.807010E-01
7.575772E-01
8.080830E-01
8.640784E-01
8.942434E-01
1.000000E+00
8.083110E-01
8.076377E-01
9.045617E-01
7.584519E-01
1.000000E+00
8.947631E-01
6.798739E-01
8.934374E-01
7.578079E-01
8.942819E-01
7.584519E-01
1.000000E+00
6.792373E-01
1.000000E+00
8.805977E-01
7.573818E-01
1.000000E+00
1.000000E+00
7.584519E-01
1.000000E+00
8.809758E-01
8.950435E-01
8.641666E-01
9.367982E-01
1.000000E+00
1.000000E+00
8.408945E-01
1.000000E+00
1.000000E+00
1.000000E+00
8.102086E-01
8.405154E-01
8.079993E-01
9.050762E-01
8.634813E-01
8.813537E-01
1.000000E+00
9.206723E-01
8.605708E-01
8.937504E-01
8.808754E-01
8.940363E-01
8.362099E-01
1.000000E+00
8.635326E-01
7.614573E-01
8.861959E-01
9.138454E-01
8.935623E-01
8.091947E-01
1.000000E+00
1.000000E+00
9.272163E-01
9.210588E-01
8.079993E-01
9.050104E-01
8.405154E-01
8.640521E-01
8.947630E-01
9.137994E-01
1.000000E+00
8.641666E-01
8.638288E-01
9.207804E-01
8.408945E-01
1.000000E+00
9.141450E-01
8.102086E-01
9.132647E-01
8.406153E-01
9.138250E-01
8.408945E-01
1.000000E+00
8.099850E-01
1.000000E+00
9.049449E-01
8.404309E-01
1.000000E+00
1.000000E+00
8.408945E-01
1.000000E+00
7.834102E-01
9.215528E-01
9.054966E-01
9.474846E-01
1.000000E+00
1.000000E+00
8.947901E-01
1.000000E+00
1.000000E+00
1.000000E+00
8.821952E-01
8.946245E-01
8.813477E-01
9.272962E-01
9.051654E-01
9.141490E-01
1.000000E+00
8.613486E-01
8.847803E-01
8.231128E-01
9.138989E-01
9.209915E-01
8.710086E-01
1.000000E+00
9.051902E-01
8.650799E-01
9.146806E-01
7.545151E-01
9.207283E-01
8.818053E-01
1.000000E+00
1.000000E+00
9.410343E-01
8.619254E-01
8.813477E-01
9.272576E-01
8.946245E-01
9.054412E-01
9.213962E-01
8.512295E-01
1.000000E+00
9.054966E-01
9.053333E-01
9.368799E-01
8.947901E-01
1.000000E+00
9.327379E-01
8.821952E-01
8.504529E-01
8.946681E-01
8.512667E-01
8.947901E-01
1.000000E+00
8.821091E-01
1.000000E+00
9.272192E-01
8.945876E-01
1.000000E+00
1.000000E+00
8.947901E-01
1.000000E+00
9.273599E-01
8.650920E-01
8.094025E-01
9.270448E-01
1.000000E+00
1.000000E+00
7.601825E-01
1.000000E+00
1.000000E+00
1.000000E+00
6.829065E-01
7.593203E-01
6.766909E-01
8.812277E-01
8.080505E-01
8.415996E-01
1.000000E+00
9.046769E-01
9.273611E-01
8.629480E-01
8.407460E-01
8.634234E-01
9.137726E-01
1.000000E+00
8.081520E-01
5.184951E-01
1.000000E+00
8.946453E-01
8.626348E-01
6.800660E-01
1.000000E+00
1.000000E+00
9.139714E-01
9.052345E-01
6.766909E-01
8.811246E-01
7.593203E-01
8.091770E-01
8.646281E-01
8.945765E-01
1.000000E+00
8.094025E-01
8.087369E-01
9.048330E-01
7.601825E-01
1.000000E+00
8.950929E-01
6.829065E-01
8.937756E-01
7.595477E-01
8.946147E-01
7.601825E-01
1.000000E+00
6.822819E-01
1.000000E+00
8.810221E-01
7.591277E-01
1.000000E+00
1.000000E+00
7.601825E-01
1.000000E+00
8.813975E-01
8.819968E-01
8.414848E-01
9.322903E-01
1.000000E+00
1.000000E+00
8.088583E-01
1.000000E+00
1.000000E+00
1.000000E+00
7.627818E-01
8.083110E-01
7.593203E-01
8.945298E-01
8.405508E-01
8.644068E-01
1.000000E+00
9.134388E-01
9.325628E-01
8.803596E-01
8.637818E-01
8.807221E-01
9.210056E-01
1.000000E+00
8.406208E-01
6.813974E-01
1.000000E+00
9.052459E-01
8.801211E-01
7.611957E-01
1.000000E+00
1.000000E+00
9.211725E-01
9.138989E-01
7.593203E-01
8.944486E-01
8.083110E-01
8.413289E-01
8.816420E-01
9.051902E-01
1.000000E+00
8.414848E-01
8.410247E-01
9.135675E-01
8.088583E-01
1.000000E+00
9.056081E-01
7.627818E-01
9.045429E-01
8.084553E-01
9.052212E-01
8.088583E-01
1.000000E+00
7.624324E-01
1.000000E+00
8.943677E-01
8.081889E-01
1.000000E+00
1.000000E+00
8.088583E-01
1.000000E+00
8.946638E-01
8.951367E-01
8.643227E-01
9.368320E-01
8.738121E-01
1.000000E+00
8.411086E-01
1.000000E+00
1.000000E+00
1.000000E+00
8.105132E-01
8.407306E-01
8.083110E-01
9.051525E-01
8.636390E-01
8.814728E-01
1.000000E+00
9.207255E-01
9.370693E-01
8.938459E-01
8.809955E-01
8.941314E-01
9.271191E-01
1.000000E+00
8.636902E-01
7.619383E-01
1.000000E+00
9.139083E-01
8.936582E-01
8.095025E-01
1.000000E+00
1.000000E+00
9.272611E-01
9.211116E-01
8.083110E-01
7.804423E-01
8.407306E-01
8.642085E-01
8.948567E-01
9.138623E-01
1.000000E+00
8.643227E-01
8.639857E-01
9.208335E-01
8.411086E-01
1.000000E+00
8.053748E-01
8.105132E-01
9.133284E-01
8.408302E-01
9.138878E-01
8.411086E-01
1.000000E+00
8.102904E-01
1.000000E+00
9.050214E-01
8.406463E-01
1.000000E+00
1.000000E+00
8.411086E-01
1.000000E+00
9.052608E-01
8.645461E-01
8.083110E-01
9.268855E-01
1.000000E+00
1.000000E+00
7.584519E-01
1.000000E+00
1.000000E+00
1.000000E+00
6.798739E-01
7.575772E-01
6.735376E-01
8.808047E-01
8.069435E-01
8.408464E-01
1.000000E+00
9.044047E-01
9.272032E-01
8.623845E-01
8.399847E-01
8.628639E-01
9.135499E-01
1.000000E+00
8.070461E-01
5.114676E-01
1.000000E+00
8.943127E-01
8.620688E-01
6.769786E-01
1.000000E+00
1.000000E+00
9.137497E-01
9.049655E-01
6.735376E-01
8.807010E-01
7.575772E-01
8.080830E-01
8.640784E-01
8.942434E-01
1.000000E+00
8.083110E-01
8.076377E-01
9.045617E-01
7.584519E-01
1.000000E+00
8.947631E-01
6.798739E-01
8.934374E-01
7.578079E-01
8.942819E-01
7.584519E-01
1.000000E+00
6.792373E-01
1.000000E+00
8.805977E-01
7.573818E-01
1.000000E+00
1.000000E+00
7.584519E-01
1.000000E+00
8.809758E-01
7.831558E-01
8.817088E-01
9.408777E-01
1.000000E+00
1.000000E+00
8.644416E-01
1.000000E+00
1.000000E+00
1.000000E+00
8.427847E-01
8.641666E-01
8.412717E-01
9.139898E-01
8.811895E-01
8.949599E-01
1.000000E+00
9.269950E-01
9.410857E-01
9.047942E-01
8.945852E-01
9.050238E-01
9.324521E-01
1.000000E+00
8.812284E-01
8.107451E-01
1.000000E+00
9.212524E-01
9.046432E-01
8.420895E-01
1.000000E+00
1.000000E+00
9.325741E-01
9.273225E-01
8.412717E-01
9.139358E-01
8.641666E-01
8.816220E-01
9.056080E-01
9.212140E-01
9.320183E-01
8.817088E-01
8.814528E-01
9.270866E-01
8.644416E-01
1.000000E+00
9.215028E-01
8.427847E-01
9.207675E-01
8.642390E-01
9.212354E-01
8.644416E-01
1.000000E+00
8.426313E-01
1.000000E+00
9.138820E-01
8.641053E-01
1.000000E+00
1.000000E+00
8.644416E-01
1.000000E+00
9.140789E-01
1.000000E+00
1.000000E+00
1.000000E+00
1.000000E+00
1.000000E+00
1.000000E+00
1.000000E+00
1.000000E+00
1.000000E+00
1.000000E+00
1.000000E+00
1.000000E+00
1.000000E+00
1.000000E+00
1.000000E+00
1.000000E+00
1.000000E+00
1.000000E+00
1.000000E+00
1.000000E+00
1.000000E+00
1.000000E+00
1.000000E+00
1.000000E+00
1.000000E+00
1.000000E+00
1.000000E+00
1.000000E+00
1.000000E+00
1.000000E+00
1.000000E+00
1.000000E+00
1.000000E+00
1.000000E+00
1.000000E+00
1.000000E+00
1.000000E+00
8.293532E-01
1.000000E+00
1.000000E+00
1.000000E+00
1.000000E+00
1.000000E+00
1.000000E+00
1.000000E+00
1.000000E+00
1.000000E+00
1.000000E+00
1.000000E+00
1.000000E+00
1.000000E+00
1.000000E+00
1.000000E+00
1.000000E+00
1.000000E+00
1.000000E+00
1.000000E+00
1.000000E+00
1.000000E+00
1.000000E+00
1.000000E+00
9.211247E-01
9.048746E-01
8.183926E-01
1.000000E+00
8.205187E-01
8.940185E-01
1.000000E+00
1.000000E+00
1.000000E+00
8.812270E-01
8.938505E-01
8.803655E-01
8.358554E-01
9.045390E-01
8.075305E-01
1.000000E+00
7.757144E-01
8.872203E-01
8.239432E-01
9.133828E-01
9.205572E-01
7.899415E-01
1.000000E+00
9.045641E-01
8.638084E-01
9.182210E-01
9.322380E-01
7.069730E-01
8.808307E-01
1.000000E+00
1.000000E+00
9.407927E-01
9.367814E-01
8.803655E-01
9.268896E-01
8.938505E-01
9.048184E-01
8.253150E-01
9.322095E-01
8.775722E-01
9.048746E-01
9.047091E-01
7.759960E-01
8.940185E-01
1.000000E+00
9.324234E-01
8.812270E-01
7.565657E-01
8.938948E-01
9.322253E-01
8.940185E-01
9.298969E-01
8.811395E-01
1.000000E+00
9.268508E-01
8.938131E-01
1.000000E+00
8.028941E-01
8.940185E-01
1.000000E+00
9.269929E-01
