1.000000E+00
1.000000E+00
8.140035E-01
1.000000E+00
1.000000E+00
1.000000E+00
8.680829E-01
1.000000E+00
1.000000E+00
1.000000E+00
1.000000E+00
1.000000E+00
1.000000E+00
8.140035E-01
8.038074E-01
1.000000E+00
1.000000E+00
1.000000E+00
8.831079E-01
1.000000E+00
1.000000E+00
8.140035E-01
8.669517E-01
8.440059E-01
1.000000E+00
1.000000E+00
1.000000E+00
1.000000E+00
1.000000E+00
1.000000E+00
9.416081E-01
1.000000E+00
1.000000E+00
8.457704E-01
1.000000E+00
8.831079E-01
8.678547E-01
1.000000E+00
1.000000E+00
1.000000E+00
9.076469E-01
1.000000E+00
1.000000E+00
1.000000E+00
8.976063E-01
8.662404E-01
8.844270E-01
1.000000E+00
1.000000E+00
1.000000E+00
8.140035E-01
1.000000E+00
1.000000E+00
1.000000E+00
1.000000E+00
9.656307E-01
1.000000E+00
8.073094E-01
1.000000E+00
9.559847E-01
9.290110E-01
9.077414E-01
9.484473E-01
1.000000E+00
1.000000E+00
9.067682E-01
9.577755E-01
1.000000E+00
1.000000E+00
9.705203E-01
1.000000E+00
8.668771E-01
1.000000E+00
9.069376E-01
9.385857E-01
1.000000E+00
1.000000E+00
1.000000E+00
0.000000E+00
9.146747E-01
1.000000E+00
9.383405E-01
8.653347E-01
1.000000E+00
1.000000E+00
8.578877E-01
8.092478E-01
8.656040E-01
8.278906E-01
1.000000E+00
1.000000E+00
1.000000E+00
1.000000E+00
8.416098E-01
8.648315E-01
1.000000E+00
7.497605E-01
8.832505E-01
1.000000E+00
1.000000E+00
1.000000E+00
8.557588E-01
1.000000E+00
7.609496E-01
8.416098E-01
8.833690E-01
8.439040E-01
8.416098E-01
1.000000E+00
9.384401E-01
9.044264E-01
1.000000E+00
8.642818E-01
7.497605E-01
1.000000E+00
7.849436E-01
1.000000E+00
7.274424E-01
9.107530E-01
8.438895E-01
8.085694E-01
8.108121E-01
1.000000E+00
8.744245E-01
1.000000E+00
7.861659E-01
8.416098E-01
8.416098E-01
1.000000E+00
7.220065E-01
9.234785E-01
8.416098E-01
8.654466E-01
1.000000E+00
9.293515E-01
9.174439E-01
8.996500E-01
1.000000E+00
1.000000E+00
1.000000E+00
1.000000E+00
6.670836E-01
9.341849E-01
1.000000E+00
1.000000E+00
1.000000E+00
6.739866E-01
9.443309E-01
9.229439E-01
8.749675E-01
8.653347E-01
9.127530E-01
1.000000E+00
8.425560E-01
6.735080E-01
8.657155E-01
9.146747E-01
0.000000E+00
1.000000E+00
7.822015E-01
8.669969E-01
1.000000E+00
1.000000E+00
1.000000E+00
9.164351E-01
8.672596E-01
8.283423E-01
1.000000E+00
1.000000E+00
1.000000E+00
1.000000E+00
8.439043E-01
8.665060E-01
1.000000E+00
1.000000E+00
8.845019E-01
1.000000E+00
1.000000E+00
1.000000E+00
1.000000E+00
1.000000E+00
8.959763E-01
8.439043E-01
8.846179E-01
9.292056E-01
8.439043E-01
8.792523E-01
9.387898E-01
1.000000E+00
1.000000E+00
9.388412E-01
1.000000E+00
1.000000E+00
9.069325E-01
1.000000E+00
8.833054E-01
1.000000E+00
9.291996E-01
9.460447E-01
9.156190E-01
1.000000E+00
1.000000E+00
1.000000E+00
9.073551E-01
8.439043E-01
8.439043E-01
1.000000E+00
8.831120E-01
9.240181E-01
8.439043E-01
8.671061E-01
9.661272E-01
9.298116E-01
9.168347E-01
8.993353E-01
9.561713E-01
1.000000E+00
1.000000E+00
9.499175E-01
8.668123E-01
9.345845E-01
1.000000E+00
9.586593E-01
1.000000E+00
8.660347E-01
8.808124E-01
8.268502E-01
1.000000E+00
8.669969E-01
1.000000E+00
1.000000E+00
8.394807E-01
8.660889E-01
8.673683E-01
1.000000E+00
1.000000E+00
0.000000E+00
1.000000E+00
1.000000E+00
1.000000E+00
6.878974E-01
1.000000E+00
1.000000E+00
1.000000E+00
1.000000E+00
1.000000E+00
1.000000E+00
0.000000E+00
8.649940E-01
1.000000E+00
1.000000E+00
1.000000E+00
7.606770E-01
1.000000E+00
1.000000E+00
0.000000E+00
6.814904E-01
5.083708E-01
1.000000E+00
1.000000E+00
1.000000E+00
1.000000E+00
1.000000E+00
1.000000E+00
9.215638E-01
1.000000E+00
1.000000E+00
5.254804E-01
1.000000E+00
7.606770E-01
6.866169E-01
1.000000E+00
1.000000E+00
1.000000E+00
8.449988E-01
1.000000E+00
1.000000E+00
1.000000E+00
8.144638E-01
6.773835E-01
7.661418E-01
1.000000E+00
1.000000E+00
1.000000E+00
0.000000E+00
1.000000E+00
1.000000E+00
1.000000E+00
1.000000E+00
9.595458E-01
1.000000E+00
8.656351E-01
1.000000E+00
9.454830E-01
8.970159E-01
8.452649E-01
9.334273E-01
1.000000E+00
1.000000E+00
8.425075E-01
9.482040E-01
1.000000E+00
1.000000E+00
1.000000E+00
1.000000E+00
6.810628E-01
1.000000E+00
8.429903E-01
9.160115E-01
1.000000E+00
1.000000E+00
1.000000E+00
9.383405E-01
7.822015E-01
1.000000E+00
0.000000E+00
9.167837E-01
1.000000E+00
1.000000E+00
1.000000E+00
9.392651E-01
9.168866E-01
8.754968E-01
1.000000E+00
1.000000E+00
1.000000E+00
1.000000E+00
9.082954E-01
9.165918E-01
1.000000E+00
1.000000E+00
9.239914E-01
1.000000E+00
1.000000E+00
1.000000E+00
1.000000E+00
1.000000E+00
9.291356E-01
9.082954E-01
9.240417E-01
9.463049E-01
9.082954E-01
9.041030E-01
8.930443E-01
1.000000E+00
1.000000E+00
9.520364E-01
1.000000E+00
1.000000E+00
9.343968E-01
1.000000E+00
9.234751E-01
1.000000E+00
9.463014E-01
9.565824E-01
9.388352E-01
1.000000E+00
1.000000E+00
1.000000E+00
9.346070E-01
9.082954E-01
9.082954E-01
1.000000E+00
9.233919E-01
9.433725E-01
9.082954E-01
9.168265E-01
9.704602E-01
9.466542E-01
1.000000E+00
9.618391E-01
9.630599E-01
1.000000E+00
1.000000E+00
9.588435E-01
9.167115E-01
9.494570E-01
9.325089E-01
9.649365E-01
1.000000E+00
9.164081E-01
9.237147E-01
9.430803E-01
1.000000E+00
9.167837E-01
1.000000E+00
1.000000E+00
9.459820E-01
9.164292E-01
9.169293E-01
8.653347E-01
8.669969E-01
1.000000E+00
9.167837E-01
0.000000E+00
1.000000E+00
1.000000E+00
1.000000E+00
8.696681E-01
6.913080E-01
8.840119E-01
1.000000E+00
1.000000E+00
1.000000E+00
1.000000E+00
5.265818E-01
6.872017E-01
1.000000E+00
1.000000E+00
7.708589E-01
1.000000E+00
1.000000E+00
1.000000E+00
1.000000E+00
1.000000E+00
8.120006E-01
5.265818E-01
7.713150E-01
8.982850E-01
5.265818E-01
1.000000E+00
9.169650E-01
1.000000E+00
1.000000E+00
9.170595E-01
1.000000E+00
1.000000E+00
8.449820E-01
1.000000E+00
7.661012E-01
1.000000E+00
8.982725E-01
9.297745E-01
8.676720E-01
1.000000E+00
1.000000E+00
1.000000E+00
8.461509E-01
5.265818E-01
5.265818E-01
1.000000E+00
7.653227E-01
8.872222E-01
5.265818E-01
6.904763E-01
1.000000E+00
8.995313E-01
1.000000E+00
9.425702E-01
9.437463E-01
1.000000E+00
1.000000E+00
1.000000E+00
6.888779E-01
9.090319E-01
1.000000E+00
1.000000E+00
1.000000E+00
6.846013E-01
9.704911E-01
8.860572E-01
1.000000E+00
6.898835E-01
1.000000E+00
1.000000E+00
8.971200E-01
6.849016E-01
6.918953E-01
1.000000E+00
1.000000E+00
1.000000E+00
1.000000E+00
1.000000E+00
   NaN
1.000000E+00
1.000000E+00
1.000000E+00
1.000000E+00
1.000000E+00
   NaN
   NaN
1.000000E+00
1.000000E+00
1.000000E+00
1.000000E+00
   NaN
1.000000E+00
1.000000E+00
   NaN
1.000000E+00
1.000000E+00
1.000000E+00
   NaN
1.000000E+00
1.000000E+00
1.000000E+00
1.000000E+00
1.000000E+00
1.000000E+00
1.000000E+00
1.000000E+00
1.000000E+00
1.000000E+00
1.000000E+00
1.000000E+00
1.000000E+00
   NaN
1.000000E+00
1.000000E+00
1.000000E+00
1.000000E+00
1.000000E+00
1.000000E+00
1.000000E+00
1.000000E+00
1.000000E+00
1.000000E+00
1.000000E+00
1.000000E+00
1.000000E+00
1.000000E+00
1.000000E+00
1.000000E+00
1.000000E+00
1.000000E+00
1.000000E+00
1.000000E+00
1.000000E+00
1.000000E+00
1.000000E+00
1.000000E+00
1.000000E+00
1.000000E+00
1.000000E+00
1.000000E+00
   NaN
1.000000E+00
1.000000E+00
1.000000E+00
1.000000E+00
1.000000E+00
1.000000E+00
1.000000E+00
1.000000E+00
1.000000E+00
1.000000E+00
1.000000E+00
1.000000E+00
6.878974E-01
1.000000E+00
1.000000E+00
1.000000E+00
0.000000E+00
1.000000E+00
1.000000E+00
1.000000E+00
1.000000E+00
1.000000E+00
1.000000E+00
6.878974E-01
8.959542E-01
1.000000E+00
1.000000E+00
1.000000E+00
8.433223E-01
1.000000E+00
1.000000E+00
6.878974E-01
8.128636E-01
7.640467E-01
1.000000E+00
1.000000E+00
1.000000E+00
1.000000E+00
1.000000E+00
1.000000E+00
9.331251E-01
1.000000E+00
1.000000E+00
7.680605E-01
1.000000E+00
8.433223E-01
8.146451E-01
1.000000E+00
1.000000E+00
1.000000E+00
8.844683E-01
1.000000E+00
1.000000E+00
1.000000E+00
8.683146E-01
8.114534E-01
8.456830E-01
1.000000E+00
1.000000E+00
1.000000E+00
6.878974E-01
1.000000E+00
1.000000E+00
1.000000E+00
1.000000E+00
9.628576E-01
1.000000E+00
8.963354E-01
1.000000E+00
9.513311E-01
9.160673E-01
8.846162E-01
9.419457E-01
1.000000E+00
1.000000E+00
8.830899E-01
9.535112E-01
1.000000E+00
1.000000E+00
1.000000E+00
1.000000E+00
8.127161E-01
1.000000E+00
8.833562E-01
9.291306E-01
1.000000E+00
1.000000E+00
1.000000E+00
8.578877E-01
1.000000E+00
1.000000E+00
1.000000E+00
1.000000E+00
1.000000E+00
1.000000E+00
0.000000E+00
1.000000E+00
1.000000E+00
1.000000E+00
1.000000E+00
1.000000E+00
1.000000E+00
1.000000E+00
1.000000E+00
1.000000E+00
1.000000E+00
8.043732E-01
1.000000E+00
1.000000E+00
1.000000E+00
1.000000E+00
6.708354E-01
1.000000E+00
1.000000E+00
1.000000E+00
1.000000E+00
1.000000E+00
1.000000E+00
1.000000E+00
1.000000E+00
1.000000E+00
1.000000E+00
1.000000E+00
8.043732E-01
1.000000E+00
1.000000E+00
1.000000E+00
1.000000E+00
8.632016E-01
1.000000E+00
1.000000E+00
1.000000E+00
1.000000E+00
7.542094E-01
1.000000E+00
1.000000E+00
1.000000E+00
1.000000E+00
1.000000E+00
7.528639E-01
1.000000E+00
1.000000E+00
1.000000E+00
1.000000E+00
1.000000E+00
1.000000E+00
1.000000E+00
1.000000E+00
1.000000E+00
1.000000E+00
1.000000E+00
1.000000E+00
1.000000E+00
1.000000E+00
1.000000E+00
1.000000E+00
6.684179E-01
1.000000E+00
1.000000E+00
7.562809E-01
1.000000E+00
1.000000E+00
1.000000E+00
1.000000E+00
1.000000E+00
1.000000E+00
8.092478E-01
9.164351E-01
1.000000E+00
9.392651E-01
8.696681E-01
1.000000E+00
1.000000E+00
1.000000E+00
0.000000E+00
8.699203E-01
9.234871E-01
1.000000E+00
1.000000E+00
1.000000E+00
1.000000E+00
8.475707E-01
8.691967E-01
1.000000E+00
1.000000E+00
8.865215E-01
1.000000E+00
1.000000E+00
1.000000E+00
1.000000E+00
1.000000E+00
8.976174E-01
8.475707E-01
8.866335E-01
9.299696E-01
8.475707E-01
1.000000E+00
9.393617E-01
1.000000E+00
1.000000E+00
8.664516E-01
1.000000E+00
1.000000E+00
7.903415E-01
1.000000E+00
8.853668E-01
1.000000E+00
9.299637E-01
8.829921E-01
9.167021E-01
1.000000E+00
1.000000E+00
1.000000E+00
9.086591E-01
8.475707E-01
8.475707E-01
1.000000E+00
8.851801E-01
9.248974E-01
8.475707E-01
8.697729E-01
1.000000E+00
9.305627E-01
9.189981E-01
9.008412E-01
1.000000E+00
1.000000E+00
1.000000E+00
1.000000E+00
8.694908E-01
9.352373E-01
1.000000E+00
1.000000E+00
1.000000E+00
8.687442E-01
9.739150E-01
9.243825E-01
1.000000E+00
8.696681E-01
1.000000E+00
1.000000E+00
9.294193E-01
8.687962E-01
8.700247E-01
8.656040E-01
8.672596E-01
1.000000E+00
9.168866E-01
6.913080E-01
1.000000E+00
1.000000E+00
1.000000E+00
8.699203E-01
0.000000E+00
8.842118E-01
1.000000E+00
1.000000E+00
1.000000E+00
1.000000E+00
5.298934E-01
6.886508E-01
1.000000E+00
1.000000E+00
7.716375E-01
1.000000E+00
1.000000E+00
1.000000E+00
1.000000E+00
1.000000E+00
8.125251E-01
5.298934E-01
7.720906E-01
8.984387E-01
5.298934E-01
1.000000E+00
9.170675E-01
1.000000E+00
1.000000E+00
9.171618E-01
1.000000E+00
1.000000E+00
8.453388E-01
1.000000E+00
7.669124E-01
1.000000E+00
8.984262E-01
9.298478E-01
8.679320E-01
1.000000E+00
1.000000E+00
1.000000E+00
8.465023E-01
5.298934E-01
5.298934E-01
1.000000E+00
7.661394E-01
8.874112E-01
5.298934E-01
6.918953E-01
1.000000E+00
8.996813E-01
1.000000E+00
9.426192E-01
1.000000E+00
1.000000E+00
1.000000E+00
1.000000E+00
6.903116E-01
9.091549E-01
1.000000E+00
1.000000E+00
1.000000E+00
6.860746E-01
9.705040E-01
8.862501E-01
1.000000E+00
6.913080E-01
1.000000E+00
1.000000E+00
8.972772E-01
6.863721E-01
6.933014E-01
8.278906E-01
8.283423E-01
1.000000E+00
8.754968E-01
8.840119E-01
1.000000E+00
1.000000E+00
1.000000E+00
9.234871E-01
8.842118E-01
0.000000E+00
1.000000E+00
1.000000E+00
1.000000E+00
1.000000E+00
8.668314E-01
8.836388E-01
1.000000E+00
1.000000E+00
8.975526E-01
1.000000E+00
1.000000E+00
1.000000E+00
1.000000E+00
1.000000E+00
7.904595E-01
8.668314E-01
8.976439E-01
8.570498E-01
8.668314E-01
9.467814E-01
9.426609E-01
9.139741E-01
1.000000E+00
9.427060E-01
1.000000E+00
1.000000E+00
9.155965E-01
1.000000E+00
7.651523E-01
1.000000E+00
8.570376E-01
9.490753E-01
8.297837E-01
1.000000E+00
1.000000E+00
1.000000E+00
9.159442E-01
8.668314E-01
8.668314E-01
1.000000E+00
8.964605E-01
9.298933E-01
8.668314E-01
8.840950E-01
9.673032E-01
9.348548E-01
1.000000E+00
9.561587E-01
1.000000E+00
1.000000E+00
1.000000E+00
9.524463E-01
8.838715E-01
9.389866E-01
1.000000E+00
9.160198E-01
1.000000E+00
8.832808E-01
9.162663E-01
9.294449E-01
1.000000E+00
8.840119E-01
9.207794E-01
1.000000E+00
8.559201E-01
8.833220E-01
8.842945E-01
1.000000E+00
1.000000E+00
1.000000E+00
1.000000E+00
1.000000E+00
   NaN
1.000000E+00
1.000000E+00
1.000000E+00
1.000000E+00
1.000000E+00
   NaN
   NaN
1.000000E+00
1.000000E+00
1.000000E+00
1.000000E+00
   NaN
1.000000E+00
1.000000E+00
   NaN
1.000000E+00
1.000000E+00
1.000000E+00
   NaN
1.000000E+00
1.000000E+00
1.000000E+00
1.000000E+00
1.000000E+00
1.000000E+00
1.000000E+00
1.000000E+00
1.000000E+00
1.000000E+00
1.000000E+00
1.000000E+00
1.000000E+00
   NaN
1.000000E+00
1.000000E+00
1.000000E+00
1.000000E+00
1.000000E+00
1.000000E+00
1.000000E+00
1.000000E+00
1.000000E+00
1.000000E+00
1.000000E+00
1.000000E+00
1.000000E+00
1.000000E+00
1.000000E+00
1.000000E+00
1.000000E+00
1.000000E+00
1.000000E+00
1.000000E+00
1.000000E+00
1.000000E+00
1.000000E+00
1.000000E+00
1.000000E+00
1.000000E+00
1.000000E+00
1.000000E+00
   NaN
1.000000E+00
1.000000E+00
1.000000E+00
1.000000E+00
1.000000E+00
1.000000E+00
1.000000E+00
1.000000E+00
1.000000E+00
1.000000E+00
1.000000E+00
1.000000E+00
1.000000E+00
1.000000E+00
1.000000E+00
   NaN
1.000000E+00
1.000000E+00
1.000000E+00
1.000000E+00
1.000000E+00
   NaN
   NaN
1.000000E+00
1.000000E+00
1.000000E+00
1.000000E+00
   NaN
1.000000E+00
1.000000E+00
   NaN
1.000000E+00
1.000000E+00
1.000000E+00
   NaN
1.000000E+00
1.000000E+00
1.000000E+00
1.000000E+00
1.000000E+00
1.000000E+00
1.000000E+00
1.000000E+00
1.000000E+00
1.000000E+00
1.000000E+00
1.000000E+00
1.000000E+00
   NaN
1.000000E+00
1.000000E+00
1.000000E+00
1.000000E+00
1.000000E+00
1.000000E+00
1.000000E+00
1.000000E+00
1.000000E+00
1.000000E+00
1.000000E+00
1.000000E+00
1.000000E+00
1.000000E+00
1.000000E+00
1.000000E+00
1.000000E+00
1.000000E+00
1.000000E+00
1.000000E+00
1.000000E+00
1.000000E+00
1.000000E+00
1.000000E+00
1.000000E+00
1.000000E+00
1.000000E+00
1.000000E+00
   NaN
1.000000E+00
1.000000E+00
1.000000E+00
1.000000E+00
1.000000E+00
1.000000E+00
1.000000E+00
1.000000E+00
1.000000E+00
1.000000E+00
1.000000E+00
1.000000E+00
0.000000E+00
1.000000E+00
1.000000E+00
1.000000E+00
6.878974E-01
1.000000E+00
1.000000E+00
1.000000E+00
1.000000E+00
1.000000E+00
1.000000E+00
0.000000E+00
8.649940E-01
1.000000E+00
1.000000E+00
1.000000E+00
7.606770E-01
1.000000E+00
1.000000E+00
0.000000E+00
6.814904E-01
5.083708E-01
1.000000E+00
1.000000E+00
1.000000E+00
1.000000E+00
1.000000E+00
1.000000E+00
9.215638E-01
1.000000E+00
1.000000E+00
5.254804E-01
1.000000E+00
7.606770E-01
6.866169E-01
1.000000E+00
1.000000E+00
1.000000E+00
8.449988E-01
1.000000E+00
1.000000E+00
1.000000E+00
8.144638E-01
6.773835E-01
7.661418E-01
1.000000E+00
1.000000E+00
1.000000E+00
0.000000E+00
1.000000E+00
1.000000E+00
1.000000E+00
1.000000E+00
9.595458E-01
1.000000E+00
8.656351E-01
1.000000E+00
9.454830E-01
8.970159E-01
8.452649E-01
9.334273E-01
1.000000E+00
1.000000E+00
8.425075E-01
9.482040E-01
1.000000E+00
1.000000E+00
1.000000E+00
1.000000E+00
6.810628E-01
1.000000E+00
8.429903E-01
9.160115E-01
1.000000E+00
1.000000E+00
1.000000E+00
1.000000E+00
1.000000E+00
8.649940E-01
1.000000E+00
1.000000E+00
1.000000E+00
8.959542E-01
1.000000E+00
1.000000E+00
1.000000E+00
1.000000E+00
1.000000E+00
1.000000E+00
8.649940E-01
0.000000E+00
1.000000E+00
1.000000E+00
1.000000E+00
9.055314E-01
1.000000E+00
1.000000E+00
8.649940E-01
8.952518E-01
8.815324E-01
1.000000E+00
1.000000E+00
1.000000E+00
1.000000E+00
1.000000E+00
1.000000E+00
9.477978E-01
1.000000E+00
1.000000E+00
8.825529E-01
1.000000E+00
9.055314E-01
8.958123E-01
9.093463E-01
1.000000E+00
1.000000E+00
9.222313E-01
1.000000E+00
1.000000E+00
1.000000E+00
9.152317E-01
8.948114E-01
9.063948E-01
9.090979E-01
1.000000E+00
1.000000E+00
8.649940E-01
1.000000E+00
1.000000E+00
1.000000E+00
1.000000E+00
9.678729E-01
1.000000E+00
9.277952E-01
8.428534E-01
9.595959E-01
8.635896E-01
9.222983E-01
9.533326E-01
1.000000E+00
1.000000E+00
9.216091E-01
9.611100E-01
1.000000E+00
1.000000E+00
9.124509E-01
1.000000E+00
8.952055E-01
1.000000E+00
9.217289E-01
9.453954E-01
1.000000E+00
1.000000E+00
1.000000E+00
8.416098E-01
8.439043E-01
1.000000E+00
9.082954E-01
5.265818E-01
1.000000E+00
1.000000E+00
1.000000E+00
8.475707E-01
5.298934E-01
8.668314E-01
1.000000E+00
1.000000E+00
1.000000E+00
1.000000E+00
0.000000E+00
5.203033E-01
1.000000E+00
1.000000E+00
6.924805E-01
1.000000E+00
1.000000E+00
1.000000E+00
1.000000E+00
1.000000E+00
7.622936E-01
0.000000E+00
6.933014E-01
8.853092E-01
0.000000E+00
1.000000E+00
9.085155E-01
1.000000E+00
1.000000E+00
9.086303E-01
1.000000E+00
1.000000E+00
8.126838E-01
1.000000E+00
6.838500E-01
1.000000E+00
8.852932E-01
9.238243E-01
8.448333E-01
1.000000E+00
1.000000E+00
1.000000E+00
8.143879E-01
0.000000E+00
0.000000E+00
1.000000E+00
6.824261E-01
8.710459E-01
0.000000E+00
5.279619E-01
1.000000E+00
8.868913E-01
1.000000E+00
9.386513E-01
1.000000E+00
1.000000E+00
1.000000E+00
1.000000E+00
5.242343E-01
8.987912E-01
1.000000E+00
1.000000E+00
1.000000E+00
5.141605E-01
9.694896E-01
8.695205E-01
1.000000E+00
5.265818E-01
1.000000E+00
1.000000E+00
8.838258E-01
5.148727E-01
5.312543E-01
8.648315E-01
8.665060E-01
1.000000E+00
9.165918E-01
6.872017E-01
1.000000E+00
1.000000E+00
1.000000E+00
8.691967E-01
6.886508E-01
8.836388E-01
1.000000E+00
1.000000E+00
1.000000E+00
1.000000E+00
5.203033E-01
0.000000E+00
1.000000E+00
1.000000E+00
7.693981E-01
1.000000E+00
1.000000E+00
1.000000E+00
1.000000E+00
1.000000E+00
8.110184E-01
5.203033E-01
7.698600E-01
8.979981E-01
5.203033E-01
1.000000E+00
9.167739E-01
1.000000E+00
1.000000E+00
9.168689E-01
1.000000E+00
1.000000E+00
8.443148E-01
1.000000E+00
7.645788E-01
1.000000E+00
8.979855E-01
9.296379E-01
8.671861E-01
1.000000E+00
1.000000E+00
1.000000E+00
8.454937E-01
5.203033E-01
5.203033E-01
1.000000E+00
7.637902E-01
8.868695E-01
5.203033E-01
6.878048E-01
1.000000E+00
8.992515E-01
1.000000E+00
9.424788E-01
1.000000E+00
1.000000E+00
1.000000E+00
1.000000E+00
6.861786E-01
9.088025E-01
1.000000E+00
1.000000E+00
1.000000E+00
6.818269E-01
9.704670E-01
8.856972E-01
1.000000E+00
6.872017E-01
1.000000E+00
1.000000E+00
8.968265E-01
6.821326E-01
6.892483E-01
1.000000E+00
1.000000E+00
1.000000E+00
1.000000E+00
1.000000E+00
   NaN
1.000000E+00
1.000000E+00
1.000000E+00
1.000000E+00
1.000000E+00
   NaN
   NaN
1.000000E+00
1.000000E+00
1.000000E+00
1.000000E+00
   NaN
1.000000E+00
1.000000E+00
   NaN
1.000000E+00
1.000000E+00
1.000000E+00
   NaN
1.000000E+00
1.000000E+00
1.000000E+00
1.000000E+00
1.000000E+00
1.000000E+00
1.000000E+00
1.000000E+00
1.000000E+00
1.000000E+00
1.000000E+00
1.000000E+00
1.000000E+00
   NaN
1.000000E+00
1.000000E+00
1.000000E+00
1.000000E+00
1.000000E+00
1.000000E+00
1.000000E+00
1.000000E+00
1.000000E+00
1.000000E+00
1.000000E+00
1.000000E+00
1.000000E+00
1.000000E+00
1.000000E+00
1.000000E+00
1.000000E+00
1.000000E+00
1.000000E+00
1.000000E+00
1.000000E+00
1.000000E+00
1.000000E+00
1.000000E+00
1.000000E+00
1.000000E+00
1.000000E+00
1.000000E+00
   NaN
1.000000E+00
1.000000E+00
1.000000E+00
1.000000E+00
1.000000E+00
1.000000E+00
1.000000E+00
1.000000E+00
1.000000E+00
1.000000E+00
7.497605E-01
1.000000E+00
7.606770E-01
1.000000E+00
1.000000E+00
1.000000E+00
8.433223E-01
8.043732E-01
1.000000E+00
1.000000E+00
1.000000E+00
1.000000E+00
1.000000E+00
7.606770E-01
9.055314E-01
1.000000E+00
1.000000E+00
1.000000E+00
0.000000E+00
1.000000E+00
1.000000E+00
7.606770E-01
8.417240E-01
5.132043E-01
1.000000E+00
1.000000E+00
1.000000E+00
1.000000E+00
1.000000E+00
1.000000E+00
9.372162E-01
1.000000E+00
1.000000E+00
4.956521E-01
1.000000E+00
4.190035E-01
8.430002E-01
1.000000E+00
1.000000E+00
1.000000E+00
7.633711E-01
1.000000E+00
9.350585E-01
1.000000E+00
8.832899E-01
6.121221E-01
8.658537E-01
8.766296E-01
1.000000E+00
1.000000E+00
7.606770E-01
8.337843E-01
1.000000E+00
1.000000E+00
1.000000E+00
9.641548E-01
1.000000E+00
9.058458E-01
1.000000E+00
9.535345E-01
9.224126E-01
8.962775E-01
9.450538E-01
1.000000E+00
1.000000E+00
8.950458E-01
9.555258E-01
1.000000E+00
7.994291E-01
9.705115E-01
1.000000E+00
6.147491E-01
1.000000E+00
8.952604E-01
9.337083E-01
1.000000E+00
7.988563E-01
1.000000E+00
8.832505E-01
8.845019E-01
1.000000E+00
9.239914E-01
7.708589E-01
1.000000E+00
1.000000E+00
1.000000E+00
8.865215E-01
7.716375E-01
8.975526E-01
1.000000E+00
1.000000E+00
1.000000E+00
1.000000E+00
6.924805E-01
7.693981E-01
1.000000E+00
1.000000E+00
0.000000E+00
1.000000E+00
1.000000E+00
1.000000E+00
1.000000E+00
1.000000E+00
8.451700E-01
6.924805E-01
8.185894E-01
9.088499E-01
6.924805E-01
1.000000E+00
9.241427E-01
1.000000E+00
1.000000E+00
9.242216E-01
1.000000E+00
1.000000E+00
8.682545E-01
1.000000E+00
8.153238E-01
1.000000E+00
9.088399E-01
9.349778E-01
8.850113E-01
1.000000E+00
1.000000E+00
1.000000E+00
8.690998E-01
6.924805E-01
6.924805E-01
1.000000E+00
8.148388E-01
9.000652E-01
6.924805E-01
7.711827E-01
1.000000E+00
9.098521E-01
1.000000E+00
9.460977E-01
1.000000E+00
1.000000E+00
1.000000E+00
1.000000E+00
7.703104E-01
9.175760E-01
1.000000E+00
1.000000E+00
1.000000E+00
7.679878E-01
9.714511E-01
8.991515E-01
1.000000E+00
7.708589E-01
1.000000E+00
1.000000E+00
9.079155E-01
7.681504E-01
7.719591E-01
1.000000E+00
1.000000E+00
1.000000E+00
1.000000E+00
1.000000E+00
   NaN
1.000000E+00
1.000000E+00
1.000000E+00
1.000000E+00
1.000000E+00
   NaN
   NaN
1.000000E+00
1.000000E+00
1.000000E+00
1.000000E+00
   NaN
1.000000E+00
1.000000E+00
   NaN
1.000000E+00
1.000000E+00
1.000000E+00
   NaN
1.000000E+00
1.000000E+00
1.000000E+00
1.000000E+00
1.000000E+00
1.000000E+00
1.000000E+00
1.000000E+00
1.000000E+00
1.000000E+00
1.000000E+00
1.000000E+00
1.000000E+00
   NaN
1.000000E+00
1.000000E+00
1.000000E+00
1.000000E+00
1.000000E+00
1.000000E+00
1.000000E+00
1.000000E+00
1.000000E+00
1.000000E+00
1.000000E+00
1.000000E+00
1.000000E+00
1.000000E+00
1.000000E+00
1.000000E+00
1.000000E+00
1.000000E+00
1.000000E+00
1.000000E+00
1.000000E+00
1.000000E+00
1.000000E+00
1.000000E+00
1.000000E+00
1.000000E+00
1.000000E+00
1.000000E+00
   NaN
1.000000E+00
1.000000E+00
1.000000E+00
1.000000E+00
1.000000E+00
1.000000E+00
1.000000E+00
1.000000E+00
1.000000E+00
1.000000E+00
1.000000E+00
1.000000E+00
0.000000E+00
1.000000E+00
1.000000E+00
1.000000E+00
6.878974E-01
1.000000E+00
1.000000E+00
1.000000E+00
1.000000E+00
1.000000E+00
1.000000E+00
0.000000E+00
8.649940E-01
1.000000E+00
1.000000E+00
1.000000E+00
7.606770E-01
1.000000E+00
1.000000E+00
0.000000E+00
6.814904E-01
5.083708E-01
1.000000E+00
1.000000E+00
1.000000E+00
1.000000E+00
1.000000E+00
1.000000E+00
9.215638E-01
1.000000E+00
1.000000E+00
5.254804E-01
1.000000E+00
7.606770E-01
6.866169E-01
1.000000E+00
1.000000E+00
1.000000E+00
8.449988E-01
1.000000E+00
1.000000E+00
1.000000E+00
8.144638E-01
6.773835E-01
7.661418E-01
1.000000E+00
1.000000E+00
1.000000E+00
0.000000E+00
1.000000E+00
1.000000E+00
1.000000E+00
1.000000E+00
9.595458E-01
1.000000E+00
8.656351E-01
1.000000E+00
9.454830E-01
8.970159E-01
8.452649E-01
9.334273E-01
1.000000E+00
1.000000E+00
8.425075E-01
9.482040E-01
1.000000E+00
1.000000E+00
1.000000E+00
1.000000E+00
6.810628E-01
1.000000E+00
8.429903E-01
9.160115E-01
1.000000E+00
1.000000E+00
1.000000E+00
1.000000E+00
1.000000E+00
6.814904E-01
1.000000E+00
1.000000E+00
1.000000E+00
8.128636E-01
1.000000E+00
1.000000E+00
1.000000E+00
1.000000E+00
1.000000E+00
1.000000E+00
6.814904E-01
8.952518E-01
1.000000E+00
1.000000E+00
1.000000E+00
8.417240E-01
1.000000E+00
1.000000E+00
6.814904E-01
0.000000E+00
7.604031E-01
1.000000E+00
1.000000E+00
1.000000E+00
1.000000E+00
1.000000E+00
1.000000E+00
9.328356E-01
1.000000E+00
8.574025E-01
7.645406E-01
1.000000E+00
8.417240E-01
8.124040E-01
1.000000E+00
1.000000E+00
1.000000E+00
8.836016E-01
1.000000E+00
1.000000E+00
1.000000E+00
8.671874E-01
8.091340E-01
8.441328E-01
1.000000E+00
1.000000E+00
1.000000E+00
6.814904E-01
1.000000E+00
1.000000E+00
1.000000E+00
1.000000E+00
9.627684E-01
1.000000E+00
8.956381E-01
1.000000E+00
9.511779E-01
9.156108E-01
8.837518E-01
9.417276E-01
1.000000E+00
1.000000E+00
8.822023E-01
9.533715E-01
1.000000E+00
1.000000E+00
1.000000E+00
1.000000E+00
8.104278E-01
1.000000E+00
8.824726E-01
9.288055E-01
1.000000E+00
1.000000E+00
1.000000E+00
8.557588E-01
1.000000E+00
5.083708E-01
1.000000E+00
1.000000E+00
1.000000E+00
7.640467E-01
6.708354E-01
1.000000E+00
1.000000E+00
1.000000E+00
1.000000E+00
1.000000E+00
5.083708E-01
8.815324E-01
1.000000E+00
1.000000E+00
1.000000E+00
5.132043E-01
1.000000E+00
1.000000E+00
5.083708E-01
7.604031E-01
0.000000E+00
1.000000E+00
1.000000E+00
1.000000E+00
1.000000E+00
1.000000E+00
1.000000E+00
9.274483E-01
1.000000E+00
1.000000E+00
6.816754E-01
1.000000E+00
5.132043E-01
7.633156E-01
1.000000E+00
1.000000E+00
1.000000E+00
6.847193E-01
1.000000E+00
1.000000E+00
1.000000E+00
8.443298E-01
3.437808E-01
8.116814E-01
1.000000E+00
1.000000E+00
1.000000E+00
5.083708E-01
7.463536E-01
1.000000E+00
1.000000E+00
1.000000E+00
9.611701E-01
1.000000E+00
8.820264E-01
1.000000E+00
9.483923E-01
9.069273E-01
8.666082E-01
9.377150E-01
1.000000E+00
1.000000E+00
8.645640E-01
9.508371E-01
1.000000E+00
6.565918E-01
1.000000E+00
1.000000E+00
3.512647E-01
1.000000E+00
8.649212E-01
9.227229E-01
1.000000E+00
1.000000E+00
1.000000E+00
1.000000E+00
1.000000E+00
1.000000E+00
1.000000E+00
1.000000E+00
   NaN
1.000000E+00
1.000000E+00
1.000000E+00
1.000000E+00
1.000000E+00
   NaN
   NaN
1.000000E+00
1.000000E+00
1.000000E+00
1.000000E+00
   NaN
1.000000E+00
1.000000E+00
   NaN
1.000000E+00
1.000000E+00
1.000000E+00
   NaN
1.000000E+00
1.000000E+00
1.000000E+00
1.000000E+00
1.000000E+00
1.000000E+00
1.000000E+00
1.000000E+00
1.000000E+00
1.000000E+00
1.000000E+00
1.000000E+00
1.000000E+00
   NaN
1.000000E+00
1.000000E+00
1.000000E+00
1.000000E+00
1.000000E+00
1.000000E+00
1.000000E+00
1.000000E+00
1.000000E+00
1.000000E+00
1.000000E+00
1.000000E+00
1.000000E+00
1.000000E+00
1.000000E+00
1.000000E+00
1.000000E+00
1.000000E+00
1.000000E+00
1.000000E+00
1.000000E+00
1.000000E+00
1.000000E+00
1.000000E+00
1.000000E+00
1.000000E+00
1.000000E+00
1.000000E+00
   NaN
1.000000E+00
1.000000E+00
1.000000E+00
1.000000E+00
1.000000E+00
1.000000E+00
1.000000E+00
1.000000E+00
1.000000E+00
1.000000E+00
7.609496E-01
8.959763E-01
1.000000E+00
9.291356E-01
8.120006E-01
1.000000E+00
1.000000E+00
1.000000E+00
8.976174E-01
8.125251E-01
7.904595E-01
1.000000E+00
1.000000E+00
1.000000E+00
1.000000E+00
7.622936E-01
8.110184E-01
1.000000E+00
1.000000E+00
8.451700E-01
1.000000E+00
1.000000E+00
1.000000E+00
1.000000E+00
1.000000E+00
0.000000E+00
7.622936E-01
8.453784E-01
8.137248E-01
7.622936E-01
1.000000E+00
9.292671E-01
8.811964E-01
1.000000E+00
9.293357E-01
1.000000E+00
1.000000E+00
8.829785E-01
1.000000E+00
6.199217E-01
1.000000E+00
8.137041E-01
9.387795E-01
7.645861E-01
1.000000E+00
1.000000E+00
1.000000E+00
8.836458E-01
7.622936E-01
7.622936E-01
1.000000E+00
8.426620E-01
9.087722E-01
7.622936E-01
8.122187E-01
1.000000E+00
9.169981E-01
1.000000E+00
9.487367E-01
1.000000E+00
1.000000E+00
1.000000E+00
1.000000E+00
8.116315E-01
9.235908E-01
1.000000E+00
1.000000E+00
1.000000E+00
8.100723E-01
9.722088E-01
9.080114E-01
1.000000E+00
8.120006E-01
8.937958E-01
1.000000E+00
6.807024E-01
8.101813E-01
8.127419E-01
8.416098E-01
8.439043E-01
1.000000E+00
9.082954E-01
5.265818E-01
1.000000E+00
1.000000E+00
1.000000E+00
8.475707E-01
5.298934E-01
8.668314E-01
1.000000E+00
1.000000E+00
1.000000E+00
1.000000E+00
0.000000E+00
5.203033E-01
1.000000E+00
1.000000E+00
6.924805E-01
1.000000E+00
1.000000E+00
1.000000E+00
1.000000E+00
1.000000E+00
7.622936E-01
0.000000E+00
6.933014E-01
8.853092E-01
0.000000E+00
1.000000E+00
9.085155E-01
1.000000E+00
1.000000E+00
9.086303E-01
1.000000E+00
1.000000E+00
8.126838E-01
1.000000E+00
6.838500E-01
1.000000E+00
8.852932E-01
9.238243E-01
8.448333E-01
1.000000E+00
1.000000E+00
1.000000E+00
8.143879E-01
0.000000E+00
0.000000E+00
1.000000E+00
6.824261E-01
8.710459E-01
0.000000E+00
5.279619E-01
1.000000E+00
8.868913E-01
1.000000E+00
9.386513E-01
1.000000E+00
1.000000E+00
1.000000E+00
1.000000E+00
5.242343E-01
8.987912E-01
1.000000E+00
1.000000E+00
1.000000E+00
5.141605E-01
9.694896E-01
8.695205E-01
1.000000E+00
5.265818E-01
1.000000E+00
1.000000E+00
8.838258E-01
5.148727E-01
5.312543E-01
8.833690E-01
8.846179E-01
1.000000E+00
9.240417E-01
7.713150E-01
1.000000E+00
1.000000E+00
1.000000E+00
8.866335E-01
7.720906E-01
8.976439E-01
1.000000E+00
1.000000E+00
1.000000E+00
1.000000E+00
6.933014E-01
7.698600E-01
1.000000E+00
1.000000E+00
8.185894E-01
1.000000E+00
1.000000E+00
1.000000E+00
1.000000E+00
1.000000E+00
8.453784E-01
6.933014E-01
0.000000E+00
9.089222E-01
6.933014E-01
1.000000E+00
9.241927E-01
1.000000E+00
1.000000E+00
9.242715E-01
1.000000E+00
1.000000E+00
8.684054E-01
1.000000E+00
8.156201E-01
1.000000E+00
9.089121E-01
9.350146E-01
8.851263E-01
1.000000E+00
1.000000E+00
1.000000E+00
8.692487E-01
6.933014E-01
6.933014E-01
1.000000E+00
8.151368E-01
9.001520E-01
6.933014E-01
7.716375E-01
1.000000E+00
9.099228E-01
1.000000E+00
9.461230E-01
1.000000E+00
1.000000E+00
1.000000E+00
1.000000E+00
7.707687E-01
9.176351E-01
1.000000E+00
1.000000E+00
1.000000E+00
7.684554E-01
9.714582E-01
8.992399E-01
1.000000E+00
7.713150E-01
1.000000E+00
1.000000E+00
9.079892E-01
7.686173E-01
7.724109E-01
8.439040E-01
9.292056E-01
1.000000E+00
9.463049E-01
8.982850E-01
1.000000E+00
1.000000E+00
1.000000E+00
9.299696E-01
8.984387E-01
8.570498E-01
1.000000E+00
1.000000E+00
1.000000E+00
1.000000E+00
8.853092E-01
8.979981E-01
1.000000E+00
1.000000E+00
9.088499E-01
1.000000E+00
1.000000E+00
1.000000E+00
1.000000E+00
1.000000E+00
8.137248E-01
8.853092E-01
9.089222E-01
0.000000E+00
8.853092E-01
1.000000E+00
9.463804E-01
9.218708E-01
1.000000E+00
9.464199E-01
1.000000E+00
1.000000E+00
9.234166E-01
1.000000E+00
7.939900E-01
1.000000E+00
8.682633E-01
9.520306E-01
7.417556E-01
1.000000E+00
1.000000E+00
1.000000E+00
9.237030E-01
8.853092E-01
8.853092E-01
1.000000E+00
9.079865E-01
9.353746E-01
8.853092E-01
8.983488E-01
1.000000E+00
9.396141E-01
1.000000E+00
9.583669E-01
1.000000E+00
1.000000E+00
1.000000E+00
1.000000E+00
8.981770E-01
9.431807E-01
1.000000E+00
1.000000E+00
1.000000E+00
8.977232E-01
9.753055E-01
9.349937E-01
1.000000E+00
8.982850E-01
9.275251E-01
1.000000E+00
8.673150E-01
8.977548E-01
8.985023E-01
8.416098E-01
8.439043E-01
1.000000E+00
9.082954E-01
5.265818E-01
1.000000E+00
1.000000E+00
1.000000E+00
8.475707E-01
5.298934E-01
8.668314E-01
1.000000E+00
1.000000E+00
1.000000E+00
1.000000E+00
0.000000E+00
5.203033E-01
1.000000E+00
1.000000E+00
6.924805E-01
1.000000E+00
1.000000E+00
1.000000E+00
1.000000E+00
1.000000E+00
7.622936E-01
0.000000E+00
6.933014E-01
8.853092E-01
0.000000E+00
1.000000E+00
9.085155E-01
1.000000E+00
1.000000E+00
9.086303E-01
1.000000E+00
1.000000E+00
8.126838E-01
1.000000E+00
6.838500E-01
1.000000E+00
8.852932E-01
9.238243E-01
8.448333E-01
1.000000E+00
1.000000E+00
1.000000E+00
8.143879E-01
0.000000E+00
0.000000E+00
1.000000E+00
6.824261E-01
8.710459E-01
0.000000E+00
5.279619E-01
1.000000E+00
8.868913E-01
1.000000E+00
9.386513E-01
1.000000E+00
1.000000E+00
1.000000E+00
1.000000E+00
5.242343E-01
8.987912E-01
1.000000E+00
1.000000E+00
1.000000E+00
5.141605E-01
9.694896E-01
8.695205E-01
1.000000E+00
5.265818E-01
1.000000E+00
1.000000E+00
8.838258E-01
5.148727E-01
5.312543E-01
1.000000E+00
8.792523E-01
9.215638E-01
9.041030E-01
1.000000E+00
1.000000E+00
9.331251E-01
1.000000E+00
1.000000E+00
1.000000E+00
9.467814E-01
1.000000E+00
1.000000E+00
9.215638E-01
9.477978E-01
1.000000E+00
1.000000E+00
1.000000E+00
9.372162E-01
1.000000E+00
1.000000E+00
9.215638E-01
9.328356E-01
9.274483E-01
1.000000E+00
1.000000E+00
1.000000E+00
1.000000E+00
1.000000E+00
1.000000E+00
0.000000E+00
9.014255E-01
1.000000E+00
9.278323E-01
1.000000E+00
9.372162E-01
9.330665E-01
1.000000E+00
1.000000E+00
1.000000E+00
9.450573E-01
1.000000E+00
9.576067E-01
1.000000E+00
9.416536E-01
9.326548E-01
9.375987E-01
1.000000E+00
1.000000E+00
1.000000E+00
9.215638E-01
1.000000E+00
1.000000E+00
1.000000E+00
1.000000E+00
8.772594E-01
9.477870E-01
9.478940E-01
1.000000E+00
9.300385E-01
9.534005E-01
8.784488E-01
8.754251E-01
1.000000E+00
1.000000E+00
8.804027E-01
8.946532E-01
1.000000E+00
1.000000E+00
8.686308E-01
1.000000E+00
9.328166E-01
1.000000E+00
9.448070E-01
9.577267E-01
1.000000E+00
1.000000E+00
1.000000E+00
9.384401E-01
9.387898E-01
1.000000E+00
8.930443E-01
9.169650E-01
1.000000E+00
1.000000E+00
1.000000E+00
9.393617E-01
9.170675E-01
9.426609E-01
1.000000E+00
1.000000E+00
1.000000E+00
1.000000E+00
9.085155E-01
9.167739E-01
1.000000E+00
1.000000E+00
9.241427E-01
1.000000E+00
1.000000E+00
1.000000E+00
1.000000E+00
1.000000E+00
9.292671E-01
9.085155E-01
9.241927E-01
9.463804E-01
9.085155E-01
9.014255E-01
0.000000E+00
1.000000E+00
1.000000E+00
9.520966E-01
1.000000E+00
1.000000E+00
9.345095E-01
1.000000E+00
9.236284E-01
1.000000E+00
9.463770E-01
9.566318E-01
9.389332E-01
1.000000E+00
1.000000E+00
1.000000E+00
9.347190E-01
9.085155E-01
9.085155E-01
1.000000E+00
9.235456E-01
9.434566E-01
9.085155E-01
9.170076E-01
9.697013E-01
8.820411E-01
1.000000E+00
9.618773E-01
1.000000E+00
1.000000E+00
1.000000E+00
9.091073E-01
9.168931E-01
9.495240E-01
1.000000E+00
1.000000E+00
1.000000E+00
9.165910E-01
8.921020E-01
9.431652E-01
1.000000E+00
9.169650E-01
1.000000E+00
1.000000E+00
9.460584E-01
9.166120E-01
9.171099E-01
9.044264E-01
1.000000E+00
1.000000E+00
1.000000E+00
1.000000E+00
1.000000E+00
1.000000E+00
1.000000E+00
1.000000E+00
1.000000E+00
9.139741E-01
1.000000E+00
1.000000E+00
1.000000E+00
1.000000E+00
1.000000E+00
1.000000E+00
1.000000E+00
1.000000E+00
1.000000E+00
1.000000E+00
1.000000E+00
8.574025E-01
1.000000E+00
1.000000E+00
8.811964E-01
1.000000E+00
1.000000E+00
9.218708E-01
1.000000E+00
1.000000E+00
1.000000E+00
0.000000E+00
1.000000E+00
1.000000E+00
1.000000E+00
1.000000E+00
1.000000E+00
1.000000E+00
8.649296E-01
1.000000E+00
9.218637E-01
1.000000E+00
9.055759E-01
1.000000E+00
1.000000E+00
1.000000E+00
1.000000E+00
1.000000E+00
1.000000E+00
1.000000E+00
1.000000E+00
1.000000E+00
1.000000E+00
1.000000E+00
1.000000E+00
1.000000E+00
1.000000E+00
1.000000E+00
1.000000E+00
1.000000E+00
1.000000E+00
1.000000E+00
1.000000E+00
1.000000E+00
1.000000E+00
1.000000E+00
1.000000E+00
1.000000E+00
1.000000E+00
1.000000E+00
1.000000E+00
1.000000E+00
9.062093E-01
1.000000E+00
9.212052E-01
1.000000E+00
1.000000E+00
1.000000E+00
1.000000E+00
5.254804E-01
1.000000E+00
1.000000E+00
1.000000E+00
7.680605E-01
1.000000E+00
1.000000E+00
1.000000E+00
1.000000E+00
1.000000E+00
1.000000E+00
5.254804E-01
8.825529E-01
1.000000E+00
1.000000E+00
1.000000E+00
4.956521E-01
1.000000E+00
1.000000E+00
5.254804E-01
7.645406E-01
6.816754E-01
1.000000E+00
1.000000E+00
1.000000E+00
1.000000E+00
1.000000E+00
1.000000E+00
9.278323E-01
1.000000E+00
1.000000E+00
0.000000E+00
1.000000E+00
8.108156E-01
7.673540E-01
1.000000E+00
1.000000E+00
1.000000E+00
8.677066E-01
1.000000E+00
1.000000E+00
1.000000E+00
8.460871E-01
7.623038E-01
8.142469E-01
1.000000E+00
1.000000E+00
1.000000E+00
5.254804E-01
1.000000E+00
1.000000E+00
1.000000E+00
1.000000E+00
9.612804E-01
1.000000E+00
8.830384E-01
1.000000E+00
9.485869E-01
9.075583E-01
8.679005E-01
9.379982E-01
1.000000E+00
1.000000E+00
8.658961E-01
9.510138E-01
1.000000E+00
1.000000E+00
1.000000E+00
1.000000E+00
7.643070E-01
1.000000E+00
8.662463E-01
9.231584E-01
1.000000E+00
1.000000E+00
1.000000E+00
8.642818E-01
9.388412E-01
1.000000E+00
9.520364E-01
9.170595E-01
1.000000E+00
1.000000E+00
1.000000E+00
8.664516E-01
9.171618E-01
9.427060E-01
1.000000E+00
1.000000E+00
1.000000E+00
1.000000E+00
9.086303E-01
9.168689E-01
1.000000E+00
1.000000E+00
9.242216E-01
1.000000E+00
1.000000E+00
1.000000E+00
1.000000E+00
1.000000E+00
9.293357E-01
9.086303E-01
9.242715E-01
9.464199E-01
9.086303E-01
1.000000E+00
9.520966E-01
1.000000E+00
1.000000E+00
0.000000E+00
1.000000E+00
1.000000E+00
8.549771E-01
1.000000E+00
9.237084E-01
1.000000E+00
9.464164E-01
9.062989E-01
9.389843E-01
1.000000E+00
1.000000E+00
1.000000E+00
9.347774E-01
9.086303E-01
9.086303E-01
1.000000E+00
9.236257E-01
9.435004E-01
9.086303E-01
9.171020E-01
9.693522E-01
9.467677E-01
9.392918E-01
9.181042E-01
1.000000E+00
1.000000E+00
1.000000E+00
1.000000E+00
9.169878E-01
9.495589E-01
1.000000E+00
1.000000E+00
1.000000E+00
9.166863E-01
9.765919E-01
9.432095E-01
1.000000E+00
9.170595E-01
1.000000E+00
1.000000E+00
9.460983E-01
9.167073E-01
9.172041E-01
7.497605E-01
1.000000E+00
7.606770E-01
1.000000E+00
1.000000E+00
1.000000E+00
8.433223E-01
8.043732E-01
1.000000E+00
1.000000E+00
1.000000E+00
1.000000E+00
1.000000E+00
7.606770E-01
9.055314E-01
1.000000E+00
1.000000E+00
1.000000E+00
4.190035E-01
1.000000E+00
1.000000E+00
7.606770E-01
8.417240E-01
5.132043E-01
1.000000E+00
1.000000E+00
1.000000E+00
1.000000E+00
1.000000E+00
1.000000E+00
9.372162E-01
1.000000E+00
1.000000E+00
8.108156E-01
1.000000E+00
0.000000E+00
8.430002E-01
1.000000E+00
1.000000E+00
1.000000E+00
7.633711E-01
1.000000E+00
9.350585E-01
1.000000E+00
8.832899E-01
6.121221E-01
8.658537E-01
8.766296E-01
1.000000E+00
1.000000E+00
7.606770E-01
8.337843E-01
1.000000E+00
1.000000E+00
1.000000E+00
9.641548E-01
1.000000E+00
9.058458E-01
1.000000E+00
9.535345E-01
9.224126E-01
8.962775E-01
9.450538E-01
1.000000E+00
1.000000E+00
8.950458E-01
9.555258E-01
1.000000E+00
7.994291E-01
9.705115E-01
1.000000E+00
6.147491E-01
1.000000E+00
8.952604E-01
9.337083E-01
1.000000E+00
7.988563E-01
1.000000E+00
1.000000E+00
1.000000E+00
6.866169E-01
1.000000E+00
1.000000E+00
1.000000E+00
8.146451E-01
1.000000E+00
1.000000E+00
1.000000E+00
1.000000E+00
1.000000E+00
1.000000E+00
6.866169E-01
8.958123E-01
1.000000E+00
1.000000E+00
1.000000E+00
8.430002E-01
1.000000E+00
1.000000E+00
6.866169E-01
8.124040E-01
7.633156E-01
1.000000E+00
1.000000E+00
1.000000E+00
1.000000E+00
1.000000E+00
1.000000E+00
9.330665E-01
1.000000E+00
1.000000E+00
7.673540E-01
1.000000E+00
8.430002E-01
0.000000E+00
1.000000E+00
1.000000E+00
1.000000E+00
8.842933E-01
1.000000E+00
1.000000E+00
1.000000E+00
8.680872E-01
8.109869E-01
8.453706E-01
1.000000E+00
1.000000E+00
1.000000E+00
6.866169E-01
1.000000E+00
8.860666E-01
1.000000E+00
1.000000E+00
9.628395E-01
1.000000E+00
8.961945E-01
1.000000E+00
9.513000E-01
9.159750E-01
8.844417E-01
9.419015E-01
1.000000E+00
1.000000E+00
8.829107E-01
9.534829E-01
1.000000E+00
1.000000E+00
1.000000E+00
1.000000E+00
8.122558E-01
1.000000E+00
8.831778E-01
9.290648E-01
1.000000E+00
1.000000E+00
1.000000E+00
7.849436E-01
9.069325E-01
1.000000E+00
9.343968E-01
8.449820E-01
1.000000E+00
1.000000E+00
1.000000E+00
7.903415E-01
8.453388E-01
9.155965E-01
1.000000E+00
1.000000E+00
1.000000E+00
9.093463E-01
8.126838E-01
8.443148E-01
1.000000E+00
1.000000E+00
8.682545E-01
1.000000E+00
1.000000E+00
1.000000E+00
1.000000E+00
1.000000E+00
8.829785E-01
8.126838E-01
8.684054E-01
9.234166E-01
8.126838E-01
1.000000E+00
9.345095E-01
1.000000E+00
1.000000E+00
8.549771E-01
1.000000E+00
1.000000E+00
0.000000E+00
1.000000E+00
8.666955E-01
1.000000E+00
9.234095E-01
8.742766E-01
9.072635E-01
1.000000E+00
1.000000E+00
1.000000E+00
8.971843E-01
8.126838E-01
8.126838E-01
1.000000E+00
8.664430E-01
9.173093E-01
8.126838E-01
8.451303E-01
1.000000E+00
9.241253E-01
9.106762E-01
8.305016E-01
9.533249E-01
1.000000E+00
1.000000E+00
1.000000E+00
8.447311E-01
9.296722E-01
1.000000E+00
1.000000E+00
1.000000E+00
8.436733E-01
9.424176E-01
9.166847E-01
1.000000E+00
8.449820E-01
1.000000E+00
1.000000E+00
9.227580E-01
8.437471E-01
8.454863E-01
1.000000E+00
1.000000E+00
1.000000E+00
1.000000E+00
1.000000E+00
   NaN
1.000000E+00
1.000000E+00
1.000000E+00
1.000000E+00
1.000000E+00
   NaN
   NaN
1.000000E+00
1.000000E+00
1.000000E+00
1.000000E+00
   NaN
1.000000E+00
1.000000E+00
   NaN
1.000000E+00
1.000000E+00
1.000000E+00
   NaN
1.000000E+00
1.000000E+00
1.000000E+00
1.000000E+00
1.000000E+00
1.000000E+00
1.000000E+00
1.000000E+00
1.000000E+00
1.000000E+00
1.000000E+00
1.000000E+00
1.000000E+00
   NaN
1.000000E+00
1.000000E+00
1.000000E+00
1.000000E+00
1.000000E+00
1.000000E+00
1.000000E+00
1.000000E+00
1.000000E+00
1.000000E+00
1.000000E+00
1.000000E+00
1.000000E+00
1.000000E+00
1.000000E+00
1.000000E+00
1.000000E+00
1.000000E+00
1.000000E+00
1.000000E+00
1.000000E+00
1.000000E+00
1.000000E+00
1.000000E+00
1.000000E+00
1.000000E+00
1.000000E+00
1.000000E+00
   NaN
1.000000E+00
1.000000E+00
1.000000E+00
1.000000E+00
1.000000E+00
1.000000E+00
1.000000E+00
1.000000E+00
1.000000E+00
1.000000E+00
7.274424E-01
8.833054E-01
1.000000E+00
9.234751E-01
7.661012E-01
1.000000E+00
1.000000E+00
1.000000E+00
8.853668E-01
7.669124E-01
7.651523E-01
1.000000E+00
1.000000E+00
1.000000E+00
1.000000E+00
6.838500E-01
7.645788E-01
1.000000E+00
1.000000E+00
8.153238E-01
1.000000E+00
1.000000E+00
1.000000E+00
1.000000E+00
1.000000E+00
6.199217E-01
6.838500E-01
8.156201E-01
7.939900E-01
6.838500E-01
1.000000E+00
9.236284E-01
8.649296E-01
1.000000E+00
9.237084E-01
1.000000E+00
1.000000E+00
8.666955E-01
1.000000E+00
0.000000E+00
1.000000E+00
7.939647E-01
9.346003E-01
7.321597E-01
1.000000E+00
1.000000E+00
1.000000E+00
8.675608E-01
6.838500E-01
6.838500E-01
1.000000E+00
8.117445E-01
8.991707E-01
6.838500E-01
7.664386E-01
1.000000E+00
9.091249E-01
1.000000E+00
9.458385E-01
1.000000E+00
1.000000E+00
1.000000E+00
1.000000E+00
7.655296E-01
9.169685E-01
1.000000E+00
1.000000E+00
1.000000E+00
7.631089E-01
9.713785E-01
8.982405E-01
1.000000E+00
7.661012E-01
8.809824E-01
1.000000E+00
7.916355E-01
7.632783E-01
7.672475E-01
9.107530E-01
1.000000E+00
8.449988E-01
1.000000E+00
1.000000E+00
1.000000E+00
8.844683E-01
8.632016E-01
1.000000E+00
1.000000E+00
1.000000E+00
1.000000E+00
1.000000E+00
8.449988E-01
9.222313E-01
1.000000E+00
1.000000E+00
1.000000E+00
7.633711E-01
1.000000E+00
1.000000E+00
8.449988E-01
8.836016E-01
6.847193E-01
1.000000E+00
1.000000E+00
1.000000E+00
1.000000E+00
1.000000E+00
1.000000E+00
9.450573E-01
1.000000E+00
1.000000E+00
8.677066E-01
1.000000E+00
7.633711E-01
8.842933E-01
1.000000E+00
1.000000E+00
1.000000E+00
0.000000E+00
1.000000E+00
1.000000E+00
1.000000E+00
9.077605E-01
7.294122E-01
8.972003E-01
1.000000E+00
1.000000E+00
1.000000E+00
8.449988E-01
8.782645E-01
1.000000E+00
1.000000E+00
1.000000E+00
9.668554E-01
1.000000E+00
9.224444E-01
1.000000E+00
9.579734E-01
9.340448E-01
9.160667E-01
9.511545E-01
1.000000E+00
1.000000E+00
9.152619E-01
9.596091E-01
1.000000E+00
8.608021E-01
1.000000E+00
1.000000E+00
7.306932E-01
1.000000E+00
9.154019E-01
9.423895E-01
1.000000E+00
1.000000E+00
1.000000E+00
8.438895E-01
9.291996E-01
1.000000E+00
9.463014E-01
8.982725E-01
1.000000E+00
1.000000E+00
1.000000E+00
9.299637E-01
8.984262E-01
8.570376E-01
1.000000E+00
1.000000E+00
1.000000E+00
1.000000E+00
8.852932E-01
8.979855E-01
1.000000E+00
1.000000E+00
9.088399E-01
1.000000E+00
1.000000E+00
1.000000E+00
1.000000E+00
1.000000E+00
8.137041E-01
8.852932E-01
9.089121E-01
8.682633E-01
8.852932E-01
1.000000E+00
9.463770E-01
9.218637E-01
1.000000E+00
9.464164E-01
1.000000E+00
1.000000E+00
9.234095E-01
1.000000E+00
7.939647E-01
1.000000E+00
0.000000E+00
9.520278E-01
8.454485E-01
1.000000E+00
1.000000E+00
1.000000E+00
9.236959E-01
8.852932E-01
8.852932E-01
1.000000E+00
9.079762E-01
9.353695E-01
8.852932E-01
8.983363E-01
1.000000E+00
9.396096E-01
1.000000E+00
9.583648E-01
1.000000E+00
1.000000E+00
1.000000E+00
1.000000E+00
8.981645E-01
9.431768E-01
1.000000E+00
1.000000E+00
1.000000E+00
8.977105E-01
9.753048E-01
9.349886E-01
1.000000E+00
8.982725E-01
9.275190E-01
1.000000E+00
8.673045E-01
8.977421E-01
8.984899E-01
8.085694E-01
9.460447E-01
1.000000E+00
9.565824E-01
9.297745E-01
1.000000E+00
1.000000E+00
1.000000E+00
8.829921E-01
9.298478E-01
9.490753E-01
1.000000E+00
1.000000E+00
1.000000E+00
1.000000E+00
9.238243E-01
9.296379E-01
1.000000E+00
9.350585E-01
9.349778E-01
1.000000E+00
1.000000E+00
1.000000E+00
1.000000E+00
1.000000E+00
9.387795E-01
9.238243E-01
9.350146E-01
9.520306E-01
9.238243E-01
9.576067E-01
9.566318E-01
1.000000E+00
1.000000E+00
9.062989E-01
9.350585E-01
1.000000E+00
8.742766E-01
1.000000E+00
9.346003E-01
1.000000E+00
9.520278E-01
0.000000E+00
9.461561E-01
1.000000E+00
1.000000E+00
1.000000E+00
8.747211E-01
9.238243E-01
9.238243E-01
1.000000E+00
9.345396E-01
9.497039E-01
9.238243E-01
9.298049E-01
9.395131E-01
9.523096E-01
9.460252E-01
9.246372E-01
1.000000E+00
1.000000E+00
1.000000E+00
1.000000E+00
9.297230E-01
9.013928E-01
9.426474E-01
9.665471E-01
1.000000E+00
9.295071E-01
9.269275E-01
9.494735E-01
1.000000E+00
9.297745E-01
1.000000E+00
1.000000E+00
9.517731E-01
8.429778E-01
9.298782E-01
8.108121E-01
9.156190E-01
1.000000E+00
9.388352E-01
8.676720E-01
1.000000E+00
1.000000E+00
1.000000E+00
9.167021E-01
8.679320E-01
8.297837E-01
1.000000E+00
1.000000E+00
1.000000E+00
1.000000E+00
8.448333E-01
8.671861E-01
1.000000E+00
1.000000E+00
8.850113E-01
1.000000E+00
1.000000E+00
1.000000E+00
1.000000E+00
1.000000E+00
7.645861E-01
8.448333E-01
8.851263E-01
7.417556E-01
8.448333E-01
1.000000E+00
9.389332E-01
9.055759E-01
1.000000E+00
9.389843E-01
1.000000E+00
1.000000E+00
9.072635E-01
1.000000E+00
7.321597E-01
1.000000E+00
8.454485E-01
9.461561E-01
0.000000E+00
1.000000E+00
1.000000E+00
1.000000E+00
9.076832E-01
8.448333E-01
8.448333E-01
1.000000E+00
8.836337E-01
9.242389E-01
8.448333E-01
8.677800E-01
1.000000E+00
9.300001E-01
1.000000E+00
9.540123E-01
1.000000E+00
1.000000E+00
1.000000E+00
1.000000E+00
8.674892E-01
9.347482E-01
1.000000E+00
1.000000E+00
1.000000E+00
8.667195E-01
9.738360E-01
9.237149E-01
1.000000E+00
8.676720E-01
9.137119E-01
1.000000E+00
8.441417E-01
8.667732E-01
8.680396E-01
1.000000E+00
1.000000E+00
8.144638E-01
1.000000E+00
1.000000E+00
1.000000E+00
8.683146E-01
1.000000E+00
1.000000E+00
1.000000E+00
1.000000E+00
1.000000E+00
1.000000E+00
8.144638E-01
9.152317E-01
1.000000E+00
1.000000E+00
1.000000E+00
8.832899E-01
1.000000E+00
1.000000E+00
8.144638E-01
8.671874E-01
8.443298E-01
1.000000E+00
1.000000E+00
1.000000E+00
1.000000E+00
1.000000E+00
1.000000E+00
9.416536E-01
1.000000E+00
1.000000E+00
8.460871E-01
1.000000E+00
8.832899E-01
8.680872E-01
1.000000E+00
1.000000E+00
1.000000E+00
9.077605E-01
1.000000E+00
1.000000E+00
1.000000E+00
0.000000E+00
8.664787E-01
7.250752E-01
1.000000E+00
1.000000E+00
1.000000E+00
8.144638E-01
1.000000E+00
1.000000E+00
1.000000E+00
1.000000E+00
9.656465E-01
1.000000E+00
9.154849E-01
1.000000E+00
9.560105E-01
9.290781E-01
9.078548E-01
9.484827E-01
1.000000E+00
1.000000E+00
9.068840E-01
9.577993E-01
1.000000E+00
1.000000E+00
1.000000E+00
1.000000E+00
8.671131E-01
1.000000E+00
9.070530E-01
9.386359E-01
1.000000E+00
1.000000E+00
1.000000E+00
8.744245E-01
1.000000E+00
6.773835E-01
1.000000E+00
1.000000E+00
1.000000E+00
8.114534E-01
7.542094E-01
1.000000E+00
1.000000E+00
1.000000E+00
1.000000E+00
1.000000E+00
6.773835E-01
8.948114E-01
1.000000E+00
1.000000E+00
1.000000E+00
6.121221E-01
1.000000E+00
1.000000E+00
6.773835E-01
8.091340E-01
3.437808E-01
1.000000E+00
1.000000E+00
1.000000E+00
1.000000E+00
1.000000E+00
1.000000E+00
9.326548E-01
1.000000E+00
1.000000E+00
7.623038E-01
1.000000E+00
6.121221E-01
8.109869E-01
1.000000E+00
1.000000E+00
1.000000E+00
7.294122E-01
1.000000E+00
1.000000E+00
1.000000E+00
8.664787E-01
0.000000E+00
8.431557E-01
1.000000E+00
1.000000E+00
1.000000E+00
6.773835E-01
4.849685E-01
1.000000E+00
1.000000E+00
1.000000E+00
9.627129E-01
1.000000E+00
8.952010E-01
1.000000E+00
9.510825E-01
9.153252E-01
8.832091E-01
9.415916E-01
1.000000E+00
1.000000E+00
8.816451E-01
9.532845E-01
1.000000E+00
7.463536E-01
1.000000E+00
1.000000E+00
5.158187E-01
1.000000E+00
8.819180E-01
9.286023E-01
1.000000E+00
1.000000E+00
1.000000E+00
1.000000E+00
1.000000E+00
7.661418E-01
1.000000E+00
1.000000E+00
1.000000E+00
8.456830E-01
1.000000E+00
1.000000E+00
1.000000E+00
1.000000E+00
1.000000E+00
1.000000E+00
7.661418E-01
9.063948E-01
1.000000E+00
1.000000E+00
1.000000E+00
8.658537E-01
1.000000E+00
1.000000E+00
7.661418E-01
8.441328E-01
8.116814E-01
1.000000E+00
1.000000E+00
1.000000E+00
1.000000E+00
1.000000E+00
1.000000E+00
9.375987E-01
1.000000E+00
1.000000E+00
8.142469E-01
1.000000E+00
8.658537E-01
8.453706E-01
1.000000E+00
1.000000E+00
1.000000E+00
8.972003E-01
1.000000E+00
1.000000E+00
1.000000E+00
7.250752E-01
8.431557E-01
0.000000E+00
1.000000E+00
1.000000E+00
1.000000E+00
7.661418E-01
1.000000E+00
1.000000E+00
1.000000E+00
1.000000E+00
9.642798E-01
1.000000E+00
9.067035E-01
1.000000E+00
9.537444E-01
9.229960E-01
8.973174E-01
9.453470E-01
1.000000E+00
1.000000E+00
8.961104E-01
9.557181E-01
1.000000E+00
1.000000E+00
1.000000E+00
1.000000E+00
8.440305E-01
1.000000E+00
8.963207E-01
9.341347E-01
1.000000E+00
1.000000E+00
1.000000E+00
7.861659E-01
9.073551E-01
1.000000E+00
9.346070E-01
8.461509E-01
1.000000E+00
1.000000E+00
1.000000E+00
9.086591E-01
8.465023E-01
9.159442E-01
1.000000E+00
1.000000E+00
1.000000E+00
9.090979E-01
8.143879E-01
8.454937E-01
1.000000E+00
8.766296E-01
8.690998E-01
1.000000E+00
1.000000E+00
1.000000E+00
1.000000E+00
1.000000E+00
8.836458E-01
8.143879E-01
8.692487E-01
9.237030E-01
8.143879E-01
1.000000E+00
9.347190E-01
1.000000E+00
1.000000E+00
9.347774E-01
8.766296E-01
1.000000E+00
8.971843E-01
1.000000E+00
8.675608E-01
1.000000E+00
9.236959E-01
8.747211E-01
9.076832E-01
1.000000E+00
1.000000E+00
1.000000E+00
0.000000E+00
8.143879E-01
8.143879E-01
1.000000E+00
8.673116E-01
9.176431E-01
8.143879E-01
8.462970E-01
1.000000E+00
9.244064E-01
1.000000E+00
8.938853E-01
1.000000E+00
1.000000E+00
1.000000E+00
1.000000E+00
8.459038E-01
9.299138E-01
1.000000E+00
1.000000E+00
1.000000E+00
8.448619E-01
9.102855E-01
9.170236E-01
1.000000E+00
8.461509E-01
1.000000E+00
1.000000E+00
9.230493E-01
6.173950E-01
8.466477E-01
8.416098E-01
8.439043E-01
1.000000E+00
9.082954E-01
5.265818E-01
1.000000E+00
1.000000E+00
1.000000E+00
8.475707E-01
5.298934E-01
8.668314E-01
1.000000E+00
1.000000E+00
1.000000E+00
1.000000E+00
0.000000E+00
5.203033E-01
1.000000E+00
1.000000E+00
6.924805E-01
1.000000E+00
1.000000E+00
1.000000E+00
1.000000E+00
1.000000E+00
7.622936E-01
0.000000E+00
6.933014E-01
8.853092E-01
0.000000E+00
1.000000E+00
9.085155E-01
1.000000E+00
1.000000E+00
9.086303E-01
1.000000E+00
1.000000E+00
8.126838E-01
1.000000E+00
6.838500E-01
1.000000E+00
8.852932E-01
9.238243E-01
8.448333E-01
1.000000E+00
1.000000E+00
1.000000E+00
8.143879E-01
0.000000E+00
0.000000E+00
1.000000E+00
6.824261E-01
8.710459E-01
0.000000E+00
5.279619E-01
1.000000E+00
8.868913E-01
1.000000E+00
9.386513E-01
1.000000E+00
1.000000E+00
1.000000E+00
1.000000E+00
5.242343E-01
8.987912E-01
1.000000E+00
1.000000E+00
1.000000E+00
5.141605E-01
9.694896E-01
8.695205E-01
1.000000E+00
5.265818E-01
1.000000E+00
1.000000E+00
8.838258E-01
5.148727E-01
5.312543E-01
8.416098E-01
8.439043E-01
1.000000E+00
9.082954E-01
5.265818E-01
1.000000E+00
1.000000E+00
1.000000E+00
8.475707E-01
5.298934E-01
8.668314E-01
1.000000E+00
1.000000E+00
1.000000E+00
1.000000E+00
0.000000E+00
5.203033E-01
1.000000E+00
1.000000E+00
6.924805E-01
1.000000E+00
1.000000E+00
1.000000E+00
1.000000E+00
1.000000E+00
7.622936E-01
0.000000E+00
6.933014E-01
8.853092E-01
0.000000E+00
1.000000E+00
9.085155E-01
1.000000E+00
1.000000E+00
9.086303E-01
1.000000E+00
1.000000E+00
8.126838E-01
1.000000E+00
6.838500E-01
1.000000E+00
8.852932E-01
9.238243E-01
8.448333E-01
1.000000E+00
1.000000E+00
1.000000E+00
8.143879E-01
0.000000E+00
0.000000E+00
1.000000E+00
6.824261E-01
8.710459E-01
0.000000E+00
5.279619E-01
1.000000E+00
8.868913E-01
1.000000E+00
9.386513E-01
1.000000E+00
1.000000E+00
1.000000E+00
1.000000E+00
5.242343E-01
8.987912E-01
1.000000E+00
1.000000E+00
1.000000E+00
5.141605E-01
9.694896E-01
8.695205E-01
1.000000E+00
5.265818E-01
1.000000E+00
1.000000E+00
8.838258E-01
5.148727E-01
5.312543E-01
1.000000E+00
1.000000E+00
0.000000E+00
1.000000E+00
1.000000E+00
1.000000E+00
6.878974E-01
1.000000E+00
1.000000E+00
1.000000E+00
1.000000E+00
1.000000E+00
1.000000E+00
0.000000E+00
8.649940E-01
1.000000E+00
1.000000E+00
1.000000E+00
7.606770E-01
1.000000E+00
1.000000E+00
0.000000E+00
6.814904E-01
5.083708E-01
1.000000E+00
1.000000E+00
1.000000E+00
1.000000E+00
1.000000E+00
1.000000E+00
9.215638E-01
1.000000E+00
1.000000E+00
5.254804E-01
1.000000E+00
7.606770E-01
6.866169E-01
1.000000E+00
1.000000E+00
1.000000E+00
8.449988E-01
1.000000E+00
1.000000E+00
1.000000E+00
8.144638E-01
6.773835E-01
7.661418E-01
1.000000E+00
1.000000E+00
1.000000E+00
0.000000E+00
1.000000E+00
1.000000E+00
1.000000E+00
1.000000E+00
9.595458E-01
1.000000E+00
8.656351E-01
1.000000E+00
9.454830E-01
8.970159E-01
8.452649E-01
9.334273E-01
1.000000E+00
1.000000E+00
8.425075E-01
9.482040E-01
1.000000E+00
1.000000E+00
1.000000E+00
1.000000E+00
6.810628E-01
1.000000E+00
8.429903E-01
9.160115E-01
1.000000E+00
1.000000E+00
1.000000E+00
7.220065E-01
8.831120E-01
1.000000E+00
9.233919E-01
7.653227E-01
1.000000E+00
1.000000E+00
7.528639E-01
8.851801E-01
7.661394E-01
8.964605E-01
1.000000E+00
1.000000E+00
1.000000E+00
1.000000E+00
6.824261E-01
7.637902E-01
1.000000E+00
8.337843E-01
8.148388E-01
1.000000E+00
1.000000E+00
1.000000E+00
7.463536E-01
1.000000E+00
8.426620E-01
6.824261E-01
8.151368E-01
9.079865E-01
6.824261E-01
1.000000E+00
9.235456E-01
1.000000E+00
1.000000E+00
9.236257E-01
8.337843E-01
1.000000E+00
8.664430E-01
1.000000E+00
8.117445E-01
8.782645E-01
9.079762E-01
9.345396E-01
8.836337E-01
1.000000E+00
4.849685E-01
1.000000E+00
8.673116E-01
6.824261E-01
6.824261E-01
1.000000E+00
0.000000E+00
8.990263E-01
6.824261E-01
7.656624E-01
1.000000E+00
9.090076E-01
1.000000E+00
9.457969E-01
1.000000E+00
1.000000E+00
1.000000E+00
1.000000E+00
7.647473E-01
9.168706E-01
1.000000E+00
1.000000E+00
1.000000E+00
3.463400E-01
9.713669E-01
8.980934E-01
8.003030E-01
7.653227E-01
1.000000E+00
1.000000E+00
9.070341E-01
7.624809E-01
7.664766E-01
9.234785E-01
9.240181E-01
1.000000E+00
9.433725E-01
8.872222E-01
1.000000E+00
1.000000E+00
1.000000E+00
9.248974E-01
8.874112E-01
9.298933E-01
1.000000E+00
1.000000E+00
1.000000E+00
1.000000E+00
8.710459E-01
8.868695E-01
1.000000E+00
1.000000E+00
9.000652E-01
1.000000E+00
1.000000E+00
1.000000E+00
1.000000E+00
1.000000E+00
9.087722E-01
8.710459E-01
9.001520E-01
9.353746E-01
8.710459E-01
1.000000E+00
9.434566E-01
1.000000E+00
1.000000E+00
9.435004E-01
1.000000E+00
8.860666E-01
9.173093E-01
1.000000E+00
8.991707E-01
1.000000E+00
9.353695E-01
9.497039E-01
9.242389E-01
1.000000E+00
1.000000E+00
1.000000E+00
9.176431E-01
8.710459E-01
8.710459E-01
1.000000E+00
8.990263E-01
0.000000E+00
8.710459E-01
8.873007E-01
1.000000E+00
9.358800E-01
1.000000E+00
9.566254E-01
1.000000E+00
1.000000E+00
1.000000E+00
1.000000E+00
8.870895E-01
9.398867E-01
1.000000E+00
1.000000E+00
1.000000E+00
8.865311E-01
9.747031E-01
9.306458E-01
1.000000E+00
8.872222E-01
1.000000E+00
1.000000E+00
9.349063E-01
8.865700E-01
8.874894E-01
8.416098E-01
8.439043E-01
1.000000E+00
9.082954E-01
5.265818E-01
1.000000E+00
1.000000E+00
1.000000E+00
8.475707E-01
5.298934E-01
8.668314E-01
1.000000E+00
1.000000E+00
1.000000E+00
1.000000E+00
0.000000E+00
5.203033E-01
1.000000E+00
1.000000E+00
6.924805E-01
1.000000E+00
1.000000E+00
1.000000E+00
1.000000E+00
1.000000E+00
7.622936E-01
0.000000E+00
6.933014E-01
8.853092E-01
0.000000E+00
1.000000E+00
9.085155E-01
1.000000E+00
1.000000E+00
9.086303E-01
1.000000E+00
1.000000E+00
8.126838E-01
1.000000E+00
6.838500E-01
1.000000E+00
8.852932E-01
9.238243E-01
8.448333E-01
1.000000E+00
1.000000E+00
1.000000E+00
8.143879E-01
0.000000E+00
0.000000E+00
1.000000E+00
6.824261E-01
8.710459E-01
0.000000E+00
5.279619E-01
1.000000E+00
8.868913E-01
1.000000E+00
9.386513E-01
1.000000E+00
1.000000E+00
1.000000E+00
1.000000E+00
5.242343E-01
8.987912E-01
1.000000E+00
1.000000E+00
1.000000E+00
5.141605E-01
9.694896E-01
8.695205E-01
1.000000E+00
5.265818E-01
1.000000E+00
1.000000E+00
8.838258E-01
5.148727E-01
5.312543E-01
8.654466E-01
8.671061E-01
1.000000E+00
9.168265E-01
6.904763E-01
1.000000E+00
1.000000E+00
1.000000E+00
8.697729E-01
6.918953E-01
8.840950E-01
1.000000E+00
1.000000E+00
1.000000E+00
1.000000E+00
5.279619E-01
6.878048E-01
1.000000E+00
1.000000E+00
7.711827E-01
1.000000E+00
1.000000E+00
1.000000E+00
1.000000E+00
1.000000E+00
8.122187E-01
5.279619E-01
7.716375E-01
8.983488E-01
5.279619E-01
1.000000E+00
9.170076E-01
1.000000E+00
1.000000E+00
9.171020E-01
1.000000E+00
1.000000E+00
8.451303E-01
1.000000E+00
7.664386E-01
1.000000E+00
8.983363E-01
9.298049E-01
8.677800E-01
1.000000E+00
1.000000E+00
1.000000E+00
8.462970E-01
5.279619E-01
5.279619E-01
1.000000E+00
7.656624E-01
8.873007E-01
5.279619E-01
0.000000E+00
1.000000E+00
8.995936E-01
1.000000E+00
9.425905E-01
1.000000E+00
1.000000E+00
1.000000E+00
1.000000E+00
6.894745E-01
9.090830E-01
1.000000E+00
1.000000E+00
1.000000E+00
6.852144E-01
9.704965E-01
8.861373E-01
1.000000E+00
6.904763E-01
1.000000E+00
1.000000E+00
7.538881E-01
6.855136E-01
6.924805E-01
1.000000E+00
9.661272E-01
9.595458E-01
9.704602E-01
1.000000E+00
1.000000E+00
9.628576E-01
1.000000E+00
1.000000E+00
1.000000E+00
9.673032E-01
1.000000E+00
1.000000E+00
9.595458E-01
9.678729E-01
1.000000E+00
1.000000E+00
1.000000E+00
9.641548E-01
1.000000E+00
1.000000E+00
9.595458E-01
9.627684E-01
9.611701E-01
1.000000E+00
1.000000E+00
1.000000E+00
1.000000E+00
1.000000E+00
1.000000E+00
8.772594E-01
9.697013E-01
1.000000E+00
9.612804E-01
9.693522E-01
9.641548E-01
9.628395E-01
1.000000E+00
1.000000E+00
1.000000E+00
9.668554E-01
1.000000E+00
9.395131E-01
1.000000E+00
9.656465E-01
9.627129E-01
9.642798E-01
1.000000E+00
1.000000E+00
1.000000E+00
9.595458E-01
1.000000E+00
1.000000E+00
1.000000E+00
1.000000E+00
0.000000E+00
1.000000E+00
9.679094E-01
1.000000E+00
9.762257E-01
9.700863E-01
9.668676E-01
9.158782E-01
1.000000E+00
9.685787E-01
8.893203E-01
8.669723E-01
1.000000E+00
1.000000E+00
9.422880E-01
1.000000E+00
9.627626E-01
1.000000E+00
9.667645E-01
9.076155E-01
9.673607E-01
1.000000E+00
1.000000E+00
9.293515E-01
9.298116E-01
1.000000E+00
9.466542E-01
8.995313E-01
1.000000E+00
1.000000E+00
1.000000E+00
9.305627E-01
8.996813E-01
9.348548E-01
1.000000E+00
1.000000E+00
1.000000E+00
1.000000E+00
8.868913E-01
8.992515E-01
1.000000E+00
1.000000E+00
9.098521E-01
1.000000E+00
1.000000E+00
1.000000E+00
1.000000E+00
1.000000E+00
9.169981E-01
8.868913E-01
9.099228E-01
9.396141E-01
8.868913E-01
9.477870E-01
8.820411E-01
1.000000E+00
1.000000E+00
9.467677E-01
1.000000E+00
1.000000E+00
9.241253E-01
1.000000E+00
9.091249E-01
1.000000E+00
9.396096E-01
9.523096E-01
9.300001E-01
1.000000E+00
1.000000E+00
1.000000E+00
9.244064E-01
8.868913E-01
8.868913E-01
1.000000E+00
9.090076E-01
9.358800E-01
8.868913E-01
8.995936E-01
1.000000E+00
0.000000E+00
1.000000E+00
9.585772E-01
1.000000E+00
1.000000E+00
1.000000E+00
9.530362E-01
8.994260E-01
9.435718E-01
1.000000E+00
1.000000E+00
1.000000E+00
8.989832E-01
9.753797E-01
9.355051E-01
1.000000E+00
8.995313E-01
1.000000E+00
1.000000E+00
9.392053E-01
8.990141E-01
8.997434E-01
9.174439E-01
9.168347E-01
8.656351E-01
1.000000E+00
1.000000E+00
1.000000E+00
8.963354E-01
1.000000E+00
9.189981E-01
1.000000E+00
1.000000E+00
1.000000E+00
1.000000E+00
8.656351E-01
9.277952E-01
1.000000E+00
1.000000E+00
1.000000E+00
9.058458E-01
1.000000E+00
1.000000E+00
8.656351E-01
8.956381E-01
8.820264E-01
1.000000E+00
1.000000E+00
1.000000E+00
1.000000E+00
1.000000E+00
1.000000E+00
9.478940E-01
1.000000E+00
1.000000E+00
8.830384E-01
9.392918E-01
9.058458E-01
8.961945E-01
9.106762E-01
1.000000E+00
1.000000E+00
9.224444E-01
1.000000E+00
9.460252E-01
1.000000E+00
9.154849E-01
8.952010E-01
9.067035E-01
1.000000E+00
1.000000E+00
1.000000E+00
8.656351E-01
1.000000E+00
1.000000E+00
1.000000E+00
1.000000E+00
9.679094E-01
1.000000E+00
0.000000E+00
9.017804E-01
9.596536E-01
9.380907E-01
9.225111E-01
9.534095E-01
1.000000E+00
1.000000E+00
9.218257E-01
9.611634E-01
1.000000E+00
1.000000E+00
9.120778E-01
9.241986E-01
8.955923E-01
1.000000E+00
9.219449E-01
9.455006E-01
9.289211E-01
1.000000E+00
1.000000E+00
8.996500E-01
8.993353E-01
1.000000E+00
9.618391E-01
9.425702E-01
1.000000E+00
1.000000E+00
1.000000E+00
9.008412E-01
9.426192E-01
9.561587E-01
1.000000E+00
1.000000E+00
1.000000E+00
8.428534E-01
9.386513E-01
9.424788E-01
1.000000E+00
1.000000E+00
9.460977E-01
1.000000E+00
1.000000E+00
1.000000E+00
1.000000E+00
1.000000E+00
9.487367E-01
9.386513E-01
9.461230E-01
9.583669E-01
9.386513E-01
1.000000E+00
9.618773E-01
1.000000E+00
1.000000E+00
9.181042E-01
1.000000E+00
1.000000E+00
8.305016E-01
1.000000E+00
9.458385E-01
1.000000E+00
9.583648E-01
9.246372E-01
9.540123E-01
1.000000E+00
1.000000E+00
1.000000E+00
8.938853E-01
9.386513E-01
9.386513E-01
1.000000E+00
9.457969E-01
9.566254E-01
9.386513E-01
9.425905E-01
1.000000E+00
9.585772E-01
9.017804E-01
0.000000E+00
1.000000E+00
1.000000E+00
1.000000E+00
1.000000E+00
9.425358E-01
9.602872E-01
1.000000E+00
1.000000E+00
1.000000E+00
9.423915E-01
9.052860E-01
9.051198E-01
1.000000E+00
9.425702E-01
1.000000E+00
1.000000E+00
9.090416E-01
9.424015E-01
9.426395E-01
1.000000E+00
9.561713E-01
9.454830E-01
9.630599E-01
9.437463E-01
1.000000E+00
9.513311E-01
1.000000E+00
1.000000E+00
1.000000E+00
1.000000E+00
1.000000E+00
1.000000E+00
9.454830E-01
9.595959E-01
1.000000E+00
1.000000E+00
1.000000E+00
9.535345E-01
1.000000E+00
1.000000E+00
9.454830E-01
9.511779E-01
9.483923E-01
1.000000E+00
1.000000E+00
1.000000E+00
1.000000E+00
1.000000E+00
1.000000E+00
9.300385E-01
1.000000E+00
1.000000E+00
9.485869E-01
1.000000E+00
9.535345E-01
9.513000E-01
9.533249E-01
1.000000E+00
1.000000E+00
9.579734E-01
1.000000E+00
1.000000E+00
1.000000E+00
9.560105E-01
9.510825E-01
9.537444E-01
1.000000E+00
1.000000E+00
1.000000E+00
9.454830E-01
1.000000E+00
1.000000E+00
1.000000E+00
1.000000E+00
9.762257E-01
1.000000E+00
9.596536E-01
1.000000E+00
0.000000E+00
9.202910E-01
9.579930E-01
9.338189E-01
1.000000E+00
1.000000E+00
9.577924E-01
9.426635E-01
1.000000E+00
1.000000E+00
9.568471E-01
1.000000E+00
9.511679E-01
1.000000E+00
9.578272E-01
9.658112E-01
1.000000E+00
1.000000E+00
1.000000E+00
1.000000E+00
1.000000E+00
8.970159E-01
1.000000E+00
1.000000E+00
1.000000E+00
9.160673E-01
1.000000E+00
1.000000E+00
1.000000E+00
1.000000E+00
1.000000E+00
1.000000E+00
8.970159E-01
8.635896E-01
1.000000E+00
1.000000E+00
1.000000E+00
9.224126E-01
1.000000E+00
1.000000E+00
8.970159E-01
9.156108E-01
9.069273E-01
1.000000E+00
1.000000E+00
1.000000E+00
1.000000E+00
1.000000E+00
1.000000E+00
9.534005E-01
1.000000E+00
1.000000E+00
9.075583E-01
1.000000E+00
9.224126E-01
9.159750E-01
1.000000E+00
1.000000E+00
1.000000E+00
9.340448E-01
1.000000E+00
1.000000E+00
1.000000E+00
9.290781E-01
9.153252E-01
9.229960E-01
1.000000E+00
1.000000E+00
1.000000E+00
8.970159E-01
1.000000E+00
1.000000E+00
1.000000E+00
1.000000E+00
9.700863E-01
1.000000E+00
9.380907E-01
1.000000E+00
9.202910E-01
0.000000E+00
9.340930E-01
9.086066E-01
1.000000E+00
1.000000E+00
9.335978E-01
9.643071E-01
1.000000E+00
1.000000E+00
9.740737E-01
1.000000E+00
9.155808E-01
1.000000E+00
9.336838E-01
9.514955E-01
1.000000E+00
1.000000E+00
1.000000E+00
1.000000E+00
1.000000E+00
8.452649E-01
1.000000E+00
1.000000E+00
1.000000E+00
8.846162E-01
1.000000E+00
1.000000E+00
1.000000E+00
1.000000E+00
1.000000E+00
1.000000E+00
8.452649E-01
9.222983E-01
1.000000E+00
1.000000E+00
1.000000E+00
8.962775E-01
1.000000E+00
1.000000E+00
8.452649E-01
8.837518E-01
8.666082E-01
1.000000E+00
1.000000E+00
1.000000E+00
1.000000E+00
1.000000E+00
1.000000E+00
8.784488E-01
1.000000E+00
1.000000E+00
8.679005E-01
1.000000E+00
8.962775E-01
8.844417E-01
1.000000E+00
1.000000E+00
1.000000E+00
9.160667E-01
1.000000E+00
1.000000E+00
1.000000E+00
9.078548E-01
8.832091E-01
8.973174E-01
1.000000E+00
1.000000E+00
1.000000E+00
8.452649E-01
1.000000E+00
1.000000E+00
1.000000E+00
1.000000E+00
9.668676E-01
1.000000E+00
9.225111E-01
1.000000E+00
9.579930E-01
9.340930E-01
0.000000E+00
9.511810E-01
1.000000E+00
1.000000E+00
9.153415E-01
9.596272E-01
1.000000E+00
1.000000E+00
1.000000E+00
1.000000E+00
8.836948E-01
1.000000E+00
9.154812E-01
9.424263E-01
1.000000E+00
1.000000E+00
1.000000E+00
1.000000E+00
9.499175E-01
9.334273E-01
9.588435E-01
1.000000E+00
1.000000E+00
9.419457E-01
1.000000E+00
1.000000E+00
1.000000E+00
9.524463E-01
1.000000E+00
1.000000E+00
9.334273E-01
9.533326E-01
1.000000E+00
1.000000E+00
1.000000E+00
9.450538E-01
1.000000E+00
1.000000E+00
9.334273E-01
9.417276E-01
9.377150E-01
1.000000E+00
1.000000E+00
1.000000E+00
1.000000E+00
1.000000E+00
1.000000E+00
8.754251E-01
9.091073E-01
1.000000E+00
9.379982E-01
1.000000E+00
9.450538E-01
9.419015E-01
1.000000E+00
1.000000E+00
1.000000E+00
9.511545E-01
1.000000E+00
1.000000E+00
1.000000E+00
9.484827E-01
9.415916E-01
9.453470E-01
1.000000E+00
1.000000E+00
1.000000E+00
9.334273E-01
1.000000E+00
1.000000E+00
1.000000E+00
1.000000E+00
9.158782E-01
9.530362E-01
9.534095E-01
1.000000E+00
9.338189E-01
9.086066E-01
9.511810E-01
0.000000E+00
1.000000E+00
1.000000E+00
9.509098E-01
9.376418E-01
1.000000E+00
1.000000E+00
9.779506E-01
1.000000E+00
9.417133E-01
1.000000E+00
9.509568E-01
9.614310E-01
1.000000E+00
1.000000E+00
1.000000E+00
6.670836E-01
8.668123E-01
1.000000E+00
9.167115E-01
6.888779E-01
1.000000E+00
1.000000E+00
1.000000E+00
8.694908E-01
6.903116E-01
8.838715E-01
1.000000E+00
1.000000E+00
1.000000E+00
1.000000E+00
5.242343E-01
6.861786E-01
1.000000E+00
1.000000E+00
7.703104E-01
1.000000E+00
1.000000E+00
1.000000E+00
1.000000E+00
1.000000E+00
8.116315E-01
5.242343E-01
7.707687E-01
8.981770E-01
5.242343E-01
1.000000E+00
9.168931E-01
1.000000E+00
1.000000E+00
9.169878E-01
1.000000E+00
1.000000E+00
8.447311E-01
1.000000E+00
7.655296E-01
1.000000E+00
8.981645E-01
9.297230E-01
8.674892E-01
1.000000E+00
1.000000E+00
1.000000E+00
8.459038E-01
5.242343E-01
5.242343E-01
1.000000E+00
7.647473E-01
8.870895E-01
5.242343E-01
6.894745E-01
1.000000E+00
8.994260E-01
1.000000E+00
9.425358E-01
1.000000E+00
1.000000E+00
1.000000E+00
1.000000E+00
0.000000E+00
9.089456E-01
1.000000E+00
1.000000E+00
1.000000E+00
6.835611E-01
9.704820E-01
8.859217E-01
1.000000E+00
6.888779E-01
1.000000E+00
1.000000E+00
8.970095E-01
6.838634E-01
6.909028E-01
9.341849E-01
9.345845E-01
1.000000E+00
9.494570E-01
9.090319E-01
1.000000E+00
1.000000E+00
1.000000E+00
9.352373E-01
9.091549E-01
9.389866E-01
1.000000E+00
1.000000E+00
1.000000E+00
1.000000E+00
8.987912E-01
9.088025E-01
1.000000E+00
1.000000E+00
9.175760E-01
1.000000E+00
1.000000E+00
1.000000E+00
1.000000E+00
1.000000E+00
9.235908E-01
8.987912E-01
9.176351E-01
9.431807E-01
8.987912E-01
1.000000E+00
9.495240E-01
1.000000E+00
1.000000E+00
9.495589E-01
1.000000E+00
1.000000E+00
9.296722E-01
1.000000E+00
9.169685E-01
1.000000E+00
9.431768E-01
9.013928E-01
9.347482E-01
1.000000E+00
1.000000E+00
1.000000E+00
9.299138E-01
8.987912E-01
8.987912E-01
1.000000E+00
9.168706E-01
9.398867E-01
8.987912E-01
9.090830E-01
9.685787E-01
9.435718E-01
1.000000E+00
9.602872E-01
1.000000E+00
1.000000E+00
1.000000E+00
1.000000E+00
9.089456E-01
0.000000E+00
1.000000E+00
1.000000E+00
1.000000E+00
9.085828E-01
9.759940E-01
9.395573E-01
1.000000E+00
9.090319E-01
1.000000E+00
1.000000E+00
8.738044E-01
9.086080E-01
9.092058E-01
1.000000E+00
1.000000E+00
8.425075E-01
9.325089E-01
1.000000E+00
1.000000E+00
8.830899E-01
1.000000E+00
1.000000E+00
1.000000E+00
1.000000E+00
1.000000E+00
1.000000E+00
8.425075E-01
9.216091E-01
1.000000E+00
1.000000E+00
1.000000E+00
8.950458E-01
1.000000E+00
1.000000E+00
8.425075E-01
8.822023E-01
8.645640E-01
1.000000E+00
1.000000E+00
1.000000E+00
1.000000E+00
1.000000E+00
1.000000E+00
8.804027E-01
1.000000E+00
1.000000E+00
8.658961E-01
1.000000E+00
8.950458E-01
8.829107E-01
1.000000E+00
1.000000E+00
1.000000E+00
9.152619E-01
1.000000E+00
9.426474E-01
1.000000E+00
9.068840E-01
8.816451E-01
8.961104E-01
1.000000E+00
1.000000E+00
1.000000E+00
8.425075E-01
1.000000E+00
1.000000E+00
1.000000E+00
1.000000E+00
8.893203E-01
1.000000E+00
9.218257E-01
1.000000E+00
9.577924E-01
9.335978E-01
9.153415E-01
9.509098E-01
1.000000E+00
1.000000E+00
0.000000E+00
9.136106E-01
1.000000E+00
1.000000E+00
9.417824E-01
1.000000E+00
8.821439E-01
1.000000E+00
9.146652E-01
8.730952E-01
1.000000E+00
1.000000E+00
1.000000E+00
1.000000E+00
9.586593E-01
9.482040E-01
9.649365E-01
1.000000E+00
1.000000E+00
9.535112E-01
1.000000E+00
1.000000E+00
1.000000E+00
9.160198E-01
1.000000E+00
1.000000E+00
9.482040E-01
9.611100E-01
1.000000E+00
1.000000E+00
1.000000E+00
9.555258E-01
1.000000E+00
1.000000E+00
9.482040E-01
9.533715E-01
9.508371E-01
1.000000E+00
1.000000E+00
1.000000E+00
1.000000E+00
1.000000E+00
1.000000E+00
8.946532E-01
1.000000E+00
1.000000E+00
9.510138E-01
1.000000E+00
9.555258E-01
9.534829E-01
1.000000E+00
1.000000E+00
1.000000E+00
9.596091E-01
1.000000E+00
9.665471E-01
1.000000E+00
9.577993E-01
9.532845E-01
9.557181E-01
1.000000E+00
1.000000E+00
1.000000E+00
9.482040E-01
1.000000E+00
1.000000E+00
1.000000E+00
1.000000E+00
8.669723E-01
1.000000E+00
9.611634E-01
1.000000E+00
9.426635E-01
9.643071E-01
9.596272E-01
9.376418E-01
1.000000E+00
1.000000E+00
9.136106E-01
0.000000E+00
1.000000E+00
1.000000E+00
8.850423E-01
1.000000E+00
9.533624E-01
1.000000E+00
9.594740E-01
9.300125E-01
1.000000E+00
1.000000E+00
1.000000E+00
1.000000E+00
1.000000E+00
1.000000E+00
1.000000E+00
1.000000E+00
   NaN
1.000000E+00
1.000000E+00
1.000000E+00
1.000000E+00
1.000000E+00
   NaN
   NaN
1.000000E+00
1.000000E+00
1.000000E+00
1.000000E+00
   NaN
1.000000E+00
1.000000E+00
   NaN
1.000000E+00
1.000000E+00
1.000000E+00
   NaN
1.000000E+00
1.000000E+00
1.000000E+00
1.000000E+00
1.000000E+00
1.000000E+00
1.000000E+00
1.000000E+00
1.000000E+00
1.000000E+00
1.000000E+00
1.000000E+00
1.000000E+00
   NaN
1.000000E+00
1.000000E+00
1.000000E+00
1.000000E+00
1.000000E+00
1.000000E+00
1.000000E+00
1.000000E+00
1.000000E+00
1.000000E+00
1.000000E+00
1.000000E+00
1.000000E+00
1.000000E+00
1.000000E+00
1.000000E+00
1.000000E+00
1.000000E+00
1.000000E+00
1.000000E+00
1.000000E+00
1.000000E+00
1.000000E+00
1.000000E+00
1.000000E+00
1.000000E+00
1.000000E+00
1.000000E+00
   NaN
1.000000E+00
1.000000E+00
1.000000E+00
1.000000E+00
1.000000E+00
1.000000E+00
1.000000E+00
1.000000E+00
1.000000E+00
1.000000E+00
6.739866E-01
8.660347E-01
1.000000E+00
9.164081E-01
6.846013E-01
1.000000E+00
1.000000E+00
6.684179E-01
8.687442E-01
6.860746E-01
8.832808E-01
1.000000E+00
1.000000E+00
1.000000E+00
1.000000E+00
5.141605E-01
6.818269E-01
1.000000E+00
7.994291E-01
7.679878E-01
1.000000E+00
1.000000E+00
1.000000E+00
6.565918E-01
1.000000E+00
8.100723E-01
5.141605E-01
7.684554E-01
8.977232E-01
5.141605E-01
1.000000E+00
9.165910E-01
1.000000E+00
1.000000E+00
9.166863E-01
7.994291E-01
1.000000E+00
8.436733E-01
1.000000E+00
7.631089E-01
8.608021E-01
8.977105E-01
9.295071E-01
8.667195E-01
1.000000E+00
7.463536E-01
1.000000E+00
8.448619E-01
5.141605E-01
5.141605E-01
1.000000E+00
3.463400E-01
8.865311E-01
5.141605E-01
6.852144E-01
1.000000E+00
8.989832E-01
1.000000E+00
9.423915E-01
1.000000E+00
1.000000E+00
1.000000E+00
1.000000E+00
6.835611E-01
9.085828E-01
1.000000E+00
1.000000E+00
1.000000E+00
0.000000E+00
9.704440E-01
8.853517E-01
7.485590E-01
6.846013E-01
1.000000E+00
1.000000E+00
8.965452E-01
6.794469E-01
6.866820E-01
9.443309E-01
8.808124E-01
1.000000E+00
9.237147E-01
9.704911E-01
1.000000E+00
1.000000E+00
1.000000E+00
9.739150E-01
9.705040E-01
9.162663E-01
1.000000E+00
1.000000E+00
1.000000E+00
9.124509E-01
9.694896E-01
9.704670E-01
1.000000E+00
9.705115E-01
9.714511E-01
1.000000E+00
1.000000E+00
1.000000E+00
1.000000E+00
1.000000E+00
9.722088E-01
9.694896E-01
9.714582E-01
9.753055E-01
9.694896E-01
8.686308E-01
8.921020E-01
1.000000E+00
1.000000E+00
9.765919E-01
9.705115E-01
1.000000E+00
9.424176E-01
1.000000E+00
9.713785E-01
1.000000E+00
9.753048E-01
9.269275E-01
9.738360E-01
1.000000E+00
1.000000E+00
1.000000E+00
9.102855E-01
9.694896E-01
9.694896E-01
1.000000E+00
9.713669E-01
9.747031E-01
9.694896E-01
9.704965E-01
9.422880E-01
9.753797E-01
9.120778E-01
9.052860E-01
9.568471E-01
9.740737E-01
1.000000E+00
9.779506E-01
9.704820E-01
9.759940E-01
9.417824E-01
8.850423E-01
1.000000E+00
9.704440E-01
0.000000E+00
9.458673E-01
1.000000E+00
9.704911E-01
1.000000E+00
1.000000E+00
9.471669E-01
9.371086E-01
9.705094E-01
9.229439E-01
8.268502E-01
1.000000E+00
9.430803E-01
8.860572E-01
1.000000E+00
1.000000E+00
1.000000E+00
9.243825E-01
8.862501E-01
9.294449E-01
1.000000E+00
1.000000E+00
1.000000E+00
1.000000E+00
8.695205E-01
8.856972E-01
1.000000E+00
1.000000E+00
8.991515E-01
1.000000E+00
1.000000E+00
1.000000E+00
1.000000E+00
1.000000E+00
9.080114E-01
8.695205E-01
8.992399E-01
9.349937E-01
8.695205E-01
1.000000E+00
9.431652E-01
1.000000E+00
1.000000E+00
9.432095E-01
1.000000E+00
1.000000E+00
9.166847E-01
1.000000E+00
8.982405E-01
1.000000E+00
9.349886E-01
9.494735E-01
9.237149E-01
1.000000E+00
1.000000E+00
1.000000E+00
9.170236E-01
8.695205E-01
8.695205E-01
1.000000E+00
8.980934E-01
9.306458E-01
8.695205E-01
8.861373E-01
1.000000E+00
9.355051E-01
9.241986E-01
9.051198E-01
1.000000E+00
1.000000E+00
1.000000E+00
1.000000E+00
8.859217E-01
9.395573E-01
1.000000E+00
1.000000E+00
1.000000E+00
8.853517E-01
9.458673E-01
0.000000E+00
1.000000E+00
8.860572E-01
1.000000E+00
1.000000E+00
8.537031E-01
8.853914E-01
8.863299E-01
8.749675E-01
1.000000E+00
6.810628E-01
1.000000E+00
1.000000E+00
1.000000E+00
8.127161E-01
7.562809E-01
1.000000E+00
1.000000E+00
1.000000E+00
1.000000E+00
1.000000E+00
6.810628E-01
8.952055E-01
1.000000E+00
1.000000E+00
1.000000E+00
6.147491E-01
1.000000E+00
1.000000E+00
6.810628E-01
8.104278E-01
3.512647E-01
1.000000E+00
1.000000E+00
1.000000E+00
1.000000E+00
1.000000E+00
1.000000E+00
9.328166E-01
1.000000E+00
1.000000E+00
7.643070E-01
1.000000E+00
6.147491E-01
8.122558E-01
1.000000E+00
1.000000E+00
1.000000E+00
7.306932E-01
1.000000E+00
1.000000E+00
1.000000E+00
8.671131E-01
5.158187E-01
8.440305E-01
1.000000E+00
1.000000E+00
1.000000E+00
6.810628E-01
8.003030E-01
1.000000E+00
1.000000E+00
1.000000E+00
9.627626E-01
1.000000E+00
8.955923E-01
1.000000E+00
9.511679E-01
9.155808E-01
8.836948E-01
9.417133E-01
1.000000E+00
1.000000E+00
8.821439E-01
9.533624E-01
1.000000E+00
7.485590E-01
1.000000E+00
1.000000E+00
0.000000E+00
1.000000E+00
8.824145E-01
9.287841E-01
1.000000E+00
1.000000E+00
1.000000E+00
8.653347E-01
8.669969E-01
1.000000E+00
9.167837E-01
6.898835E-01
1.000000E+00
1.000000E+00
1.000000E+00
8.696681E-01
6.913080E-01
8.840119E-01
1.000000E+00
1.000000E+00
1.000000E+00
1.000000E+00
5.265818E-01
6.872017E-01
1.000000E+00
1.000000E+00
7.708589E-01
1.000000E+00
1.000000E+00
1.000000E+00
1.000000E+00
1.000000E+00
8.120006E-01
5.265818E-01
7.713150E-01
8.982850E-01
5.265818E-01
1.000000E+00
9.169650E-01
1.000000E+00
1.000000E+00
9.170595E-01
1.000000E+00
1.000000E+00
8.449820E-01
1.000000E+00
7.661012E-01
1.000000E+00
8.982725E-01
9.297745E-01
8.676720E-01
1.000000E+00
1.000000E+00
1.000000E+00
8.461509E-01
5.265818E-01
5.265818E-01
1.000000E+00
7.653227E-01
8.872222E-01
5.265818E-01
6.904763E-01
1.000000E+00
8.995313E-01
1.000000E+00
9.425702E-01
1.000000E+00
1.000000E+00
1.000000E+00
1.000000E+00
6.888779E-01
9.090319E-01
1.000000E+00
1.000000E+00
1.000000E+00
6.846013E-01
9.704911E-01
8.860572E-01
1.000000E+00
0.000000E+00
1.000000E+00
1.000000E+00
8.971200E-01
6.849016E-01
6.918953E-01
9.127530E-01
1.000000E+00
8.429903E-01
1.000000E+00
1.000000E+00
1.000000E+00
8.833562E-01
1.000000E+00
1.000000E+00
1.000000E+00
9.207794E-01
1.000000E+00
1.000000E+00
8.429903E-01
9.217289E-01
1.000000E+00
1.000000E+00
1.000000E+00
8.952604E-01
1.000000E+00
1.000000E+00
8.429903E-01
8.824726E-01
8.649212E-01
1.000000E+00
8.937958E-01
1.000000E+00
1.000000E+00
9.275251E-01
1.000000E+00
9.448070E-01
1.000000E+00
9.062093E-01
8.662463E-01
1.000000E+00
8.952604E-01
8.831778E-01
1.000000E+00
1.000000E+00
8.809824E-01
9.154019E-01
9.275190E-01
1.000000E+00
9.137119E-01
9.070530E-01
8.819180E-01
8.963207E-01
1.000000E+00
1.000000E+00
1.000000E+00
8.429903E-01
1.000000E+00
1.000000E+00
1.000000E+00
1.000000E+00
9.667645E-01
1.000000E+00
9.219449E-01
1.000000E+00
9.578272E-01
9.336838E-01
9.154812E-01
9.509568E-01
1.000000E+00
1.000000E+00
9.146652E-01
9.594740E-01
1.000000E+00
1.000000E+00
1.000000E+00
1.000000E+00
8.824145E-01
1.000000E+00
0.000000E+00
9.421143E-01
9.269528E-01
1.000000E+00
1.000000E+00
1.000000E+00
1.000000E+00
9.160115E-01
1.000000E+00
1.000000E+00
1.000000E+00
9.291306E-01
1.000000E+00
1.000000E+00
1.000000E+00
1.000000E+00
1.000000E+00
1.000000E+00
9.160115E-01
9.453954E-01
1.000000E+00
1.000000E+00
1.000000E+00
9.337083E-01
1.000000E+00
1.000000E+00
9.160115E-01
9.288055E-01
9.227229E-01
1.000000E+00
1.000000E+00
1.000000E+00
1.000000E+00
1.000000E+00
1.000000E+00
9.577267E-01
1.000000E+00
1.000000E+00
9.231584E-01
1.000000E+00
9.337083E-01
9.290648E-01
1.000000E+00
1.000000E+00
1.000000E+00
9.423895E-01
1.000000E+00
1.000000E+00
1.000000E+00
9.386359E-01
9.286023E-01
9.341347E-01
1.000000E+00
1.000000E+00
1.000000E+00
9.160115E-01
1.000000E+00
1.000000E+00
1.000000E+00
1.000000E+00
9.076155E-01
1.000000E+00
9.455006E-01
1.000000E+00
9.658112E-01
9.514955E-01
9.424263E-01
9.614310E-01
1.000000E+00
1.000000E+00
8.730952E-01
9.300125E-01
1.000000E+00
1.000000E+00
1.000000E+00
1.000000E+00
9.287841E-01
1.000000E+00
9.421143E-01
0.000000E+00
1.000000E+00
1.000000E+00
1.000000E+00
8.425560E-01
8.394807E-01
1.000000E+00
9.459820E-01
8.971200E-01
1.000000E+00
1.000000E+00
1.000000E+00
9.294193E-01
8.972772E-01
8.559201E-01
1.000000E+00
1.000000E+00
1.000000E+00
1.000000E+00
8.838258E-01
8.968265E-01
1.000000E+00
1.000000E+00
9.079155E-01
1.000000E+00
1.000000E+00
1.000000E+00
1.000000E+00
1.000000E+00
6.807024E-01
8.838258E-01
9.079892E-01
8.673150E-01
8.838258E-01
1.000000E+00
9.460584E-01
9.212052E-01
1.000000E+00
9.460983E-01
1.000000E+00
1.000000E+00
9.227580E-01
1.000000E+00
7.916355E-01
1.000000E+00
8.673045E-01
9.517731E-01
8.441417E-01
1.000000E+00
1.000000E+00
1.000000E+00
9.230493E-01
8.838258E-01
8.838258E-01
1.000000E+00
9.070341E-01
9.349063E-01
8.838258E-01
7.538881E-01
9.673607E-01
9.392053E-01
9.289211E-01
9.090416E-01
1.000000E+00
1.000000E+00
1.000000E+00
1.000000E+00
8.970095E-01
8.738044E-01
1.000000E+00
1.000000E+00
1.000000E+00
8.965452E-01
9.471669E-01
8.537031E-01
1.000000E+00
8.971200E-01
9.269528E-01
1.000000E+00
0.000000E+00
8.965775E-01
8.973423E-01
6.735080E-01
8.660889E-01
1.000000E+00
9.164292E-01
6.849016E-01
1.000000E+00
1.000000E+00
1.000000E+00
8.687962E-01
6.863721E-01
8.833220E-01
1.000000E+00
1.000000E+00
1.000000E+00
1.000000E+00
5.148727E-01
6.821326E-01
1.000000E+00
7.988563E-01
7.681504E-01
1.000000E+00
1.000000E+00
1.000000E+00
1.000000E+00
1.000000E+00
8.101813E-01
5.148727E-01
7.686173E-01
8.977548E-01
5.148727E-01
1.000000E+00
9.166120E-01
1.000000E+00
1.000000E+00
9.167073E-01
7.988563E-01
1.000000E+00
8.437471E-01
1.000000E+00
7.632783E-01
1.000000E+00
8.977421E-01
8.429778E-01
8.667732E-01
1.000000E+00
1.000000E+00
1.000000E+00
6.173950E-01
5.148727E-01
5.148727E-01
1.000000E+00
7.624809E-01
8.865700E-01
5.148727E-01
6.855136E-01
1.000000E+00
8.990141E-01
1.000000E+00
9.424015E-01
1.000000E+00
1.000000E+00
1.000000E+00
1.000000E+00
6.838634E-01
9.086080E-01
1.000000E+00
1.000000E+00
1.000000E+00
6.794469E-01
9.371086E-01
8.853914E-01
1.000000E+00
6.849016E-01
1.000000E+00
1.000000E+00
8.965775E-01
0.000000E+00
6.869784E-01
8.657155E-01
8.673683E-01
1.000000E+00
9.169293E-01
6.918953E-01
1.000000E+00
1.000000E+00
1.000000E+00
8.700247E-01
6.933014E-01
8.842945E-01
1.000000E+00
1.000000E+00
1.000000E+00
1.000000E+00
5.312543E-01
6.892483E-01
1.000000E+00
1.000000E+00
7.719591E-01
1.000000E+00
1.000000E+00
1.000000E+00
1.000000E+00
1.000000E+00
8.127419E-01
5.312543E-01
7.724109E-01
8.985023E-01
5.312543E-01
1.000000E+00
9.171099E-01
1.000000E+00
1.000000E+00
9.172041E-01
1.000000E+00
1.000000E+00
8.454863E-01
1.000000E+00
7.672475E-01
1.000000E+00
8.984899E-01
9.298782E-01
8.680396E-01
1.000000E+00
1.000000E+00
1.000000E+00
8.466477E-01
5.312543E-01
5.312543E-01
1.000000E+00
7.664766E-01
8.874894E-01
5.312543E-01
6.924805E-01
1.000000E+00
8.997434E-01
1.000000E+00
9.426395E-01
1.000000E+00
1.000000E+00
1.000000E+00
1.000000E+00
6.909028E-01
9.092058E-01
1.000000E+00
1.000000E+00
1.000000E+00
6.866820E-01
9.705094E-01
8.863299E-01
1.000000E+00
6.918953E-01
1.000000E+00
1.000000E+00
8.973423E-01
6.869784E-01
0.000000E+00
