1.000000E+00
1.000000E+00
1.000000E+00
1.000000E+00
1.000000E+00
1.000000E+00
8.665379E-01
1.000000E+00
1.000000E+00
1.000000E+00
1.000000E+00
1.000000E+00
1.000000E+00
1.000000E+00
1.000000E+00
1.000000E+00
1.000000E+00
1.000000E+00
1.000000E+00
1.000000E+00
1.000000E+00
1.000000E+00
9.220439E-01
1.000000E+00
1.000000E+00
1.000000E+00
1.000000E+00
1.000000E+00
8.681643E-01
1.000000E+00
1.000000E+00
1.000000E+00
1.000000E+00
1.000000E+00
1.000000E+00
1.000000E+00
1.000000E+00
8.289660E-01
8.657155E-01
8.649971E-01
1.000000E+00
9.288944E-01
1.000000E+00
6.785150E-01
8.657155E-01
8.416098E-01
1.000000E+00
8.962253E-01
8.959570E-01
8.416098E-01
8.432636E-01
8.123676E-01
9.295393E-01
9.149880E-01
8.657155E-01
8.653867E-01
7.855781E-01
6.800996E-01
8.375517E-01
8.821934E-01
7.259843E-01
9.776731E-01
8.818985E-01
8.654466E-01
1.000000E+00
6.753709E-01
7.258679E-01
8.833038E-01
8.967350E-01
8.443026E-01
8.962052E-01
1.000000E+00
1.000000E+00
9.230162E-01
8.673683E-01
8.666676E-01
1.000000E+00
9.293605E-01
8.786070E-01
8.655196E-01
8.673683E-01
8.439043E-01
1.000000E+00
8.972152E-01
8.969520E-01
8.439043E-01
8.435763E-01
9.162475E-01
9.299970E-01
9.156534E-01
8.673683E-01
8.670476E-01
9.071776E-01
9.156152E-01
9.229774E-01
8.834674E-01
8.827633E-01
9.276398E-01
8.831788E-01
8.671061E-01
1.000000E+00
9.154132E-01
8.827201E-01
8.845541E-01
8.977152E-01
9.293721E-01
8.971954E-01
1.000000E+00
1.000000E+00
1.000000E+00
1.000000E+00
1.000000E+00
1.000000E+00
1.000000E+00
6.791088E-01
1.000000E+00
1.000000E+00
1.000000E+00
1.000000E+00
1.000000E+00
1.000000E+00
1.000000E+00
1.000000E+00
1.000000E+00
1.000000E+00
1.000000E+00
1.000000E+00
1.000000E+00
1.000000E+00
1.000000E+00
8.816748E-01
1.000000E+00
1.000000E+00
1.000000E+00
1.000000E+00
1.000000E+00
6.883526E-01
1.000000E+00
1.000000E+00
1.000000E+00
1.000000E+00
1.000000E+00
1.000000E+00
1.000000E+00
1.000000E+00
9.428180E-01
9.169293E-01
9.166549E-01
1.000000E+00
9.463941E-01
9.204338E-01
9.162078E-01
9.169293E-01
9.082954E-01
1.000000E+00
9.297127E-01
9.295897E-01
9.082954E-01
8.837111E-01
9.391661E-01
9.467614E-01
9.388533E-01
9.169293E-01
9.168036E-01
9.345186E-01
9.388332E-01
1.000000E+00
9.235447E-01
9.232423E-01
9.345236E-01
9.234206E-01
9.168265E-01
1.000000E+00
9.387271E-01
9.232238E-01
9.240140E-01
9.299469E-01
9.464007E-01
9.297035E-01
1.000000E+00
1.000000E+00
8.850010E-01
6.918953E-01
6.880873E-01
1.000000E+00
8.986044E-01
1.000000E+00
6.817314E-01
6.918953E-01
5.265818E-01
1.000000E+00
8.160085E-01
8.151635E-01
5.265818E-01
8.977323E-01
8.692113E-01
8.999107E-01
8.677567E-01
6.918953E-01
6.901589E-01
8.456609E-01
8.676627E-01
8.847287E-01
7.667509E-01
7.639131E-01
9.753620E-01
7.655920E-01
6.904763E-01
1.000000E+00
8.671651E-01
7.637375E-01
7.710642E-01
8.176047E-01
8.986282E-01
8.159453E-01
1.000000E+00
   NaN
1.000000E+00
1.000000E+00
1.000000E+00
1.000000E+00
1.000000E+00
1.000000E+00
1.000000E+00
1.000000E+00
1.000000E+00
   NaN
1.000000E+00
1.000000E+00
1.000000E+00
1.000000E+00
1.000000E+00
1.000000E+00
1.000000E+00
1.000000E+00
1.000000E+00
1.000000E+00
1.000000E+00
1.000000E+00
1.000000E+00
1.000000E+00
1.000000E+00
1.000000E+00
1.000000E+00
1.000000E+00
1.000000E+00
1.000000E+00
1.000000E+00
1.000000E+00
1.000000E+00
1.000000E+00
   NaN
1.000000E+00
1.000000E+00
1.000000E+00
1.000000E+00
1.000000E+00
1.000000E+00
8.120440E-01
1.000000E+00
1.000000E+00
1.000000E+00
1.000000E+00
1.000000E+00
1.000000E+00
1.000000E+00
1.000000E+00
1.000000E+00
1.000000E+00
1.000000E+00
1.000000E+00
1.000000E+00
1.000000E+00
1.000000E+00
9.061505E-01
1.000000E+00
1.000000E+00
1.000000E+00
1.000000E+00
1.000000E+00
8.152537E-01
1.000000E+00
1.000000E+00
1.000000E+00
1.000000E+00
1.000000E+00
1.000000E+00
1.000000E+00
1.000000E+00
1.000000E+00
1.000000E+00
1.000000E+00
1.000000E+00
1.000000E+00
1.000000E+00
1.000000E+00
1.000000E+00
1.000000E+00
1.000000E+00
1.000000E+00
1.000000E+00
1.000000E+00
1.000000E+00
1.000000E+00
1.000000E+00
1.000000E+00
1.000000E+00
1.000000E+00
1.000000E+00
1.000000E+00
1.000000E+00
1.000000E+00
1.000000E+00
1.000000E+00
1.000000E+00
1.000000E+00
1.000000E+00
8.598139E-01
1.000000E+00
1.000000E+00
1.000000E+00
1.000000E+00
1.000000E+00
1.000000E+00
1.000000E+00
9.239188E-01
8.700247E-01
8.693519E-01
1.000000E+00
9.301212E-01
1.000000E+00
8.682498E-01
8.700247E-01
8.475707E-01
1.000000E+00
8.988177E-01
8.985627E-01
8.475707E-01
9.297081E-01
9.173146E-01
9.307441E-01
9.167357E-01
8.700247E-01
8.697167E-01
7.909445E-01
8.115250E-01
1.000000E+00
8.855230E-01
8.848437E-01
9.777955E-01
8.852446E-01
8.697729E-01
1.000000E+00
9.165015E-01
8.848019E-01
8.865719E-01
8.993023E-01
9.301325E-01
8.987986E-01
1.000000E+00
1.000000E+00
8.851974E-01
6.933014E-01
6.895283E-01
1.000000E+00
8.987572E-01
1.000000E+00
6.832315E-01
6.933014E-01
5.298934E-01
1.000000E+00
8.165109E-01
8.156705E-01
5.298934E-01
8.978877E-01
8.694653E-01
9.000595E-01
8.680164E-01
6.933014E-01
6.915809E-01
8.460145E-01
8.679228E-01
1.000000E+00
7.675576E-01
7.647395E-01
9.753710E-01
7.664067E-01
6.918953E-01
1.000000E+00
8.674271E-01
7.645652E-01
7.718415E-01
8.180984E-01
8.987809E-01
8.164480E-01
1.000000E+00
1.000000E+00
8.446221E-01
8.842945E-01
8.837616E-01
1.000000E+00
9.344664E-01
8.924675E-01
7.297074E-01
8.842945E-01
8.668314E-01
1.000000E+00
9.076811E-01
9.074688E-01
8.668314E-01
7.658880E-01
8.310439E-01
9.350145E-01
9.228324E-01
8.842945E-01
8.840505E-01
9.157981E-01
8.297762E-01
9.319383E-01
8.967395E-01
7.640706E-01
9.290532E-01
8.965130E-01
8.840950E-01
1.000000E+00
9.226313E-01
7.639842E-01
8.975936E-01
9.080847E-01
8.573841E-01
9.076652E-01
1.000000E+00
   NaN
1.000000E+00
1.000000E+00
1.000000E+00
1.000000E+00
1.000000E+00
1.000000E+00
1.000000E+00
1.000000E+00
1.000000E+00
   NaN
1.000000E+00
1.000000E+00
1.000000E+00
1.000000E+00
1.000000E+00
1.000000E+00
1.000000E+00
1.000000E+00
1.000000E+00
1.000000E+00
1.000000E+00
1.000000E+00
1.000000E+00
1.000000E+00
1.000000E+00
1.000000E+00
1.000000E+00
1.000000E+00
1.000000E+00
1.000000E+00
1.000000E+00
1.000000E+00
1.000000E+00
1.000000E+00
   NaN
   NaN
1.000000E+00
1.000000E+00
1.000000E+00
1.000000E+00
1.000000E+00
1.000000E+00
1.000000E+00
1.000000E+00
1.000000E+00
   NaN
1.000000E+00
1.000000E+00
1.000000E+00
1.000000E+00
1.000000E+00
1.000000E+00
1.000000E+00
1.000000E+00
1.000000E+00
1.000000E+00
1.000000E+00
1.000000E+00
1.000000E+00
1.000000E+00
1.000000E+00
1.000000E+00
1.000000E+00
1.000000E+00
1.000000E+00
1.000000E+00
1.000000E+00
1.000000E+00
1.000000E+00
1.000000E+00
   NaN
1.000000E+00
1.000000E+00
1.000000E+00
1.000000E+00
1.000000E+00
1.000000E+00
6.791088E-01
1.000000E+00
1.000000E+00
1.000000E+00
1.000000E+00
1.000000E+00
1.000000E+00
1.000000E+00
1.000000E+00
1.000000E+00
1.000000E+00
1.000000E+00
1.000000E+00
1.000000E+00
1.000000E+00
1.000000E+00
8.816748E-01
1.000000E+00
1.000000E+00
1.000000E+00
1.000000E+00
1.000000E+00
6.883526E-01
1.000000E+00
1.000000E+00
1.000000E+00
1.000000E+00
1.000000E+00
1.000000E+00
1.000000E+00
1.000000E+00
1.000000E+00
1.000000E+00
1.000000E+00
1.000000E+00
1.000000E+00
8.949955E-01
1.000000E+00
1.000000E+00
1.000000E+00
1.000000E+00
1.000000E+00
1.000000E+00
1.000000E+00
1.000000E+00
1.000000E+00
1.000000E+00
1.000000E+00
1.000000E+00
1.000000E+00
1.000000E+00
1.000000E+00
9.326978E-01
1.000000E+00
1.000000E+00
1.000000E+00
1.000000E+00
1.000000E+00
8.960048E-01
1.000000E+00
1.000000E+00
1.000000E+00
1.000000E+00
1.000000E+00
1.000000E+00
1.000000E+00
1.000000E+00
8.681335E-01
5.312543E-01
5.223831E-01
1.000000E+00
8.857151E-01
1.000000E+00
5.073170E-01
5.312543E-01
0.000000E+00
1.000000E+00
7.686651E-01
7.673277E-01
0.000000E+00
8.846060E-01
8.469455E-01
8.873719E-01
8.449498E-01
5.312543E-01
5.272234E-01
8.136741E-01
8.448205E-01
1.000000E+00
6.850358E-01
6.798392E-01
9.746678E-01
6.829190E-01
5.279619E-01
1.000000E+00
8.441359E-01
6.795163E-01
6.928502E-01
7.711827E-01
8.857453E-01
7.685651E-01
1.000000E+00
1.000000E+00
8.846342E-01
6.892483E-01
6.853742E-01
1.000000E+00
8.983194E-01
1.000000E+00
6.789060E-01
6.892483E-01
5.203033E-01
1.000000E+00
8.150678E-01
8.142141E-01
5.203033E-01
8.974423E-01
8.687366E-01
8.996330E-01
8.672715E-01
6.892483E-01
6.874819E-01
8.449995E-01
8.671767E-01
1.000000E+00
7.652370E-01
7.623620E-01
9.753452E-01
7.640629E-01
6.878048E-01
1.000000E+00
8.666755E-01
7.621842E-01
7.696060E-01
8.166803E-01
8.983433E-01
8.150039E-01
1.000000E+00
   NaN
1.000000E+00
1.000000E+00
1.000000E+00
1.000000E+00
1.000000E+00
1.000000E+00
1.000000E+00
1.000000E+00
1.000000E+00
   NaN
1.000000E+00
1.000000E+00
1.000000E+00
1.000000E+00
1.000000E+00
1.000000E+00
1.000000E+00
1.000000E+00
1.000000E+00
1.000000E+00
1.000000E+00
1.000000E+00
1.000000E+00
1.000000E+00
1.000000E+00
1.000000E+00
1.000000E+00
1.000000E+00
1.000000E+00
1.000000E+00
1.000000E+00
1.000000E+00
1.000000E+00
1.000000E+00
   NaN
1.000000E+00
1.000000E+00
1.000000E+00
1.000000E+00
1.000000E+00
1.000000E+00
8.411381E-01
1.000000E+00
1.000000E+00
1.000000E+00
1.000000E+00
1.000000E+00
1.000000E+00
1.000000E+00
1.000000E+00
1.000000E+00
1.000000E+00
1.000000E+00
1.000000E+00
1.000000E+00
1.000000E+00
1.000000E+00
8.076977E-01
1.000000E+00
1.000000E+00
1.000000E+00
1.000000E+00
1.000000E+00
8.434371E-01
7.527474E-01
1.000000E+00
1.000000E+00
1.000000E+00
1.000000E+00
1.000000E+00
1.000000E+00
1.000000E+00
8.983249E-01
7.719591E-01
7.698798E-01
1.000000E+00
9.091065E-01
1.000000E+00
7.664386E-01
7.719591E-01
6.924805E-01
1.000000E+00
8.478986E-01
8.473216E-01
6.924805E-01
9.084064E-01
8.861754E-01
9.101576E-01
8.850753E-01
7.719591E-01
7.710093E-01
8.687452E-01
8.850043E-01
1.000000E+00
8.157290E-01
8.139624E-01
9.760349E-01
8.150065E-01
7.711827E-01
1.000000E+00
8.846288E-01
8.138534E-01
8.184316E-01
8.489911E-01
9.091256E-01
8.478554E-01
1.000000E+00
   NaN
1.000000E+00
1.000000E+00
1.000000E+00
1.000000E+00
1.000000E+00
1.000000E+00
1.000000E+00
1.000000E+00
1.000000E+00
   NaN
1.000000E+00
1.000000E+00
1.000000E+00
1.000000E+00
1.000000E+00
1.000000E+00
1.000000E+00
1.000000E+00
1.000000E+00
1.000000E+00
1.000000E+00
1.000000E+00
1.000000E+00
1.000000E+00
1.000000E+00
1.000000E+00
1.000000E+00
1.000000E+00
1.000000E+00
1.000000E+00
1.000000E+00
1.000000E+00
1.000000E+00
1.000000E+00
   NaN
1.000000E+00
1.000000E+00
1.000000E+00
1.000000E+00
1.000000E+00
1.000000E+00
6.791088E-01
1.000000E+00
1.000000E+00
1.000000E+00
1.000000E+00
1.000000E+00
1.000000E+00
1.000000E+00
1.000000E+00
1.000000E+00
1.000000E+00
1.000000E+00
1.000000E+00
1.000000E+00
1.000000E+00
1.000000E+00
8.816748E-01
1.000000E+00
1.000000E+00
1.000000E+00
1.000000E+00
1.000000E+00
6.883526E-01
1.000000E+00
1.000000E+00
1.000000E+00
1.000000E+00
1.000000E+00
1.000000E+00
1.000000E+00
1.000000E+00
1.000000E+00
1.000000E+00
1.000000E+00
1.000000E+00
1.000000E+00
8.097392E-01
1.000000E+00
1.000000E+00
1.000000E+00
1.000000E+00
1.000000E+00
1.000000E+00
1.000000E+00
1.000000E+00
1.000000E+00
1.000000E+00
1.000000E+00
1.000000E+00
1.000000E+00
1.000000E+00
1.000000E+00
9.055794E-01
1.000000E+00
1.000000E+00
1.000000E+00
1.000000E+00
1.000000E+00
8.130274E-01
1.000000E+00
1.000000E+00
1.000000E+00
1.000000E+00
1.000000E+00
1.000000E+00
1.000000E+00
1.000000E+00
1.000000E+00
1.000000E+00
1.000000E+00
1.000000E+00
1.000000E+00
7.590579E-01
1.000000E+00
1.000000E+00
1.000000E+00
1.000000E+00
1.000000E+00
1.000000E+00
1.000000E+00
1.000000E+00
1.000000E+00
1.000000E+00
1.000000E+00
1.000000E+00
1.000000E+00
1.000000E+00
1.000000E+00
8.945741E-01
1.000000E+00
1.000000E+00
1.000000E+00
1.000000E+00
1.000000E+00
7.643070E-01
8.577427E-01
1.000000E+00
1.000000E+00
1.000000E+00
1.000000E+00
1.000000E+00
1.000000E+00
   NaN
1.000000E+00
1.000000E+00
1.000000E+00
1.000000E+00
1.000000E+00
1.000000E+00
1.000000E+00
1.000000E+00
1.000000E+00
   NaN
1.000000E+00
1.000000E+00
1.000000E+00
1.000000E+00
1.000000E+00
1.000000E+00
1.000000E+00
1.000000E+00
1.000000E+00
1.000000E+00
1.000000E+00
1.000000E+00
1.000000E+00
1.000000E+00
1.000000E+00
1.000000E+00
1.000000E+00
1.000000E+00
1.000000E+00
1.000000E+00
1.000000E+00
1.000000E+00
1.000000E+00
1.000000E+00
   NaN
1.000000E+00
7.920513E-01
8.127419E-01
8.113420E-01
1.000000E+00
9.163665E-01
1.000000E+00
5.175266E-01
8.127419E-01
7.622936E-01
1.000000E+00
8.671909E-01
8.667512E-01
7.622936E-01
8.128121E-01
7.669898E-01
9.172572E-01
8.964417E-01
8.127419E-01
8.121019E-01
8.833657E-01
7.645716E-01
9.129330E-01
8.433052E-01
6.170805E-01
9.765711E-01
8.427831E-01
8.122187E-01
1.000000E+00
8.960792E-01
6.168530E-01
8.452637E-01
8.680246E-01
8.142921E-01
8.671580E-01
1.000000E+00
1.000000E+00
8.681335E-01
5.312543E-01
5.223831E-01
1.000000E+00
8.857151E-01
1.000000E+00
5.073170E-01
5.312543E-01
0.000000E+00
1.000000E+00
7.686651E-01
7.673277E-01
0.000000E+00
8.846060E-01
8.469455E-01
8.873719E-01
8.449498E-01
5.312543E-01
5.272234E-01
8.136741E-01
8.448205E-01
1.000000E+00
6.850358E-01
6.798392E-01
9.746678E-01
6.829190E-01
5.279619E-01
1.000000E+00
8.441359E-01
6.795163E-01
6.928502E-01
7.711827E-01
8.857453E-01
7.685651E-01
1.000000E+00
1.000000E+00
8.984148E-01
7.724109E-01
7.703398E-01
1.000000E+00
9.091784E-01
1.000000E+00
7.669124E-01
7.724109E-01
6.933014E-01
1.000000E+00
8.480997E-01
8.475243E-01
6.933014E-01
9.084793E-01
8.862881E-01
9.102278E-01
8.851902E-01
7.724109E-01
7.714648E-01
8.688949E-01
8.851193E-01
1.000000E+00
8.160241E-01
8.142631E-01
9.760399E-01
8.153039E-01
7.716375E-01
1.000000E+00
8.847445E-01
8.141545E-01
8.187181E-01
8.491893E-01
9.091975E-01
8.480566E-01
1.000000E+00
1.000000E+00
8.577924E-01
8.985023E-01
8.980925E-01
1.000000E+00
9.392804E-01
1.000000E+00
7.672117E-01
8.985023E-01
8.853092E-01
1.000000E+00
9.169561E-01
9.167844E-01
8.853092E-01
8.678179E-01
8.465022E-01
9.397513E-01
9.294215E-01
8.985023E-01
8.983146E-01
9.235826E-01
8.454565E-01
9.369780E-01
9.082068E-01
7.931581E-01
9.548374E-01
9.080279E-01
8.983488E-01
1.000000E+00
9.292533E-01
7.930917E-01
9.088824E-01
9.172828E-01
8.685576E-01
9.169432E-01
1.000000E+00
1.000000E+00
8.681335E-01
5.312543E-01
5.223831E-01
1.000000E+00
8.857151E-01
1.000000E+00
5.073170E-01
5.312543E-01
0.000000E+00
1.000000E+00
7.686651E-01
7.673277E-01
0.000000E+00
8.846060E-01
8.469455E-01
8.873719E-01
8.449498E-01
5.312543E-01
5.272234E-01
8.136741E-01
8.448205E-01
1.000000E+00
6.850358E-01
6.798392E-01
9.746678E-01
6.829190E-01
5.279619E-01
1.000000E+00
8.441359E-01
6.795163E-01
6.928502E-01
7.711827E-01
8.857453E-01
7.685651E-01
1.000000E+00
1.000000E+00
1.000000E+00
1.000000E+00
1.000000E+00
1.000000E+00
9.475576E-01
8.545215E-01
1.000000E+00
1.000000E+00
1.000000E+00
1.000000E+00
1.000000E+00
1.000000E+00
1.000000E+00
9.497587E-01
1.000000E+00
1.000000E+00
1.000000E+00
1.000000E+00
1.000000E+00
1.000000E+00
1.000000E+00
9.504963E-01
1.000000E+00
1.000000E+00
9.125016E-01
1.000000E+00
1.000000E+00
9.331460E-01
1.000000E+00
1.000000E+00
1.000000E+00
1.000000E+00
1.000000E+00
1.000000E+00
1.000000E+00
1.000000E+00
9.429036E-01
9.171099E-01
9.168368E-01
1.000000E+00
8.814311E-01
1.000000E+00
9.163916E-01
9.171099E-01
9.085155E-01
1.000000E+00
9.298421E-01
9.297195E-01
9.085155E-01
9.462272E-01
9.392630E-01
9.468356E-01
9.389512E-01
9.171099E-01
9.169848E-01
9.346309E-01
9.389312E-01
1.000000E+00
9.236978E-01
9.233966E-01
9.572736E-01
9.235742E-01
9.170076E-01
1.000000E+00
9.388254E-01
9.233781E-01
9.241652E-01
9.300754E-01
9.464760E-01
9.298329E-01
1.000000E+00
1.000000E+00
9.145037E-01
1.000000E+00
1.000000E+00
1.000000E+00
1.000000E+00
1.000000E+00
8.413426E-01
1.000000E+00
1.000000E+00
1.000000E+00
1.000000E+00
1.000000E+00
1.000000E+00
9.215546E-01
9.063398E-01
1.000000E+00
1.000000E+00
1.000000E+00
1.000000E+00
1.000000E+00
9.055713E-01
9.214554E-01
1.000000E+00
8.642239E-01
1.000000E+00
1.000000E+00
1.000000E+00
1.000000E+00
1.000000E+00
8.641675E-01
1.000000E+00
1.000000E+00
9.220677E-01
1.000000E+00
1.000000E+00
1.000000E+00
1.000000E+00
1.000000E+00
1.000000E+00
1.000000E+00
1.000000E+00
7.632416E-01
1.000000E+00
1.000000E+00
1.000000E+00
1.000000E+00
1.000000E+00
1.000000E+00
1.000000E+00
1.000000E+00
1.000000E+00
1.000000E+00
1.000000E+00
1.000000E+00
1.000000E+00
1.000000E+00
1.000000E+00
8.953830E-01
1.000000E+00
1.000000E+00
1.000000E+00
1.000000E+00
1.000000E+00
7.683120E-01
1.000000E+00
1.000000E+00
1.000000E+00
1.000000E+00
1.000000E+00
1.000000E+00
1.000000E+00
1.000000E+00
9.429483E-01
9.172041E-01
9.169316E-01
1.000000E+00
9.465086E-01
1.000000E+00
9.164874E-01
9.172041E-01
9.086303E-01
1.000000E+00
9.299095E-01
9.297873E-01
9.086303E-01
9.462669E-01
9.393136E-01
9.468744E-01
9.390023E-01
9.172041E-01
9.170792E-01
8.552659E-01
8.654385E-01
1.000000E+00
9.237776E-01
9.234770E-01
9.570200E-01
9.236543E-01
9.171020E-01
1.000000E+00
9.388768E-01
9.234586E-01
9.242440E-01
9.301424E-01
9.465153E-01
9.299004E-01
1.000000E+00
1.000000E+00
1.000000E+00
1.000000E+00
1.000000E+00
1.000000E+00
1.000000E+00
8.411381E-01
1.000000E+00
1.000000E+00
1.000000E+00
1.000000E+00
1.000000E+00
1.000000E+00
1.000000E+00
1.000000E+00
1.000000E+00
1.000000E+00
1.000000E+00
1.000000E+00
1.000000E+00
1.000000E+00
1.000000E+00
8.076977E-01
1.000000E+00
1.000000E+00
1.000000E+00
1.000000E+00
1.000000E+00
8.434371E-01
7.527474E-01
1.000000E+00
1.000000E+00
1.000000E+00
1.000000E+00
1.000000E+00
1.000000E+00
1.000000E+00
1.000000E+00
1.000000E+00
1.000000E+00
1.000000E+00
1.000000E+00
8.115804E-01
1.000000E+00
1.000000E+00
1.000000E+00
1.000000E+00
1.000000E+00
1.000000E+00
1.000000E+00
1.000000E+00
1.000000E+00
1.000000E+00
1.000000E+00
1.000000E+00
1.000000E+00
1.000000E+00
1.000000E+00
9.060350E-01
1.000000E+00
1.000000E+00
1.000000E+00
1.000000E+00
1.000000E+00
8.148058E-01
1.000000E+00
1.000000E+00
1.000000E+00
1.000000E+00
1.000000E+00
1.000000E+00
1.000000E+00
1.000000E+00
9.161214E-01
8.454863E-01
8.445345E-01
1.000000E+00
9.235978E-01
1.000000E+00
8.429715E-01
8.454863E-01
8.126838E-01
1.000000E+00
8.845439E-01
8.842118E-01
8.126838E-01
9.231037E-01
9.080222E-01
9.243418E-01
9.073052E-01
8.454863E-01
8.450509E-01
7.613911E-01
7.878337E-01
1.000000E+00
8.669068E-01
8.659876E-01
9.771762E-01
8.665302E-01
8.451303E-01
1.000000E+00
9.070149E-01
8.659311E-01
8.683224E-01
8.851745E-01
9.236113E-01
8.845190E-01
1.000000E+00
   NaN
1.000000E+00
1.000000E+00
1.000000E+00
1.000000E+00
1.000000E+00
1.000000E+00
1.000000E+00
1.000000E+00
1.000000E+00
   NaN
1.000000E+00
1.000000E+00
1.000000E+00
1.000000E+00
1.000000E+00
1.000000E+00
1.000000E+00
1.000000E+00
1.000000E+00
1.000000E+00
1.000000E+00
1.000000E+00
1.000000E+00
1.000000E+00
1.000000E+00
1.000000E+00
1.000000E+00
1.000000E+00
1.000000E+00
1.000000E+00
1.000000E+00
1.000000E+00
1.000000E+00
1.000000E+00
   NaN
1.000000E+00
7.671500E-01
7.672475E-01
7.650809E-01
1.000000E+00
9.083672E-01
1.000000E+00
3.583096E-01
7.672475E-01
6.838500E-01
1.000000E+00
8.458168E-01
8.452239E-01
6.838500E-01
7.928730E-01
7.352668E-01
9.094353E-01
8.838908E-01
7.672475E-01
7.662579E-01
8.671978E-01
7.321410E-01
9.045046E-01
8.126646E-01
5.231840E-01
9.759838E-01
8.119178E-01
7.664386E-01
1.000000E+00
8.834349E-01
5.228312E-01
8.154571E-01
8.469393E-01
7.946836E-01
8.457724E-01
1.000000E+00
1.000000E+00
1.000000E+00
1.000000E+00
1.000000E+00
1.000000E+00
1.000000E+00
8.832851E-01
1.000000E+00
1.000000E+00
1.000000E+00
1.000000E+00
1.000000E+00
1.000000E+00
1.000000E+00
1.000000E+00
1.000000E+00
1.000000E+00
1.000000E+00
1.000000E+00
1.000000E+00
1.000000E+00
1.000000E+00
9.280723E-01
1.000000E+00
1.000000E+00
1.000000E+00
1.000000E+00
1.000000E+00
8.845308E-01
9.115166E-01
1.000000E+00
1.000000E+00
1.000000E+00
1.000000E+00
1.000000E+00
1.000000E+00
1.000000E+00
8.577804E-01
8.984899E-01
8.980799E-01
1.000000E+00
9.392760E-01
1.000000E+00
7.671794E-01
8.984899E-01
8.852932E-01
1.000000E+00
9.169478E-01
9.167760E-01
8.852932E-01
8.678075E-01
8.464882E-01
9.397469E-01
9.294154E-01
8.984899E-01
8.983021E-01
9.235756E-01
8.454423E-01
9.369733E-01
9.081966E-01
6.417214E-01
9.788106E-01
9.080176E-01
8.983363E-01
1.000000E+00
9.292473E-01
7.930662E-01
9.088724E-01
9.172746E-01
7.829973E-01
9.169349E-01
1.000000E+00
1.000000E+00
9.492668E-01
9.298782E-01
9.296828E-01
1.000000E+00
9.521018E-01
1.000000E+00
9.293648E-01
9.298782E-01
9.238243E-01
1.000000E+00
9.392107E-01
9.391188E-01
9.238243E-01
9.519081E-01
9.464128E-01
9.523953E-01
9.461702E-01
9.298782E-01
9.297886E-01
7.964819E-01
8.822151E-01
9.487674E-01
9.346512E-01
9.344304E-01
9.591491E-01
9.345606E-01
9.298049E-01
1.000000E+00
8.820898E-01
9.344169E-01
9.349944E-01
9.393860E-01
9.521071E-01
8.657550E-01
1.000000E+00
1.000000E+00
8.308356E-01
8.680396E-01
8.673460E-01
1.000000E+00
9.295514E-01
1.000000E+00
6.850577E-01
8.680396E-01
8.448333E-01
1.000000E+00
8.976188E-01
8.973577E-01
8.448333E-01
8.448351E-01
8.146153E-01
9.301845E-01
9.159254E-01
8.680396E-01
8.677221E-01
9.075069E-01
8.130879E-01
9.267864E-01
8.839859E-01
7.307518E-01
9.524942E-01
8.836999E-01
8.677800E-01
1.000000E+00
9.156867E-01
7.306394E-01
8.850630E-01
8.981149E-01
8.458534E-01
8.975992E-01
1.000000E+00
1.000000E+00
1.000000E+00
1.000000E+00
1.000000E+00
1.000000E+00
1.000000E+00
8.667751E-01
1.000000E+00
1.000000E+00
1.000000E+00
1.000000E+00
1.000000E+00
1.000000E+00
1.000000E+00
1.000000E+00
1.000000E+00
1.000000E+00
1.000000E+00
1.000000E+00
1.000000E+00
1.000000E+00
1.000000E+00
9.221249E-01
1.000000E+00
1.000000E+00
1.000000E+00
1.000000E+00
1.000000E+00
8.683958E-01
8.974544E-01
1.000000E+00
1.000000E+00
1.000000E+00
1.000000E+00
1.000000E+00
1.000000E+00
1.000000E+00
1.000000E+00
1.000000E+00
1.000000E+00
1.000000E+00
1.000000E+00
8.082814E-01
1.000000E+00
1.000000E+00
1.000000E+00
1.000000E+00
1.000000E+00
1.000000E+00
1.000000E+00
1.000000E+00
1.000000E+00
1.000000E+00
1.000000E+00
1.000000E+00
1.000000E+00
1.000000E+00
1.000000E+00
9.052217E-01
1.000000E+00
1.000000E+00
1.000000E+00
1.000000E+00
1.000000E+00
8.116197E-01
8.759309E-01
1.000000E+00
1.000000E+00
1.000000E+00
1.000000E+00
1.000000E+00
1.000000E+00
1.000000E+00
1.000000E+00
1.000000E+00
1.000000E+00
1.000000E+00
1.000000E+00
8.435646E-01
1.000000E+00
1.000000E+00
1.000000E+00
1.000000E+00
1.000000E+00
1.000000E+00
1.000000E+00
1.000000E+00
1.000000E+00
1.000000E+00
1.000000E+00
1.000000E+00
1.000000E+00
1.000000E+00
1.000000E+00
9.147294E-01
1.000000E+00
1.000000E+00
1.000000E+00
1.000000E+00
1.000000E+00
8.457944E-01
8.853830E-01
1.000000E+00
1.000000E+00
1.000000E+00
1.000000E+00
1.000000E+00
1.000000E+00
1.000000E+00
9.164648E-01
8.466477E-01
8.457101E-01
1.000000E+00
9.238829E-01
1.000000E+00
8.441708E-01
8.466477E-01
8.143879E-01
1.000000E+00
8.851936E-01
8.848652E-01
8.143879E-01
9.233924E-01
9.084350E-01
9.246214E-01
9.077244E-01
8.466477E-01
8.462187E-01
8.974834E-01
9.076786E-01
9.182072E-01
8.677693E-01
8.668621E-01
9.772018E-01
8.673977E-01
8.462970E-01
1.000000E+00
7.884119E-01
8.668063E-01
8.691668E-01
8.858171E-01
9.238963E-01
8.851690E-01
1.000000E+00
1.000000E+00
8.681335E-01
5.312543E-01
5.223831E-01
1.000000E+00
8.857151E-01
1.000000E+00
5.073170E-01
5.312543E-01
0.000000E+00
1.000000E+00
7.686651E-01
7.673277E-01
0.000000E+00
8.846060E-01
8.469455E-01
8.873719E-01
8.449498E-01
5.312543E-01
5.272234E-01
8.136741E-01
8.448205E-01
1.000000E+00
6.850358E-01
6.798392E-01
9.746678E-01
6.829190E-01
5.279619E-01
1.000000E+00
8.441359E-01
6.795163E-01
6.928502E-01
7.711827E-01
8.857453E-01
7.685651E-01
1.000000E+00
1.000000E+00
8.681335E-01
5.312543E-01
5.223831E-01
1.000000E+00
8.857151E-01
1.000000E+00
5.073170E-01
5.312543E-01
0.000000E+00
1.000000E+00
7.686651E-01
7.673277E-01
0.000000E+00
8.846060E-01
8.469455E-01
8.873719E-01
8.449498E-01
5.312543E-01
5.272234E-01
8.136741E-01
8.448205E-01
1.000000E+00
6.850358E-01
6.798392E-01
9.746678E-01
6.829190E-01
5.279619E-01
1.000000E+00
8.441359E-01
6.795163E-01
6.928502E-01
7.711827E-01
8.857453E-01
7.685651E-01
1.000000E+00
1.000000E+00
1.000000E+00
1.000000E+00
1.000000E+00
1.000000E+00
1.000000E+00
6.791088E-01
1.000000E+00
1.000000E+00
1.000000E+00
1.000000E+00
1.000000E+00
1.000000E+00
1.000000E+00
1.000000E+00
1.000000E+00
1.000000E+00
1.000000E+00
1.000000E+00
1.000000E+00
1.000000E+00
1.000000E+00
8.816748E-01
1.000000E+00
1.000000E+00
1.000000E+00
1.000000E+00
1.000000E+00
6.883526E-01
1.000000E+00
1.000000E+00
1.000000E+00
1.000000E+00
1.000000E+00
1.000000E+00
1.000000E+00
1.000000E+00
8.972494E-01
7.664766E-01
7.642956E-01
1.000000E+00
9.082480E-01
1.000000E+00
7.606840E-01
7.664766E-01
6.824261E-01
1.000000E+00
8.454790E-01
8.448834E-01
6.824261E-01
9.075344E-01
8.848257E-01
9.093189E-01
8.836993E-01
7.664766E-01
7.654805E-01
8.669472E-01
8.836265E-01
1.000000E+00
8.121656E-01
8.103296E-01
9.759756E-01
8.114148E-01
7.656624E-01
1.000000E+00
7.257959E-01
8.102163E-01
8.149729E-01
8.466063E-01
9.082674E-01
8.454344E-01
1.000000E+00
1.000000E+00
8.413424E-01
8.874894E-01
8.869855E-01
1.000000E+00
9.355037E-01
1.000000E+00
8.861618E-01
8.874894E-01
8.710459E-01
1.000000E+00
9.097264E-01
9.095234E-01
8.710459E-01
9.351519E-01
9.247459E-01
9.360347E-01
9.242666E-01
8.874894E-01
8.872587E-01
9.175029E-01
9.242358E-01
1.000000E+00
8.992916E-01
8.987662E-01
9.783691E-01
8.990762E-01
8.873007E-01
1.000000E+00
9.240730E-01
8.987340E-01
9.001043E-01
9.101123E-01
9.355133E-01
9.097112E-01
1.000000E+00
1.000000E+00
8.681335E-01
5.312543E-01
5.223831E-01
1.000000E+00
8.857151E-01
1.000000E+00
5.073170E-01
5.312543E-01
0.000000E+00
1.000000E+00
7.686651E-01
7.673277E-01
0.000000E+00
8.846060E-01
8.469455E-01
8.873719E-01
8.449498E-01
5.312543E-01
5.272234E-01
8.136741E-01
8.448205E-01
1.000000E+00
6.850358E-01
6.798392E-01
9.746678E-01
6.829190E-01
5.279619E-01
1.000000E+00
8.441359E-01
6.795163E-01
6.928502E-01
7.711827E-01
8.857453E-01
7.685651E-01
1.000000E+00
1.000000E+00
8.850826E-01
6.924805E-01
6.886870E-01
1.000000E+00
8.986679E-01
1.000000E+00
6.823557E-01
6.924805E-01
5.279619E-01
1.000000E+00
8.162174E-01
8.153743E-01
5.279619E-01
8.977969E-01
8.693168E-01
8.999725E-01
8.678646E-01
6.924805E-01
6.907507E-01
8.458078E-01
8.677707E-01
1.000000E+00
7.670864E-01
7.642568E-01
9.753658E-01
7.659308E-01
6.910668E-01
1.000000E+00
8.672740E-01
7.640818E-01
7.713875E-01
8.178099E-01
8.986916E-01
8.161542E-01
1.000000E+00
1.000000E+00
1.000000E+00
1.000000E+00
1.000000E+00
1.000000E+00
1.000000E+00
9.219632E-01
1.000000E+00
1.000000E+00
1.000000E+00
1.000000E+00
1.000000E+00
1.000000E+00
1.000000E+00
9.684519E-01
1.000000E+00
1.000000E+00
1.000000E+00
1.000000E+00
1.000000E+00
1.000000E+00
1.000000E+00
9.689157E-01
1.000000E+00
1.000000E+00
8.472716E-01
1.000000E+00
1.000000E+00
9.628640E-01
1.000000E+00
1.000000E+00
1.000000E+00
1.000000E+00
1.000000E+00
1.000000E+00
1.000000E+00
1.000000E+00
9.351680E-01
8.997434E-01
8.993435E-01
1.000000E+00
8.654503E-01
1.000000E+00
8.986906E-01
8.997434E-01
8.868913E-01
1.000000E+00
9.177888E-01
9.176205E-01
8.868913E-01
9.394197E-01
9.304332E-01
9.401908E-01
9.300238E-01
8.997434E-01
8.995602E-01
9.242883E-01
9.299975E-01
1.000000E+00
9.092231E-01
9.087964E-01
9.788657E-01
9.090481E-01
8.995936E-01
1.000000E+00
9.298585E-01
9.087703E-01
9.098839E-01
9.181090E-01
9.397352E-01
9.177762E-01
1.000000E+00
1.000000E+00
1.000000E+00
1.000000E+00
1.000000E+00
1.000000E+00
1.000000E+00
8.953837E-01
1.000000E+00
1.000000E+00
1.000000E+00
1.000000E+00
1.000000E+00
1.000000E+00
1.000000E+00
1.000000E+00
1.000000E+00
1.000000E+00
1.000000E+00
1.000000E+00
1.000000E+00
9.108888E-01
9.182735E-01
7.558829E-01
1.000000E+00
1.000000E+00
1.000000E+00
1.000000E+00
1.000000E+00
8.963857E-01
1.000000E+00
1.000000E+00
1.000000E+00
1.000000E+00
1.000000E+00
1.000000E+00
1.000000E+00
1.000000E+00
9.563007E-01
9.426395E-01
8.715524E-01
1.000000E+00
9.584205E-01
1.000000E+00
9.422965E-01
9.426395E-01
9.386513E-01
1.000000E+00
9.490394E-01
9.489748E-01
9.386513E-01
9.582746E-01
9.541996E-01
9.586419E-01
8.998946E-01
9.426395E-01
9.425796E-01
8.948048E-01
9.002838E-01
9.548987E-01
9.458734E-01
9.457220E-01
9.817437E-01
9.458113E-01
9.425905E-01
1.000000E+00
9.539512E-01
9.457128E-01
9.461091E-01
9.491626E-01
9.584245E-01
9.490345E-01
1.000000E+00
1.000000E+00
1.000000E+00
1.000000E+00
1.000000E+00
1.000000E+00
9.116767E-01
9.511223E-01
1.000000E+00
1.000000E+00
1.000000E+00
1.000000E+00
1.000000E+00
1.000000E+00
1.000000E+00
9.583902E-01
1.000000E+00
1.000000E+00
1.000000E+00
1.000000E+00
1.000000E+00
1.000000E+00
1.000000E+00
9.155385E-01
1.000000E+00
1.000000E+00
9.621688E-01
1.000000E+00
1.000000E+00
9.513421E-01
1.000000E+00
1.000000E+00
1.000000E+00
1.000000E+00
1.000000E+00
1.000000E+00
1.000000E+00
1.000000E+00
1.000000E+00
1.000000E+00
1.000000E+00
1.000000E+00
1.000000E+00
9.154446E-01
1.000000E+00
1.000000E+00
1.000000E+00
1.000000E+00
1.000000E+00
1.000000E+00
1.000000E+00
9.373924E-01
1.000000E+00
1.000000E+00
1.000000E+00
1.000000E+00
1.000000E+00
1.000000E+00
1.000000E+00
9.417301E-01
1.000000E+00
1.000000E+00
1.000000E+00
1.000000E+00
1.000000E+00
9.161003E-01
1.000000E+00
1.000000E+00
1.000000E+00
1.000000E+00
1.000000E+00
1.000000E+00
1.000000E+00
1.000000E+00
1.000000E+00
1.000000E+00
1.000000E+00
1.000000E+00
1.000000E+00
8.834360E-01
1.000000E+00
1.000000E+00
1.000000E+00
1.000000E+00
1.000000E+00
1.000000E+00
1.000000E+00
1.000000E+00
9.066652E-01
1.000000E+00
1.000000E+00
1.000000E+00
1.000000E+00
1.000000E+00
1.000000E+00
9.281296E-01
1.000000E+00
1.000000E+00
1.000000E+00
1.000000E+00
1.000000E+00
8.846785E-01
1.000000E+00
1.000000E+00
1.000000E+00
1.000000E+00
1.000000E+00
1.000000E+00
1.000000E+00
1.000000E+00
1.000000E+00
1.000000E+00
1.000000E+00
1.000000E+00
9.528508E-01
8.750220E-01
1.000000E+00
1.000000E+00
1.000000E+00
1.000000E+00
1.000000E+00
9.434358E-01
1.000000E+00
9.025369E-01
1.000000E+00
9.509768E-01
9.492955E-01
1.000000E+00
1.000000E+00
1.000000E+00
1.000000E+00
9.555011E-01
1.000000E+00
1.000000E+00
9.806959E-01
1.000000E+00
1.000000E+00
9.419614E-01
9.492132E-01
1.000000E+00
1.000000E+00
1.000000E+00
1.000000E+00
1.000000E+00
1.000000E+00
1.000000E+00
8.848630E-01
6.909028E-01
6.870700E-01
1.000000E+00
8.984972E-01
1.000000E+00
6.806721E-01
6.909028E-01
5.242343E-01
1.000000E+00
8.156550E-01
8.148067E-01
5.242343E-01
8.976232E-01
8.690327E-01
8.998062E-01
8.675742E-01
6.909028E-01
6.891551E-01
8.454122E-01
8.674799E-01
1.000000E+00
7.661825E-01
7.633307E-01
9.753557E-01
7.650179E-01
6.894745E-01
1.000000E+00
8.669809E-01
7.631543E-01
7.705167E-01
8.172573E-01
8.985210E-01
8.155915E-01
1.000000E+00
1.000000E+00
9.392614E-01
9.092058E-01
9.088780E-01
1.000000E+00
9.432805E-01
1.000000E+00
9.083432E-01
9.092058E-01
8.987912E-01
1.000000E+00
9.242614E-01
9.241186E-01
8.987912E-01
9.430087E-01
9.351247E-01
9.436916E-01
9.347688E-01
9.092058E-01
9.090556E-01
8.433417E-01
9.347459E-01
1.000000E+00
9.170505E-01
9.166944E-01
9.793200E-01
9.169044E-01
9.090830E-01
1.000000E+00
9.346252E-01
9.166726E-01
9.176026E-01
9.245332E-01
9.432880E-01
8.298388E-01
1.000000E+00
1.000000E+00
1.000000E+00
1.000000E+00
1.000000E+00
1.000000E+00
1.000000E+00
8.818781E-01
1.000000E+00
1.000000E+00
1.000000E+00
1.000000E+00
1.000000E+00
1.000000E+00
1.000000E+00
1.000000E+00
1.000000E+00
1.000000E+00
1.000000E+00
1.000000E+00
1.000000E+00
1.000000E+00
1.000000E+00
9.275404E-01
1.000000E+00
1.000000E+00
9.510559E-01
1.000000E+00
1.000000E+00
8.831539E-01
1.000000E+00
1.000000E+00
1.000000E+00
1.000000E+00
1.000000E+00
1.000000E+00
1.000000E+00
1.000000E+00
1.000000E+00
1.000000E+00
1.000000E+00
1.000000E+00
1.000000E+00
9.012654E-01
1.000000E+00
1.000000E+00
1.000000E+00
1.000000E+00
1.000000E+00
1.000000E+00
1.000000E+00
9.620703E-01
1.000000E+00
1.000000E+00
1.000000E+00
1.000000E+00
1.000000E+00
1.000000E+00
1.000000E+00
9.626277E-01
1.000000E+00
1.000000E+00
8.787263E-01
1.000000E+00
1.000000E+00
9.535213E-01
1.000000E+00
1.000000E+00
1.000000E+00
1.000000E+00
1.000000E+00
1.000000E+00
1.000000E+00
   NaN
1.000000E+00
1.000000E+00
1.000000E+00
1.000000E+00
1.000000E+00
1.000000E+00
1.000000E+00
1.000000E+00
1.000000E+00
   NaN
1.000000E+00
1.000000E+00
1.000000E+00
1.000000E+00
1.000000E+00
1.000000E+00
1.000000E+00
1.000000E+00
1.000000E+00
1.000000E+00
1.000000E+00
1.000000E+00
1.000000E+00
1.000000E+00
1.000000E+00
1.000000E+00
1.000000E+00
1.000000E+00
1.000000E+00
1.000000E+00
1.000000E+00
1.000000E+00
1.000000E+00
1.000000E+00
   NaN
1.000000E+00
8.842823E-01
6.866820E-01
6.827432E-01
1.000000E+00
8.980461E-01
1.000000E+00
6.761653E-01
6.866820E-01
5.141605E-01
1.000000E+00
8.141620E-01
8.132999E-01
5.141605E-01
8.971644E-01
8.682809E-01
8.993667E-01
8.668055E-01
6.866820E-01
6.848862E-01
8.443636E-01
8.667101E-01
1.000000E+00
7.637753E-01
7.608642E-01
9.753292E-01
7.625865E-01
6.852144E-01
1.000000E+00
6.791860E-01
7.606840E-01
7.681983E-01
8.157902E-01
8.980702E-01
8.140974E-01
1.000000E+00
1.000000E+00
9.745930E-01
9.705094E-01
9.704749E-01
1.000000E+00
9.753244E-01
9.702588E-01
9.704190E-01
9.705094E-01
9.694896E-01
1.000000E+00
9.722980E-01
9.722789E-01
9.694896E-01
9.482589E-01
9.738967E-01
9.754025E-01
9.738393E-01
9.705094E-01
9.704936E-01
9.730768E-01
9.738356E-01
9.154458E-01
9.713883E-01
9.713460E-01
8.856849E-01
9.713709E-01
9.704965E-01
1.000000E+00
9.444843E-01
9.713435E-01
9.714543E-01
9.723345E-01
9.753258E-01
9.722966E-01
1.000000E+00
1.000000E+00
8.386416E-01
8.863299E-01
8.858156E-01
1.000000E+00
9.351243E-01
1.000000E+00
8.849747E-01
8.863299E-01
8.695205E-01
1.000000E+00
9.089815E-01
9.087752E-01
8.695205E-01
9.347684E-01
9.242290E-01
9.356616E-01
9.237431E-01
8.863299E-01
8.860944E-01
9.168812E-01
9.237118E-01
9.293352E-01
8.983637E-01
8.978285E-01
9.783266E-01
8.981442E-01
8.861373E-01
1.000000E+00
9.235467E-01
8.977957E-01
8.991913E-01
9.093738E-01
9.351341E-01
9.089660E-01
1.000000E+00
1.000000E+00
1.000000E+00
1.000000E+00
1.000000E+00
1.000000E+00
1.000000E+00
8.095867E-01
1.000000E+00
1.000000E+00
1.000000E+00
1.000000E+00
1.000000E+00
1.000000E+00
1.000000E+00
1.000000E+00
1.000000E+00
1.000000E+00
1.000000E+00
1.000000E+00
1.000000E+00
1.000000E+00
1.000000E+00
9.055418E-01
1.000000E+00
1.000000E+00
1.000000E+00
1.000000E+00
1.000000E+00
8.128801E-01
8.764610E-01
1.000000E+00
1.000000E+00
1.000000E+00
1.000000E+00
1.000000E+00
1.000000E+00
1.000000E+00
8.850010E-01
6.918953E-01
6.880873E-01
1.000000E+00
8.986044E-01
1.000000E+00
6.817314E-01
6.918953E-01
5.265818E-01
1.000000E+00
8.160085E-01
8.151635E-01
5.265818E-01
8.977323E-01
8.692113E-01
8.999107E-01
8.677567E-01
6.918953E-01
6.901589E-01
8.456609E-01
8.676627E-01
1.000000E+00
7.667509E-01
7.639131E-01
9.753620E-01
7.655920E-01
6.904763E-01
1.000000E+00
8.671651E-01
7.637375E-01
7.710642E-01
8.176047E-01
8.986282E-01
8.159453E-01
1.000000E+00
1.000000E+00
9.212287E-01
1.000000E+00
1.000000E+00
1.000000E+00
1.000000E+00
8.821499E-01
8.630411E-01
1.000000E+00
1.000000E+00
1.000000E+00
1.000000E+00
1.000000E+00
1.000000E+00
9.272531E-01
9.143503E-01
1.000000E+00
1.000000E+00
1.000000E+00
1.000000E+00
1.000000E+00
9.137081E-01
8.434457E-01
1.000000E+00
8.804348E-01
9.759537E-01
1.000000E+00
1.000000E+00
8.834198E-01
1.000000E+00
8.803911E-01
1.000000E+00
1.000000E+00
9.276945E-01
1.000000E+00
1.000000E+00
1.000000E+00
1.000000E+00
1.000000E+00
1.000000E+00
1.000000E+00
1.000000E+00
9.286872E-01
1.000000E+00
1.000000E+00
1.000000E+00
1.000000E+00
1.000000E+00
1.000000E+00
1.000000E+00
1.000000E+00
1.000000E+00
1.000000E+00
1.000000E+00
1.000000E+00
1.000000E+00
1.000000E+00
1.000000E+00
9.483409E-01
1.000000E+00
1.000000E+00
9.566457E-01
1.000000E+00
1.000000E+00
9.291541E-01
1.000000E+00
1.000000E+00
1.000000E+00
1.000000E+00
1.000000E+00
1.000000E+00
1.000000E+00
1.000000E+00
8.566745E-01
8.973423E-01
8.969231E-01
1.000000E+00
9.388672E-01
1.000000E+00
7.642009E-01
8.973423E-01
8.838258E-01
1.000000E+00
9.161812E-01
9.160063E-01
8.838258E-01
8.668526E-01
8.451989E-01
9.393445E-01
9.288625E-01
8.973423E-01
8.971503E-01
9.229269E-01
8.441353E-01
8.609704E-01
9.072591E-01
7.907845E-01
9.787610E-01
9.070764E-01
8.971853E-01
1.000000E+00
9.286917E-01
7.907166E-01
9.079487E-01
9.165140E-01
8.676031E-01
9.161681E-01
1.000000E+00
1.000000E+00
8.843228E-01
6.869784E-01
6.830471E-01
1.000000E+00
8.980775E-01
1.000000E+00
6.764819E-01
6.869784E-01
5.148727E-01
1.000000E+00
8.142663E-01
8.134051E-01
5.148727E-01
8.971963E-01
8.683333E-01
8.993973E-01
8.668591E-01
6.869784E-01
6.851860E-01
8.444368E-01
8.667637E-01
8.900122E-01
7.639438E-01
7.610368E-01
9.753310E-01
7.627567E-01
6.855136E-01
1.000000E+00
6.787150E-01
7.608570E-01
7.683606E-01
8.158927E-01
8.981016E-01
8.142018E-01
1.000000E+00
1.000000E+00
8.852788E-01
6.938812E-01
6.901225E-01
1.000000E+00
8.988204E-01
1.000000E+00
6.838500E-01
6.938812E-01
5.312543E-01
1.000000E+00
8.167186E-01
8.158801E-01
5.312543E-01
8.979521E-01
8.695705E-01
9.001212E-01
8.681239E-01
6.938812E-01
6.921672E-01
8.461608E-01
8.680304E-01
1.000000E+00
7.678908E-01
7.650809E-01
9.753748E-01
7.667432E-01
6.924805E-01
1.000000E+00
8.675356E-01
7.649070E-01
7.721625E-01
8.183025E-01
8.988441E-01
8.166558E-01
1.000000E+00
