1.000000E+00
8.651586E-01
8.951294E-01
9.275599E-01
8.627069E-01
8.620809E-01
7.548632E-01
8.821692E-01
8.042830E-01
8.651586E-01
9.142818E-01
8.821692E-01
8.821692E-01
8.953839E-01
9.140043E-01
8.953160E-01
7.858563E-01
1.000000E+00
9.240534E-01
9.216036E-01
9.053270E-01
9.414283E-01
1.000000E+00
7.239867E-01
1.000000E+00
7.851100E-01
9.058314E-01
9.371492E-01
9.057337E-01
8.822552E-01
9.051630E-01
8.953408E-01
7.239867E-01
9.057337E-01
9.276825E-01
8.822552E-01
8.953408E-01
7.842049E-01
7.239867E-01
9.145299E-01
1.000000E+00
9.273188E-01
0.000000E+00
1.000000E+00
1.000000E+00
1.000000E+00
9.338856E-01
8.577646E-01
1.000000E+00
1.000000E+00
8.746975E-01
1.000000E+00
1.000000E+00
1.000000E+00
1.000000E+00
1.000000E+00
1.000000E+00
1.000000E+00
1.000000E+00
1.000000E+00
9.225791E-01
9.173112E-01
1.000000E+00
1.000000E+00
1.000000E+00
1.000000E+00
1.000000E+00
1.000000E+00
1.000000E+00
9.336964E-01
1.000000E+00
1.000000E+00
1.000000E+00
1.000000E+00
1.000000E+00
9.005901E-01
1.000000E+00
1.000000E+00
1.000000E+00
1.000000E+00
1.000000E+00
9.084652E-01
1.000000E+00
1.000000E+00
1.000000E+00
0.000000E+00
6.794301E-01
8.646525E-01
8.951799E-01
8.944311E-01
8.816654E-01
5.170534E-01
9.142976E-01
0.000000E+00
8.095246E-01
5.170534E-01
5.170534E-01
6.817958E-01
8.081484E-01
6.811668E-01
7.613128E-01
1.000000E+00
1.000000E+00
8.422605E-01
7.588356E-01
9.061648E-01
1.000000E+00
5.114676E-01
1.000000E+00
7.594064E-01
7.620820E-01
8.946768E-01
7.614573E-01
5.184951E-01
7.577689E-01
6.813974E-01
5.114676E-01
7.614573E-01
8.650799E-01
5.184951E-01
6.813974E-01
7.619383E-01
5.114676E-01
8.107451E-01
1.000000E+00
8.638084E-01
1.000000E+00
6.794301E-01
0.000000E+00
7.577941E-01
9.142338E-01
9.137331E-01
7.848155E-01
7.613403E-01
9.274718E-01
6.794301E-01
6.758522E-01
7.613403E-01
3.362209E-01
8.099611E-01
8.636080E-01
8.097369E-01
8.414970E-01
1.000000E+00
8.894435E-01
8.817829E-01
8.404084E-01
9.217309E-01
1.000000E+00
7.599842E-01
1.000000E+00
8.406586E-01
8.418366E-01
9.138972E-01
6.049142E-01
7.616929E-01
8.399420E-01
8.098191E-01
7.599842E-01
8.415607E-01
8.950819E-01
7.616929E-01
8.098191E-01
8.417731E-01
7.599842E-01
8.649256E-01
1.000000E+00
8.943146E-01
1.000000E+00
8.646525E-01
7.577941E-01
0.000000E+00
9.372196E-01
9.369518E-01
8.514289E-01
8.817829E-01
9.446188E-01
8.646525E-01
5.037904E-01
8.817829E-01
8.817829E-01
7.559643E-01
9.137987E-01
8.950112E-01
9.054639E-01
1.000000E+00
9.237536E-01
8.228615E-01
9.050777E-01
9.413330E-01
1.000000E+00
8.814511E-01
1.000000E+00
9.051663E-01
9.055848E-01
9.370395E-01
9.054866E-01
8.818694E-01
9.049129E-01
8.950362E-01
8.814511E-01
9.054866E-01
9.275372E-01
8.818694E-01
8.950362E-01
9.055622E-01
8.814511E-01
9.143268E-01
1.000000E+00
9.271720E-01
9.338856E-01
8.951799E-01
9.142338E-01
9.372196E-01
0.000000E+00
8.049886E-01
8.716150E-01
9.057562E-01
7.545683E-01
8.951799E-01
9.274846E-01
9.057562E-01
9.057562E-01
9.144040E-01
9.272860E-01
9.143586E-01
8.247895E-01
1.000000E+00
9.341929E-01
8.512963E-01
9.211773E-01
9.479089E-01
1.000000E+00
7.854388E-01
1.000000E+00
8.242903E-01
9.215273E-01
9.445515E-01
9.214595E-01
9.058112E-01
9.210637E-01
9.143752E-01
7.854388E-01
8.239482E-01
9.373117E-01
9.058112E-01
8.041111E-01
9.215117E-01
7.854388E-01
9.276622E-01
1.000000E+00
9.370386E-01
8.577646E-01
8.944311E-01
9.137331E-01
9.369518E-01
8.049886E-01
0.000000E+00
8.710678E-01
9.051513E-01
8.279960E-01
8.944311E-01
9.271270E-01
9.051513E-01
9.051513E-01
9.139053E-01
8.395610E-01
9.138593E-01
8.237687E-01
1.000000E+00
9.339118E-01
7.535574E-01
8.248055E-01
9.477246E-01
1.000000E+00
7.839059E-01
1.000000E+00
8.232636E-01
8.215748E-01
8.056828E-01
9.210398E-01
9.052070E-01
8.245290E-01
9.138762E-01
7.839059E-01
7.039299E-01
9.370447E-01
9.052070E-01
9.138762E-01
9.210925E-01
7.839059E-01
9.273064E-01
1.000000E+00
8.626775E-01
1.000000E+00
8.816654E-01
7.848155E-01
8.514289E-01
8.716150E-01
8.710678E-01
0.000000E+00
8.949716E-01
8.867335E-01
8.816654E-01
8.241627E-01
8.949716E-01
8.949716E-01
9.056002E-01
9.210296E-01
9.055450E-01
6.732844E-01
1.000000E+00
8.478126E-01
9.274846E-01
9.137720E-01
9.447746E-01
1.000000E+00
7.577753E-01
1.000000E+00
8.061612E-01
9.141906E-01
9.409862E-01
9.141095E-01
8.950399E-01
8.043254E-01
9.055652E-01
7.577753E-01
9.141095E-01
9.327161E-01
8.950399E-01
9.055652E-01
9.141720E-01
7.577753E-01
9.214731E-01
1.000000E+00
9.324014E-01
1.000000E+00
5.170534E-01
7.613403E-01
8.817829E-01
9.057562E-01
9.051513E-01
8.949716E-01
0.000000E+00
9.215004E-01
5.170534E-01
8.417883E-01
0.000000E+00
6.816549E-01
7.626540E-01
8.408400E-01
7.623042E-01
8.098934E-01
1.000000E+00
1.000000E+00
8.650507E-01
8.083252E-01
9.147311E-01
1.000000E+00
6.792373E-01
1.000000E+00
8.086860E-01
8.103817E-01
9.053497E-01
8.099850E-01
6.822819E-01
8.076520E-01
7.624324E-01
6.792373E-01
8.099850E-01
8.821091E-01
6.822819E-01
7.624324E-01
8.102904E-01
6.792373E-01
8.426313E-01
1.000000E+00
8.811395E-01
8.746975E-01
9.142976E-01
9.274718E-01
9.446188E-01
7.545683E-01
8.279960E-01
8.867335E-01
9.215004E-01
0.000000E+00
9.142976E-01
8.614672E-01
9.215004E-01
9.215004E-01
9.275936E-01
9.370303E-01
9.275610E-01
8.517878E-01
1.000000E+00
9.419571E-01
8.711345E-01
9.325001E-01
9.531073E-01
1.000000E+00
8.245718E-01
1.000000E+00
7.558401E-01
8.499636E-01
9.504039E-01
9.327071E-01
9.215385E-01
9.324168E-01
9.275730E-01
8.245718E-01
8.510883E-01
9.446905E-01
9.215385E-01
9.275730E-01
9.327454E-01
8.245718E-01
9.373126E-01
1.000000E+00
9.444780E-01
1.000000E+00
0.000000E+00
6.794301E-01
8.646525E-01
8.951799E-01
8.944311E-01
8.816654E-01
5.170534E-01
9.142976E-01
0.000000E+00
8.095246E-01
5.170534E-01
5.170534E-01
6.817958E-01
8.081484E-01
6.811668E-01
7.613128E-01
1.000000E+00
1.000000E+00
8.422605E-01
7.588356E-01
9.061648E-01
1.000000E+00
5.114676E-01
1.000000E+00
7.594064E-01
7.620820E-01
8.946768E-01
7.614573E-01
5.184951E-01
7.577689E-01
6.813974E-01
5.114676E-01
7.614573E-01
8.650799E-01
5.184951E-01
6.813974E-01
7.619383E-01
5.114676E-01
8.107451E-01
1.000000E+00
8.638084E-01
1.000000E+00
8.095246E-01
6.758522E-01
5.037904E-01
9.274846E-01
9.271270E-01
8.241627E-01
8.417883E-01
8.614672E-01
8.095246E-01
0.000000E+00
8.417883E-01
8.417883E-01
6.734843E-01
8.943184E-01
8.646171E-01
8.815110E-01
1.000000E+00
9.097192E-01
7.830887E-01
8.809037E-01
9.329174E-01
1.000000E+00
8.411934E-01
1.000000E+00
8.810431E-01
8.817009E-01
9.272442E-01
8.815466E-01
8.419433E-01
8.806442E-01
8.646587E-01
8.411934E-01
8.815466E-01
9.142501E-01
8.419433E-01
8.646587E-01
8.816654E-01
8.411934E-01
8.951111E-01
1.000000E+00
9.137382E-01
1.000000E+00
5.170534E-01
7.613403E-01
8.817829E-01
9.057562E-01
9.051513E-01
8.949716E-01
0.000000E+00
9.215004E-01
5.170534E-01
8.417883E-01
0.000000E+00
6.816549E-01
7.626540E-01
8.408400E-01
7.623042E-01
8.098934E-01
1.000000E+00
1.000000E+00
8.650507E-01
8.083252E-01
9.147311E-01
1.000000E+00
6.792373E-01
1.000000E+00
8.086860E-01
8.103817E-01
9.053497E-01
8.099850E-01
6.822819E-01
8.076520E-01
7.624324E-01
6.792373E-01
8.099850E-01
8.821091E-01
6.822819E-01
7.624324E-01
8.102904E-01
6.792373E-01
8.426313E-01
1.000000E+00
8.811395E-01
1.000000E+00
5.170534E-01
3.362209E-01
8.817829E-01
9.057562E-01
9.051513E-01
8.949716E-01
6.816549E-01
9.215004E-01
5.170534E-01
8.417883E-01
6.816549E-01
0.000000E+00
7.626540E-01
8.408400E-01
7.623042E-01
8.098934E-01
1.000000E+00
1.000000E+00
8.650507E-01
8.083252E-01
9.147311E-01
1.000000E+00
6.792373E-01
1.000000E+00
8.086860E-01
8.103817E-01
9.053497E-01
5.060681E-01
6.822819E-01
8.076520E-01
7.624324E-01
6.792373E-01
8.099850E-01
8.821091E-01
6.822819E-01
7.624324E-01
8.102904E-01
6.792373E-01
8.426313E-01
1.000000E+00
8.811395E-01
1.000000E+00
6.817958E-01
8.099611E-01
7.559643E-01
9.144040E-01
9.139053E-01
9.056002E-01
7.626540E-01
9.275936E-01
6.817958E-01
6.734843E-01
7.626540E-01
7.626540E-01
0.000000E+00
8.640380E-01
8.105728E-01
8.420775E-01
1.000000E+00
1.000000E+00
7.214528E-01
8.409969E-01
9.218727E-01
1.000000E+00
7.613128E-01
1.000000E+00
8.412452E-01
8.424146E-01
9.140688E-01
8.421407E-01
7.630027E-01
8.405339E-01
8.106542E-01
7.613128E-01
8.421407E-01
8.953365E-01
7.630027E-01
8.106542E-01
8.423515E-01
7.613128E-01
8.653474E-01
1.000000E+00
8.945730E-01
1.000000E+00
8.081484E-01
8.636080E-01
9.137987E-01
9.272860E-01
8.395610E-01
9.210296E-01
8.408400E-01
9.370303E-01
8.081484E-01
8.943184E-01
8.408400E-01
8.408400E-01
8.640380E-01
0.000000E+00
8.639233E-01
8.809799E-01
1.000000E+00
1.000000E+00
9.052306E-01
5.119039E-01
8.503416E-01
1.000000E+00
8.402380E-01
8.542630E-01
8.805078E-01
8.811715E-01
7.362148E-01
8.810159E-01
8.409969E-01
5.104827E-01
8.639654E-01
8.402380E-01
8.810159E-01
9.139723E-01
8.409969E-01
8.639654E-01
8.811357E-01
8.402380E-01
8.946952E-01
1.000000E+00
5.088094E-01
1.000000E+00
6.811668E-01
8.097369E-01
8.950112E-01
9.143586E-01
9.138593E-01
9.055450E-01
7.623042E-01
9.275610E-01
6.811668E-01
8.646171E-01
7.623042E-01
7.623042E-01
8.105728E-01
8.639233E-01
0.000000E+00
8.419227E-01
1.000000E+00
1.000000E+00
7.203894E-01
8.408400E-01
9.218348E-01
1.000000E+00
7.609590E-01
1.000000E+00
8.410888E-01
8.422605E-01
9.140230E-01
8.419861E-01
7.626540E-01
8.403761E-01
8.104317E-01
7.609590E-01
8.419861E-01
8.952686E-01
7.626540E-01
8.104317E-01
8.421973E-01
7.609590E-01
8.652349E-01
1.000000E+00
8.945040E-01
1.000000E+00
7.613128E-01
8.414970E-01
9.054639E-01
8.247895E-01
8.237687E-01
6.732844E-01
8.098934E-01
8.517878E-01
7.613128E-01
8.815110E-01
8.098934E-01
8.098934E-01
8.420775E-01
8.809799E-01
8.419227E-01
0.000000E+00
1.000000E+00
9.008457E-01
8.950588E-01
8.636884E-01
9.277799E-01
1.000000E+00
5.114198E-01
1.000000E+00
6.750373E-01
8.647317E-01
9.211616E-01
8.645299E-01
8.101171E-01
8.633483E-01
8.419794E-01
5.114198E-01
8.645299E-01
9.056726E-01
8.101171E-01
8.419794E-01
8.646852E-01
5.114198E-01
8.819845E-01
1.000000E+00
9.050529E-01
1.000000E+00
1.000000E+00
1.000000E+00
1.000000E+00
1.000000E+00
1.000000E+00
1.000000E+00
1.000000E+00
1.000000E+00
1.000000E+00
1.000000E+00
1.000000E+00
1.000000E+00
1.000000E+00
1.000000E+00
1.000000E+00
1.000000E+00
0.000000E+00
8.921458E-01
1.000000E+00
1.000000E+00
9.164585E-01
1.000000E+00
1.000000E+00
5.036290E-01
1.000000E+00
1.000000E+00
1.000000E+00
1.000000E+00
1.000000E+00
1.000000E+00
1.000000E+00
1.000000E+00
1.000000E+00
1.000000E+00
1.000000E+00
1.000000E+00
1.000000E+00
1.000000E+00
8.556744E-01
1.000000E+00
8.871379E-01
9.225791E-01
1.000000E+00
8.894435E-01
9.237536E-01
9.341929E-01
9.339118E-01
8.478126E-01
1.000000E+00
9.419571E-01
1.000000E+00
9.097192E-01
1.000000E+00
1.000000E+00
1.000000E+00
1.000000E+00
1.000000E+00
9.008457E-01
8.921458E-01
0.000000E+00
1.000000E+00
1.000000E+00
1.000000E+00
1.000000E+00
8.756024E-01
8.921458E-01
9.005330E-01
1.000000E+00
1.000000E+00
1.000000E+00
1.000000E+00
1.000000E+00
1.000000E+00
8.756024E-01
1.000000E+00
1.000000E+00
1.000000E+00
1.000000E+00
1.000000E+00
8.756024E-01
1.000000E+00
1.000000E+00
1.000000E+00
9.173112E-01
8.422605E-01
8.817829E-01
8.228615E-01
8.512963E-01
7.535574E-01
9.274846E-01
8.650507E-01
8.711345E-01
8.422605E-01
7.830887E-01
8.650507E-01
8.650507E-01
7.214528E-01
9.052306E-01
7.203894E-01
8.950588E-01
1.000000E+00
1.000000E+00
0.000000E+00
8.945828E-01
9.374865E-01
1.000000E+00
8.646181E-01
1.000000E+00
8.946920E-01
8.952078E-01
9.325880E-01
8.950868E-01
8.651635E-01
8.943795E-01
8.820514E-01
8.646181E-01
7.574699E-01
9.215770E-01
8.651635E-01
8.820514E-01
8.951799E-01
8.646181E-01
9.058686E-01
1.000000E+00
9.211491E-01
1.000000E+00
7.588356E-01
8.404084E-01
9.050777E-01
9.211773E-01
8.248055E-01
9.137720E-01
8.083252E-01
9.325001E-01
7.588356E-01
8.809037E-01
8.083252E-01
8.083252E-01
8.409969E-01
5.119039E-01
8.408400E-01
8.636884E-01
1.000000E+00
1.000000E+00
8.945828E-01
0.000000E+00
9.275548E-01
1.000000E+00
8.074515E-01
1.000000E+00
8.630687E-01
8.639396E-01
7.096198E-01
8.637355E-01
8.085527E-01
4.102477E-01
8.408975E-01
8.074515E-01
8.637355E-01
9.052882E-01
8.085527E-01
8.408975E-01
8.638926E-01
8.074515E-01
8.813821E-01
1.000000E+00
6.353993E-01
1.000000E+00
9.061648E-01
9.217309E-01
9.413330E-01
9.479089E-01
9.477246E-01
9.447746E-01
9.147311E-01
9.531073E-01
9.061648E-01
9.329174E-01
9.147311E-01
9.147311E-01
9.218727E-01
8.503416E-01
9.218348E-01
9.277799E-01
9.164585E-01
1.000000E+00
9.374865E-01
9.275548E-01
0.000000E+00
1.000000E+00
9.145586E-01
9.164585E-01
9.276064E-01
9.278505E-01
8.144689E-01
9.277932E-01
9.147761E-01
9.274588E-01
9.218487E-01
9.145586E-01
9.277932E-01
8.705712E-01
9.147761E-01
9.218487E-01
9.278373E-01
9.145586E-01
7.550506E-01
1.000000E+00
6.954302E-01
1.000000E+00
1.000000E+00
1.000000E+00
1.000000E+00
1.000000E+00
1.000000E+00
1.000000E+00
1.000000E+00
1.000000E+00
1.000000E+00
1.000000E+00
1.000000E+00
1.000000E+00
1.000000E+00
1.000000E+00
1.000000E+00
1.000000E+00
1.000000E+00
1.000000E+00
1.000000E+00
1.000000E+00
1.000000E+00
   NaN
1.000000E+00
1.000000E+00
1.000000E+00
1.000000E+00
1.000000E+00
1.000000E+00
1.000000E+00
1.000000E+00
1.000000E+00
1.000000E+00
1.000000E+00
1.000000E+00
1.000000E+00
1.000000E+00
1.000000E+00
1.000000E+00
1.000000E+00
1.000000E+00
1.000000E+00
1.000000E+00
5.114676E-01
7.599842E-01
8.814511E-01
7.854388E-01
7.839059E-01
7.577753E-01
6.792373E-01
8.245718E-01
5.114676E-01
8.411934E-01
6.792373E-01
6.792373E-01
7.613128E-01
8.402380E-01
7.609590E-01
5.114198E-01
1.000000E+00
8.756024E-01
8.646181E-01
8.074515E-01
9.145586E-01
1.000000E+00
0.000000E+00
1.000000E+00
5.075176E-01
8.095266E-01
9.051371E-01
8.091264E-01
6.798739E-01
8.067721E-01
7.610887E-01
0.000000E+00
8.091264E-01
8.817791E-01
6.798739E-01
7.610887E-01
8.094345E-01
0.000000E+00
8.420428E-01
1.000000E+00
8.808040E-01
1.000000E+00
1.000000E+00
1.000000E+00
1.000000E+00
1.000000E+00
1.000000E+00
1.000000E+00
1.000000E+00
1.000000E+00
1.000000E+00
1.000000E+00
1.000000E+00
1.000000E+00
1.000000E+00
8.542630E-01
1.000000E+00
1.000000E+00
5.036290E-01
8.921458E-01
1.000000E+00
1.000000E+00
9.164585E-01
1.000000E+00
1.000000E+00
0.000000E+00
1.000000E+00
1.000000E+00
1.000000E+00
1.000000E+00
1.000000E+00
1.000000E+00
1.000000E+00
1.000000E+00
1.000000E+00
1.000000E+00
1.000000E+00
1.000000E+00
1.000000E+00
1.000000E+00
1.000000E+00
1.000000E+00
8.871379E-01
1.000000E+00
7.594064E-01
8.406586E-01
9.051663E-01
8.242903E-01
8.232636E-01
8.061612E-01
8.086860E-01
7.558401E-01
7.594064E-01
8.810431E-01
8.086860E-01
8.086860E-01
8.412452E-01
8.805078E-01
8.410888E-01
6.750373E-01
1.000000E+00
9.005330E-01
8.946920E-01
8.630687E-01
9.276064E-01
1.000000E+00
5.075176E-01
1.000000E+00
0.000000E+00
8.641215E-01
9.209547E-01
6.743416E-01
8.089126E-01
8.627255E-01
8.411461E-01
5.075176E-01
8.639179E-01
9.053763E-01
8.089126E-01
8.411461E-01
8.640746E-01
5.075176E-01
8.815203E-01
1.000000E+00
9.047527E-01
1.000000E+00
7.620820E-01
8.418366E-01
9.055848E-01
9.215273E-01
8.215748E-01
9.141906E-01
8.103817E-01
8.499636E-01
7.620820E-01
8.817009E-01
8.103817E-01
8.103817E-01
8.424146E-01
8.811715E-01
8.422605E-01
8.647317E-01
1.000000E+00
1.000000E+00
8.952078E-01
8.639396E-01
9.278505E-01
1.000000E+00
8.095266E-01
1.000000E+00
8.641215E-01
0.000000E+00
9.212457E-01
8.647781E-01
8.106043E-01
8.636007E-01
8.423170E-01
8.095266E-01
8.647781E-01
9.057930E-01
8.106043E-01
8.423170E-01
8.649328E-01
8.095266E-01
8.821729E-01
1.000000E+00
9.051749E-01
9.336964E-01
8.946768E-01
9.138972E-01
9.370395E-01
9.445515E-01
8.056828E-01
9.409862E-01
9.053497E-01
9.504039E-01
8.946768E-01
9.272442E-01
9.053497E-01
9.053497E-01
9.140688E-01
7.362148E-01
9.140230E-01
9.211616E-01
1.000000E+00
1.000000E+00
9.325880E-01
7.096198E-01
8.144689E-01
1.000000E+00
9.051371E-01
1.000000E+00
9.209547E-01
9.212457E-01
0.000000E+00
9.211773E-01
9.054052E-01
7.091174E-01
8.049564E-01
9.051371E-01
9.211773E-01
8.611011E-01
9.054052E-01
8.049564E-01
8.227600E-01
9.051371E-01
9.274230E-01
1.000000E+00
7.770302E-01
1.000000E+00
7.614573E-01
6.049142E-01
9.054866E-01
9.214595E-01
9.210398E-01
9.141095E-01
8.099850E-01
9.327071E-01
7.614573E-01
8.815466E-01
8.099850E-01
5.060681E-01
8.421407E-01
8.810159E-01
8.419861E-01
8.645299E-01
1.000000E+00
1.000000E+00
8.950868E-01
8.637355E-01
9.277932E-01
1.000000E+00
8.091264E-01
1.000000E+00
6.743416E-01
8.647781E-01
9.211773E-01
0.000000E+00
8.102086E-01
8.633956E-01
8.420428E-01
8.091264E-01
8.645765E-01
9.056952E-01
8.102086E-01
8.420428E-01
8.647317E-01
8.091264E-01
8.820198E-01
1.000000E+00
9.050758E-01
1.000000E+00
5.184951E-01
7.616929E-01
8.818694E-01
9.058112E-01
9.052070E-01
8.950399E-01
6.822819E-01
9.215385E-01
5.184951E-01
8.419433E-01
6.822819E-01
6.822819E-01
7.630027E-01
8.409969E-01
7.626540E-01
8.101171E-01
1.000000E+00
1.000000E+00
8.651635E-01
8.085527E-01
9.147761E-01
1.000000E+00
6.798739E-01
1.000000E+00
8.089126E-01
8.106043E-01
9.054052E-01
8.102086E-01
0.000000E+00
8.078811E-01
7.627818E-01
6.798739E-01
8.102086E-01
8.821952E-01
0.000000E+00
7.627818E-01
8.105132E-01
6.798739E-01
8.427847E-01
1.000000E+00
8.812270E-01
1.000000E+00
7.577689E-01
8.399420E-01
9.049129E-01
9.210637E-01
8.245290E-01
8.043254E-01
8.076520E-01
9.324168E-01
7.577689E-01
8.806442E-01
8.076520E-01
8.076520E-01
8.405339E-01
5.104827E-01
8.403761E-01
8.633483E-01
1.000000E+00
1.000000E+00
8.943795E-01
4.102477E-01
9.274588E-01
1.000000E+00
8.067721E-01
1.000000E+00
8.627255E-01
8.636007E-01
7.091174E-01
8.633956E-01
8.078811E-01
0.000000E+00
8.404339E-01
8.067721E-01
8.633956E-01
9.051241E-01
8.078811E-01
8.404339E-01
8.635535E-01
8.067721E-01
8.811246E-01
1.000000E+00
6.346069E-01
1.000000E+00
6.813974E-01
8.098191E-01
8.950362E-01
9.143752E-01
9.138762E-01
9.055652E-01
7.624324E-01
9.275730E-01
6.813974E-01
8.646587E-01
7.624324E-01
7.624324E-01
8.106542E-01
8.639654E-01
8.104317E-01
8.419794E-01
1.000000E+00
1.000000E+00
8.820514E-01
8.408975E-01
9.218487E-01
1.000000E+00
7.610887E-01
1.000000E+00
8.411461E-01
8.423170E-01
8.049564E-01
8.420428E-01
7.627818E-01
8.404339E-01
0.000000E+00
7.610887E-01
8.420428E-01
5.765255E-01
7.627818E-01
5.108835E-01
6.093001E-01
7.610887E-01
8.652761E-01
1.000000E+00
8.945293E-01
1.000000E+00
5.114676E-01
7.599842E-01
8.814511E-01
7.854388E-01
7.839059E-01
7.577753E-01
6.792373E-01
8.245718E-01
5.114676E-01
8.411934E-01
6.792373E-01
6.792373E-01
7.613128E-01
8.402380E-01
7.609590E-01
5.114198E-01
1.000000E+00
8.756024E-01
8.646181E-01
8.074515E-01
9.145586E-01
1.000000E+00
0.000000E+00
1.000000E+00
5.075176E-01
8.095266E-01
9.051371E-01
8.091264E-01
6.798739E-01
8.067721E-01
7.610887E-01
0.000000E+00
8.091264E-01
8.817791E-01
6.798739E-01
7.610887E-01
8.094345E-01
0.000000E+00
8.420428E-01
1.000000E+00
8.808040E-01
9.005901E-01
7.614573E-01
8.415607E-01
9.054866E-01
8.239482E-01
7.039299E-01
9.141095E-01
8.099850E-01
8.510883E-01
7.614573E-01
8.815466E-01
8.099850E-01
8.099850E-01
8.421407E-01
8.810159E-01
8.419861E-01
8.645299E-01
1.000000E+00
1.000000E+00
7.574699E-01
8.637355E-01
9.277932E-01
1.000000E+00
8.091264E-01
1.000000E+00
8.639179E-01
8.647781E-01
9.211773E-01
8.645765E-01
8.102086E-01
8.633956E-01
8.420428E-01
8.091264E-01
0.000000E+00
9.056952E-01
8.102086E-01
8.420428E-01
8.647317E-01
8.091264E-01
8.820198E-01
1.000000E+00
9.050758E-01
1.000000E+00
8.650799E-01
8.950819E-01
9.275372E-01
9.373117E-01
9.370447E-01
9.327161E-01
8.821091E-01
9.446905E-01
8.650799E-01
9.142501E-01
8.821091E-01
8.821091E-01
8.953365E-01
9.139723E-01
8.952686E-01
9.056726E-01
1.000000E+00
1.000000E+00
9.215770E-01
9.052882E-01
8.705712E-01
1.000000E+00
8.817791E-01
1.000000E+00
9.053763E-01
9.057930E-01
8.611011E-01
9.056952E-01
8.821952E-01
9.051241E-01
5.765255E-01
8.817791E-01
9.056952E-01
0.000000E+00
8.821952E-01
7.571001E-01
7.841072E-01
8.817791E-01
9.144983E-01
1.000000E+00
9.272960E-01
1.000000E+00
5.184951E-01
7.616929E-01
8.818694E-01
9.058112E-01
9.052070E-01
8.950399E-01
6.822819E-01
9.215385E-01
5.184951E-01
8.419433E-01
6.822819E-01
6.822819E-01
7.630027E-01
8.409969E-01
7.626540E-01
8.101171E-01
1.000000E+00
1.000000E+00
8.651635E-01
8.085527E-01
9.147761E-01
1.000000E+00
6.798739E-01
1.000000E+00
8.089126E-01
8.106043E-01
9.054052E-01
8.102086E-01
0.000000E+00
8.078811E-01
7.627818E-01
6.798739E-01
8.102086E-01
8.821952E-01
0.000000E+00
7.627818E-01
8.105132E-01
6.798739E-01
8.427847E-01
1.000000E+00
8.812270E-01
1.000000E+00
6.813974E-01
8.098191E-01
8.950362E-01
8.041111E-01
9.138762E-01
9.055652E-01
7.624324E-01
9.275730E-01
6.813974E-01
8.646587E-01
7.624324E-01
7.624324E-01
8.106542E-01
8.639654E-01
8.104317E-01
8.419794E-01
1.000000E+00
1.000000E+00
8.820514E-01
8.408975E-01
9.218487E-01
1.000000E+00
7.610887E-01
1.000000E+00
8.411461E-01
8.423170E-01
8.049564E-01
8.420428E-01
7.627818E-01
8.404339E-01
5.108835E-01
7.610887E-01
8.420428E-01
7.571001E-01
7.627818E-01
0.000000E+00
6.093001E-01
7.610887E-01
8.652761E-01
1.000000E+00
8.945293E-01
1.000000E+00
7.619383E-01
8.417731E-01
9.055622E-01
9.215117E-01
9.210925E-01
9.141720E-01
8.102904E-01
9.327454E-01
7.619383E-01
8.816654E-01
8.102904E-01
8.102904E-01
8.423515E-01
8.811357E-01
8.421973E-01
8.646852E-01
1.000000E+00
1.000000E+00
8.951799E-01
8.638926E-01
9.278373E-01
1.000000E+00
8.094345E-01
1.000000E+00
8.640746E-01
8.649328E-01
8.227600E-01
8.647317E-01
8.105132E-01
8.635535E-01
6.093001E-01
8.094345E-01
8.647317E-01
7.841072E-01
8.105132E-01
6.093001E-01
0.000000E+00
8.094345E-01
8.821376E-01
1.000000E+00
9.051520E-01
1.000000E+00
5.114676E-01
7.599842E-01
8.814511E-01
7.854388E-01
7.839059E-01
7.577753E-01
6.792373E-01
8.245718E-01
5.114676E-01
8.411934E-01
6.792373E-01
6.792373E-01
7.613128E-01
8.402380E-01
7.609590E-01
5.114198E-01
1.000000E+00
8.756024E-01
8.646181E-01
8.074515E-01
9.145586E-01
1.000000E+00
0.000000E+00
1.000000E+00
5.075176E-01
8.095266E-01
9.051371E-01
8.091264E-01
6.798739E-01
8.067721E-01
7.610887E-01
0.000000E+00
8.091264E-01
8.817791E-01
6.798739E-01
7.610887E-01
8.094345E-01
0.000000E+00
8.420428E-01
1.000000E+00
8.808040E-01
9.084652E-01
8.107451E-01
8.649256E-01
9.143268E-01
9.276622E-01
9.273064E-01
9.214731E-01
8.426313E-01
9.373126E-01
8.107451E-01
8.951111E-01
8.426313E-01
8.426313E-01
8.653474E-01
8.946952E-01
8.652349E-01
8.819845E-01
8.556744E-01
1.000000E+00
9.058686E-01
8.813821E-01
7.550506E-01
1.000000E+00
8.420428E-01
1.000000E+00
8.815203E-01
8.821729E-01
9.274230E-01
8.820198E-01
8.427847E-01
8.811246E-01
8.652761E-01
8.420428E-01
8.820198E-01
9.144983E-01
8.427847E-01
8.652761E-01
8.821376E-01
8.420428E-01
0.000000E+00
1.000000E+00
6.695024E-01
1.000000E+00
1.000000E+00
1.000000E+00
1.000000E+00
1.000000E+00
1.000000E+00
1.000000E+00
1.000000E+00
1.000000E+00
1.000000E+00
1.000000E+00
1.000000E+00
1.000000E+00
1.000000E+00
1.000000E+00
1.000000E+00
1.000000E+00
1.000000E+00
1.000000E+00
1.000000E+00
1.000000E+00
1.000000E+00
1.000000E+00
1.000000E+00
1.000000E+00
1.000000E+00
1.000000E+00
1.000000E+00
1.000000E+00
1.000000E+00
1.000000E+00
1.000000E+00
1.000000E+00
1.000000E+00
1.000000E+00
1.000000E+00
1.000000E+00
1.000000E+00
1.000000E+00
1.000000E+00
0.000000E+00
1.000000E+00
1.000000E+00
8.638084E-01
8.943146E-01
9.271720E-01
9.370386E-01
8.626775E-01
9.324014E-01
8.811395E-01
9.444780E-01
8.638084E-01
9.137382E-01
8.811395E-01
8.811395E-01
8.945730E-01
5.088094E-01
8.945040E-01
9.050529E-01
8.871379E-01
1.000000E+00
9.211491E-01
6.353993E-01
6.954302E-01
1.000000E+00
8.808040E-01
8.871379E-01
9.047527E-01
9.051749E-01
7.770302E-01
9.050758E-01
8.812270E-01
6.346069E-01
8.945293E-01
8.808040E-01
9.050758E-01
9.272960E-01
8.812270E-01
8.945293E-01
9.051520E-01
8.808040E-01
6.695024E-01
1.000000E+00
0.000000E+00
