1.000000E+00
1.000000E+00
1.000000E+00
9.348119E-01
8.692353E-01
1.000000E+00
1.000000E+00
9.295360E-01
9.293320E-01
9.079994E-01
1.000000E+00
8.973860E-01
9.460893E-01
9.163937E-01
9.238466E-01
1.000000E+00
9.236830E-01
1.000000E+00
9.233724E-01
1.000000E+00
8.983561E-01
9.079994E-01
1.000000E+00
8.987725E-01
9.390267E-01
1.000000E+00
9.077200E-01
9.165804E-01
1.000000E+00
1.000000E+00
9.077200E-01
9.344739E-01
1.000000E+00
8.859952E-01
9.077075E-01
1.000000E+00
9.235051E-01
9.087709E-01
1.000000E+00
8.856894E-01
8.987326E-01
1.000000E+00
9.086425E-01
8.854956E-01
9.231923E-01
1.000000E+00
8.859153E-01
9.169636E-01
1.000000E+00
1.000000E+00
1.000000E+00
9.237218E-01
8.153959E-01
1.000000E+00
1.000000E+00
9.163972E-01
9.161099E-01
8.842482E-01
1.000000E+00
8.669316E-01
9.387213E-01
8.972304E-01
9.082659E-01
1.000000E+00
9.080284E-01
1.000000E+00
9.075769E-01
1.000000E+00
6.803978E-01
8.842482E-01
1.000000E+00
8.692540E-01
9.294299E-01
1.000000E+00
8.838056E-01
8.975123E-01
1.000000E+00
1.000000E+00
8.838056E-01
9.232586E-01
1.000000E+00
8.471237E-01
8.837857E-01
1.000000E+00
9.077699E-01
8.854668E-01
1.000000E+00
8.465733E-01
8.691874E-01
1.000000E+00
8.852643E-01
8.462239E-01
9.073148E-01
1.000000E+00
8.469800E-01
8.980902E-01
1.000000E+00
1.000000E+00
1.000000E+00
8.981373E-01
5.292430E-01
1.000000E+00
1.000000E+00
8.846406E-01
8.840928E-01
8.129586E-01
1.000000E+00
7.631551E-01
9.232311E-01
8.446660E-01
8.685648E-01
1.000000E+00
8.680767E-01
1.000000E+00
8.671456E-01
1.000000E+00
7.682603E-01
8.129586E-01
1.000000E+00
7.704135E-01
9.080675E-01
1.000000E+00
8.118003E-01
8.453091E-01
1.000000E+00
1.000000E+00
8.118003E-01
8.973096E-01
1.000000E+00
6.921633E-01
8.117481E-01
1.000000E+00
8.675442E-01
8.161200E-01
1.000000E+00
6.899233E-01
7.702080E-01
1.000000E+00
8.155975E-01
6.884931E-01
8.666034E-01
1.000000E+00
6.915799E-01
8.466219E-01
   NaN
   NaN
   NaN
1.000000E+00
1.000000E+00
   NaN
   NaN
1.000000E+00
1.000000E+00
1.000000E+00
   NaN
1.000000E+00
1.000000E+00
1.000000E+00
1.000000E+00
   NaN
1.000000E+00
   NaN
1.000000E+00
1.000000E+00
1.000000E+00
1.000000E+00
1.000000E+00
1.000000E+00
1.000000E+00
   NaN
1.000000E+00
1.000000E+00
   NaN
1.000000E+00
1.000000E+00
1.000000E+00
1.000000E+00
1.000000E+00
1.000000E+00
   NaN
1.000000E+00
1.000000E+00
   NaN
1.000000E+00
1.000000E+00
   NaN
1.000000E+00
1.000000E+00
1.000000E+00
   NaN
1.000000E+00
1.000000E+00
1.000000E+00
1.000000E+00
1.000000E+00
9.300063E-01
8.483491E-01
1.000000E+00
1.000000E+00
9.238873E-01
9.236493E-01
8.981283E-01
1.000000E+00
8.849520E-01
9.428440E-01
9.083208E-01
9.172060E-01
1.000000E+00
9.170126E-01
1.000000E+00
9.166451E-01
1.000000E+00
8.861701E-01
8.981283E-01
1.000000E+00
8.866921E-01
9.348424E-01
1.000000E+00
8.977856E-01
9.085452E-01
1.000000E+00
1.000000E+00
8.977856E-01
9.296164E-01
1.000000E+00
8.704383E-01
8.977702E-01
1.000000E+00
9.168022E-01
8.990733E-01
1.000000E+00
8.700432E-01
8.866421E-01
1.000000E+00
8.989161E-01
8.697926E-01
9.164320E-01
1.000000E+00
8.703351E-01
9.090056E-01
   NaN
   NaN
   NaN
1.000000E+00
1.000000E+00
   NaN
   NaN
1.000000E+00
1.000000E+00
1.000000E+00
   NaN
1.000000E+00
1.000000E+00
1.000000E+00
1.000000E+00
   NaN
1.000000E+00
   NaN
1.000000E+00
1.000000E+00
1.000000E+00
1.000000E+00
1.000000E+00
1.000000E+00
1.000000E+00
   NaN
1.000000E+00
1.000000E+00
   NaN
1.000000E+00
1.000000E+00
1.000000E+00
1.000000E+00
1.000000E+00
1.000000E+00
   NaN
1.000000E+00
1.000000E+00
   NaN
1.000000E+00
1.000000E+00
   NaN
1.000000E+00
1.000000E+00
1.000000E+00
   NaN
1.000000E+00
1.000000E+00
1.000000E+00
1.000000E+00
1.000000E+00
1.000000E+00
1.000000E+00
1.000000E+00
1.000000E+00
1.000000E+00
1.000000E+00
1.000000E+00
1.000000E+00
1.000000E+00
1.000000E+00
1.000000E+00
1.000000E+00
1.000000E+00
1.000000E+00
1.000000E+00
1.000000E+00
1.000000E+00
1.000000E+00
1.000000E+00
9.053818E-01
1.000000E+00
1.000000E+00
1.000000E+00
1.000000E+00
1.000000E+00
1.000000E+00
8.449787E-01
1.000000E+00
1.000000E+00
8.966087E-01
1.000000E+00
1.000000E+00
1.000000E+00
1.000000E+00
1.000000E+00
1.000000E+00
1.000000E+00
1.000000E+00
1.000000E+00
1.000000E+00
1.000000E+00
1.000000E+00
1.000000E+00
1.000000E+00
1.000000E+00
1.000000E+00
1.000000E+00
1.000000E+00
9.291779E-01
8.444063E-01
1.000000E+00
1.000000E+00
9.229068E-01
9.226626E-01
8.963641E-01
1.000000E+00
8.826970E-01
9.422928E-01
9.068945E-01
9.160445E-01
1.000000E+00
9.158456E-01
1.000000E+00
9.154677E-01
1.000000E+00
8.839630E-01
8.963641E-01
9.110614E-01
8.845054E-01
9.341252E-01
1.000000E+00
8.960095E-01
9.071259E-01
1.000000E+00
1.000000E+00
8.960095E-01
9.287788E-01
1.000000E+00
8.675713E-01
8.959935E-01
1.000000E+00
9.156292E-01
8.973420E-01
1.000000E+00
8.671585E-01
8.844534E-01
1.000000E+00
8.971794E-01
8.668967E-01
8.099640E-01
1.000000E+00
8.674634E-01
9.076007E-01
1.000000E+00
1.000000E+00
1.000000E+00
1.000000E+00
1.000000E+00
1.000000E+00
1.000000E+00
1.000000E+00
1.000000E+00
1.000000E+00
1.000000E+00
1.000000E+00
1.000000E+00
1.000000E+00
1.000000E+00
1.000000E+00
1.000000E+00
1.000000E+00
1.000000E+00
1.000000E+00
1.000000E+00
1.000000E+00
9.328761E-01
1.000000E+00
1.000000E+00
1.000000E+00
1.000000E+00
1.000000E+00
1.000000E+00
9.072335E-01
1.000000E+00
1.000000E+00
9.285766E-01
1.000000E+00
1.000000E+00
1.000000E+00
1.000000E+00
1.000000E+00
1.000000E+00
1.000000E+00
1.000000E+00
1.000000E+00
1.000000E+00
1.000000E+00
1.000000E+00
1.000000E+00
1.000000E+00
1.000000E+00
   NaN
   NaN
   NaN
1.000000E+00
1.000000E+00
   NaN
   NaN
1.000000E+00
1.000000E+00
1.000000E+00
   NaN
1.000000E+00
1.000000E+00
1.000000E+00
1.000000E+00
   NaN
1.000000E+00
   NaN
1.000000E+00
1.000000E+00
1.000000E+00
1.000000E+00
1.000000E+00
1.000000E+00
1.000000E+00
   NaN
1.000000E+00
1.000000E+00
   NaN
1.000000E+00
1.000000E+00
1.000000E+00
1.000000E+00
1.000000E+00
1.000000E+00
   NaN
1.000000E+00
1.000000E+00
   NaN
1.000000E+00
1.000000E+00
   NaN
1.000000E+00
1.000000E+00
1.000000E+00
   NaN
1.000000E+00
1.000000E+00
1.000000E+00
1.000000E+00
1.000000E+00
1.000000E+00
1.000000E+00
1.000000E+00
1.000000E+00
1.000000E+00
1.000000E+00
1.000000E+00
1.000000E+00
1.000000E+00
1.000000E+00
9.214007E-01
1.000000E+00
1.000000E+00
1.000000E+00
1.000000E+00
1.000000E+00
1.000000E+00
1.000000E+00
1.000000E+00
1.000000E+00
1.000000E+00
1.000000E+00
1.000000E+00
1.000000E+00
1.000000E+00
1.000000E+00
1.000000E+00
1.000000E+00
1.000000E+00
9.220866E-01
1.000000E+00
1.000000E+00
1.000000E+00
1.000000E+00
1.000000E+00
1.000000E+00
1.000000E+00
1.000000E+00
1.000000E+00
1.000000E+00
1.000000E+00
1.000000E+00
1.000000E+00
1.000000E+00
1.000000E+00
   NaN
   NaN
   NaN
1.000000E+00
1.000000E+00
   NaN
   NaN
1.000000E+00
1.000000E+00
1.000000E+00
   NaN
1.000000E+00
1.000000E+00
1.000000E+00
1.000000E+00
   NaN
1.000000E+00
   NaN
1.000000E+00
1.000000E+00
1.000000E+00
1.000000E+00
1.000000E+00
1.000000E+00
1.000000E+00
   NaN
1.000000E+00
1.000000E+00
   NaN
1.000000E+00
1.000000E+00
1.000000E+00
1.000000E+00
1.000000E+00
1.000000E+00
   NaN
1.000000E+00
1.000000E+00
   NaN
1.000000E+00
1.000000E+00
   NaN
1.000000E+00
1.000000E+00
1.000000E+00
   NaN
1.000000E+00
1.000000E+00
   NaN
   NaN
   NaN
1.000000E+00
1.000000E+00
   NaN
   NaN
1.000000E+00
1.000000E+00
1.000000E+00
   NaN
1.000000E+00
1.000000E+00
1.000000E+00
1.000000E+00
   NaN
1.000000E+00
   NaN
1.000000E+00
1.000000E+00
1.000000E+00
1.000000E+00
1.000000E+00
1.000000E+00
1.000000E+00
   NaN
1.000000E+00
1.000000E+00
   NaN
1.000000E+00
1.000000E+00
1.000000E+00
1.000000E+00
1.000000E+00
1.000000E+00
   NaN
1.000000E+00
1.000000E+00
   NaN
1.000000E+00
1.000000E+00
   NaN
1.000000E+00
1.000000E+00
1.000000E+00
   NaN
1.000000E+00
1.000000E+00
1.000000E+00
1.000000E+00
1.000000E+00
9.567695E-01
9.352287E-01
1.000000E+00
1.000000E+00
9.545108E-01
9.544259E-01
9.464126E-01
1.000000E+00
9.429773E-01
9.620361E-01
9.493734E-01
9.522057E-01
1.000000E+00
9.521413E-01
1.000000E+00
9.520194E-01
1.000000E+00
9.432781E-01
9.464126E-01
1.000000E+00
9.434081E-01
9.586644E-01
1.000000E+00
9.463180E-01
9.494418E-01
1.000000E+00
1.000000E+00
9.463180E-01
9.566212E-01
1.000000E+00
9.396251E-01
9.463137E-01
1.000000E+00
9.520715E-01
9.466753E-01
1.000000E+00
9.395394E-01
9.433956E-01
1.000000E+00
9.466314E-01
9.394853E-01
9.519488E-01
1.000000E+00
9.396027E-01
9.495829E-01
1.000000E+00
1.000000E+00
1.000000E+00
1.000000E+00
1.000000E+00
1.000000E+00
1.000000E+00
1.000000E+00
1.000000E+00
1.000000E+00
1.000000E+00
1.000000E+00
1.000000E+00
1.000000E+00
1.000000E+00
1.000000E+00
1.000000E+00
1.000000E+00
1.000000E+00
1.000000E+00
1.000000E+00
1.000000E+00
9.328193E-01
1.000000E+00
1.000000E+00
1.000000E+00
1.000000E+00
1.000000E+00
1.000000E+00
9.071250E-01
1.000000E+00
1.000000E+00
9.285123E-01
1.000000E+00
1.000000E+00
1.000000E+00
1.000000E+00
1.000000E+00
1.000000E+00
1.000000E+00
1.000000E+00
1.000000E+00
1.000000E+00
1.000000E+00
1.000000E+00
1.000000E+00
1.000000E+00
1.000000E+00
   NaN
   NaN
   NaN
1.000000E+00
1.000000E+00
   NaN
   NaN
1.000000E+00
1.000000E+00
1.000000E+00
   NaN
1.000000E+00
1.000000E+00
1.000000E+00
1.000000E+00
   NaN
1.000000E+00
   NaN
1.000000E+00
1.000000E+00
1.000000E+00
1.000000E+00
1.000000E+00
1.000000E+00
1.000000E+00
   NaN
1.000000E+00
1.000000E+00
   NaN
1.000000E+00
1.000000E+00
1.000000E+00
1.000000E+00
1.000000E+00
1.000000E+00
   NaN
1.000000E+00
1.000000E+00
   NaN
1.000000E+00
1.000000E+00
   NaN
1.000000E+00
1.000000E+00
1.000000E+00
   NaN
1.000000E+00
1.000000E+00
1.000000E+00
1.000000E+00
1.000000E+00
8.978485E-01
5.230109E-01
1.000000E+00
1.000000E+00
8.842701E-01
8.837188E-01
8.119826E-01
1.000000E+00
7.615879E-01
9.230672E-01
8.439935E-01
8.680836E-01
1.000000E+00
8.675919E-01
1.000000E+00
8.666540E-01
1.000000E+00
7.667602E-01
8.119826E-01
1.000000E+00
7.689412E-01
9.078323E-01
1.000000E+00
8.108121E-01
8.446421E-01
1.000000E+00
1.000000E+00
8.108121E-01
8.970161E-01
1.000000E+00
6.895106E-01
8.107594E-01
1.000000E+00
8.670555E-01
8.151767E-01
1.000000E+00
6.872317E-01
7.687331E-01
1.000000E+00
8.146489E-01
6.857765E-01
8.661077E-01
1.000000E+00
6.889171E-01
8.459662E-01
1.000000E+00
1.000000E+00
1.000000E+00
8.980735E-01
5.278772E-01
1.000000E+00
1.000000E+00
8.845587E-01
8.840102E-01
8.127434E-01
1.000000E+00
7.628099E-01
9.231949E-01
8.445176E-01
8.684586E-01
1.000000E+00
8.679696E-01
1.000000E+00
8.670371E-01
1.000000E+00
7.679298E-01
8.127434E-01
1.000000E+00
7.700891E-01
9.080155E-01
1.000000E+00
8.115824E-01
8.451619E-01
1.000000E+00
1.000000E+00
8.115824E-01
8.972448E-01
1.000000E+00
6.915799E-01
8.115301E-01
1.000000E+00
8.674363E-01
8.159120E-01
1.000000E+00
6.893313E-01
7.698831E-01
1.000000E+00
8.153883E-01
6.878957E-01
8.664940E-01
1.000000E+00
6.909942E-01
8.464772E-01
1.000000E+00
1.000000E+00
1.000000E+00
1.000000E+00
1.000000E+00
1.000000E+00
1.000000E+00
1.000000E+00
1.000000E+00
1.000000E+00
1.000000E+00
1.000000E+00
1.000000E+00
1.000000E+00
1.000000E+00
1.000000E+00
9.104410E-01
1.000000E+00
1.000000E+00
1.000000E+00
1.000000E+00
1.000000E+00
1.000000E+00
1.000000E+00
1.000000E+00
1.000000E+00
1.000000E+00
1.000000E+00
1.000000E+00
1.000000E+00
1.000000E+00
1.000000E+00
1.000000E+00
1.000000E+00
1.000000E+00
1.000000E+00
1.000000E+00
1.000000E+00
1.000000E+00
1.000000E+00
1.000000E+00
1.000000E+00
1.000000E+00
1.000000E+00
1.000000E+00
1.000000E+00
1.000000E+00
1.000000E+00
1.000000E+00
1.000000E+00
1.000000E+00
1.000000E+00
1.000000E+00
1.000000E+00
1.000000E+00
1.000000E+00
1.000000E+00
1.000000E+00
1.000000E+00
1.000000E+00
1.000000E+00
1.000000E+00
1.000000E+00
1.000000E+00
1.000000E+00
1.000000E+00
1.000000E+00
1.000000E+00
1.000000E+00
1.000000E+00
9.529960E-01
1.000000E+00
1.000000E+00
1.000000E+00
1.000000E+00
1.000000E+00
1.000000E+00
9.417139E-01
1.000000E+00
1.000000E+00
9.509275E-01
1.000000E+00
1.000000E+00
1.000000E+00
1.000000E+00
1.000000E+00
1.000000E+00
1.000000E+00
1.000000E+00
1.000000E+00
1.000000E+00
1.000000E+00
1.000000E+00
1.000000E+00
1.000000E+00
1.000000E+00
   NaN
   NaN
   NaN
1.000000E+00
1.000000E+00
   NaN
   NaN
1.000000E+00
1.000000E+00
1.000000E+00
   NaN
1.000000E+00
1.000000E+00
1.000000E+00
1.000000E+00
   NaN
1.000000E+00
   NaN
1.000000E+00
1.000000E+00
1.000000E+00
1.000000E+00
1.000000E+00
1.000000E+00
1.000000E+00
   NaN
1.000000E+00
1.000000E+00
   NaN
1.000000E+00
1.000000E+00
1.000000E+00
1.000000E+00
1.000000E+00
1.000000E+00
   NaN
1.000000E+00
1.000000E+00
   NaN
1.000000E+00
1.000000E+00
   NaN
1.000000E+00
1.000000E+00
1.000000E+00
   NaN
1.000000E+00
1.000000E+00
   NaN
   NaN
   NaN
1.000000E+00
1.000000E+00
   NaN
   NaN
1.000000E+00
1.000000E+00
1.000000E+00
   NaN
1.000000E+00
1.000000E+00
1.000000E+00
1.000000E+00
   NaN
1.000000E+00
   NaN
1.000000E+00
1.000000E+00
1.000000E+00
1.000000E+00
1.000000E+00
1.000000E+00
1.000000E+00
   NaN
1.000000E+00
1.000000E+00
   NaN
1.000000E+00
1.000000E+00
1.000000E+00
1.000000E+00
1.000000E+00
1.000000E+00
   NaN
1.000000E+00
1.000000E+00
   NaN
1.000000E+00
1.000000E+00
   NaN
1.000000E+00
1.000000E+00
1.000000E+00
   NaN
1.000000E+00
1.000000E+00
1.000000E+00
1.000000E+00
1.000000E+00
8.849636E-01
0.000000E+00
1.000000E+00
1.000000E+00
8.674500E-01
8.667263E-01
7.631551E-01
1.000000E+00
6.772042E-01
9.159796E-01
8.118003E-01
8.457760E-01
1.000000E+00
8.451035E-01
1.000000E+00
8.438184E-01
1.000000E+00
6.866135E-01
7.631551E-01
1.000000E+00
6.905384E-01
8.974707E-01
1.000000E+00
7.612947E-01
8.127434E-01
1.000000E+00
1.000000E+00
7.612947E-01
8.839068E-01
1.000000E+00
5.292430E-01
7.612107E-01
1.000000E+00
8.443689E-01
7.682014E-01
1.000000E+00
5.239842E-01
6.901650E-01
1.000000E+00
7.673706E-01
5.206054E-01
8.430685E-01
1.000000E+00
5.278772E-01
8.146636E-01
   NaN
   NaN
   NaN
1.000000E+00
1.000000E+00
   NaN
   NaN
1.000000E+00
1.000000E+00
1.000000E+00
   NaN
1.000000E+00
1.000000E+00
1.000000E+00
1.000000E+00
   NaN
1.000000E+00
   NaN
1.000000E+00
1.000000E+00
1.000000E+00
1.000000E+00
1.000000E+00
1.000000E+00
1.000000E+00
   NaN
1.000000E+00
1.000000E+00
   NaN
1.000000E+00
1.000000E+00
1.000000E+00
1.000000E+00
1.000000E+00
1.000000E+00
   NaN
1.000000E+00
1.000000E+00
   NaN
1.000000E+00
1.000000E+00
   NaN
1.000000E+00
1.000000E+00
1.000000E+00
   NaN
1.000000E+00
1.000000E+00
   NaN
   NaN
   NaN
1.000000E+00
1.000000E+00
   NaN
   NaN
1.000000E+00
1.000000E+00
1.000000E+00
   NaN
1.000000E+00
1.000000E+00
1.000000E+00
1.000000E+00
   NaN
1.000000E+00
   NaN
1.000000E+00
1.000000E+00
1.000000E+00
1.000000E+00
1.000000E+00
1.000000E+00
1.000000E+00
   NaN
1.000000E+00
1.000000E+00
   NaN
1.000000E+00
1.000000E+00
1.000000E+00
1.000000E+00
1.000000E+00
1.000000E+00
   NaN
1.000000E+00
1.000000E+00
   NaN
1.000000E+00
1.000000E+00
   NaN
1.000000E+00
1.000000E+00
1.000000E+00
   NaN
1.000000E+00
1.000000E+00
1.000000E+00
1.000000E+00
1.000000E+00
1.000000E+00
1.000000E+00
1.000000E+00
1.000000E+00
1.000000E+00
1.000000E+00
1.000000E+00
1.000000E+00
1.000000E+00
1.000000E+00
1.000000E+00
1.000000E+00
1.000000E+00
8.906761E-01
1.000000E+00
1.000000E+00
1.000000E+00
1.000000E+00
1.000000E+00
8.937138E-01
1.000000E+00
1.000000E+00
1.000000E+00
1.000000E+00
1.000000E+00
1.000000E+00
8.109816E-01
1.000000E+00
1.000000E+00
8.825154E-01
1.000000E+00
1.000000E+00
1.000000E+00
1.000000E+00
1.000000E+00
1.000000E+00
1.000000E+00
1.000000E+00
1.000000E+00
1.000000E+00
1.000000E+00
1.000000E+00
1.000000E+00
1.000000E+00
1.000000E+00
1.000000E+00
1.000000E+00
1.000000E+00
9.347036E-01
8.687989E-01
1.000000E+00
1.000000E+00
9.294095E-01
9.292048E-01
9.077836E-01
1.000000E+00
8.971174E-01
9.460153E-01
9.162156E-01
9.236989E-01
1.000000E+00
9.235346E-01
1.000000E+00
9.232227E-01
1.000000E+00
8.980927E-01
9.077836E-01
9.192791E-01
8.985112E-01
9.389320E-01
1.000000E+00
9.075029E-01
9.164030E-01
1.000000E+00
1.000000E+00
9.075029E-01
9.343645E-01
1.000000E+00
8.856637E-01
9.074903E-01
1.000000E+00
9.233560E-01
9.085587E-01
1.000000E+00
8.853560E-01
8.984711E-01
1.000000E+00
9.084297E-01
8.851611E-01
8.289656E-01
1.000000E+00
8.855833E-01
9.167879E-01
1.000000E+00
1.000000E+00
1.000000E+00
8.976031E-01
5.176112E-01
1.000000E+00
1.000000E+00
8.839549E-01
8.834006E-01
8.111493E-01
1.000000E+00
7.602465E-01
9.229281E-01
8.434202E-01
8.676740E-01
1.000000E+00
8.671792E-01
1.000000E+00
8.662354E-01
1.000000E+00
7.654765E-01
8.111493E-01
1.000000E+00
7.676815E-01
9.076325E-01
1.000000E+00
8.099684E-01
8.440736E-01
1.000000E+00
1.000000E+00
8.099684E-01
8.967666E-01
1.000000E+00
6.872317E-01
8.099152E-01
1.000000E+00
8.666394E-01
8.143716E-01
1.000000E+00
6.849190E-01
7.674711E-01
1.000000E+00
8.138392E-01
6.834422E-01
8.656857E-01
1.000000E+00
6.866294E-01
8.454073E-01
1.000000E+00
1.000000E+00
1.000000E+00
1.000000E+00
1.000000E+00
1.000000E+00
1.000000E+00
1.000000E+00
1.000000E+00
1.000000E+00
1.000000E+00
1.000000E+00
1.000000E+00
1.000000E+00
1.000000E+00
1.000000E+00
1.000000E+00
1.000000E+00
1.000000E+00
1.000000E+00
1.000000E+00
1.000000E+00
9.329071E-01
1.000000E+00
1.000000E+00
1.000000E+00
1.000000E+00
1.000000E+00
1.000000E+00
9.072927E-01
1.000000E+00
1.000000E+00
9.286117E-01
1.000000E+00
1.000000E+00
1.000000E+00
1.000000E+00
1.000000E+00
1.000000E+00
1.000000E+00
1.000000E+00
1.000000E+00
1.000000E+00
1.000000E+00
1.000000E+00
1.000000E+00
1.000000E+00
1.000000E+00
   NaN
   NaN
   NaN
1.000000E+00
1.000000E+00
   NaN
   NaN
1.000000E+00
1.000000E+00
1.000000E+00
   NaN
1.000000E+00
1.000000E+00
1.000000E+00
1.000000E+00
   NaN
1.000000E+00
   NaN
1.000000E+00
1.000000E+00
1.000000E+00
1.000000E+00
1.000000E+00
1.000000E+00
1.000000E+00
   NaN
1.000000E+00
1.000000E+00
   NaN
1.000000E+00
1.000000E+00
1.000000E+00
1.000000E+00
1.000000E+00
1.000000E+00
   NaN
1.000000E+00
1.000000E+00
   NaN
1.000000E+00
1.000000E+00
   NaN
1.000000E+00
1.000000E+00
1.000000E+00
   NaN
1.000000E+00
1.000000E+00
   NaN
   NaN
   NaN
1.000000E+00
1.000000E+00
   NaN
   NaN
1.000000E+00
1.000000E+00
1.000000E+00
   NaN
1.000000E+00
1.000000E+00
1.000000E+00
1.000000E+00
   NaN
1.000000E+00
   NaN
1.000000E+00
1.000000E+00
1.000000E+00
1.000000E+00
1.000000E+00
1.000000E+00
1.000000E+00
   NaN
1.000000E+00
1.000000E+00
   NaN
1.000000E+00
1.000000E+00
1.000000E+00
1.000000E+00
1.000000E+00
1.000000E+00
   NaN
1.000000E+00
1.000000E+00
   NaN
1.000000E+00
1.000000E+00
   NaN
1.000000E+00
1.000000E+00
1.000000E+00
   NaN
1.000000E+00
1.000000E+00
1.000000E+00
1.000000E+00
1.000000E+00
8.977386E-01
5.206054E-01
1.000000E+00
1.000000E+00
8.841290E-01
8.835764E-01
8.116100E-01
1.000000E+00
7.609885E-01
9.230049E-01
8.437370E-01
8.679003E-01
1.000000E+00
8.674072E-01
1.000000E+00
8.664666E-01
1.000000E+00
7.661865E-01
8.116100E-01
1.000000E+00
7.683782E-01
9.077429E-01
1.000000E+00
8.104348E-01
8.443877E-01
1.000000E+00
1.000000E+00
8.104348E-01
8.969044E-01
1.000000E+00
6.884931E-01
8.103819E-01
1.000000E+00
8.668693E-01
8.148167E-01
1.000000E+00
6.861992E-01
7.681691E-01
1.000000E+00
8.142868E-01
6.847344E-01
8.659189E-01
1.000000E+00
6.878957E-01
8.457162E-01
1.000000E+00
1.000000E+00
1.000000E+00
9.294490E-01
8.457088E-01
1.000000E+00
1.000000E+00
9.232280E-01
9.229857E-01
8.969436E-01
1.000000E+00
8.834388E-01
9.424730E-01
9.073624E-01
9.164252E-01
1.000000E+00
9.162281E-01
1.000000E+00
9.158536E-01
1.000000E+00
7.216334E-01
8.969436E-01
1.000000E+00
8.852246E-01
9.343598E-01
1.000000E+00
8.965929E-01
9.075915E-01
1.000000E+00
1.000000E+00
8.965929E-01
9.290530E-01
1.000000E+00
8.685160E-01
8.965772E-01
1.000000E+00
9.160137E-01
8.979107E-01
1.000000E+00
8.681091E-01
8.851733E-01
1.000000E+00
8.977498E-01
8.678510E-01
9.156364E-01
1.000000E+00
8.684097E-01
9.080616E-01
1.000000E+00
1.000000E+00
1.000000E+00
9.428433E-01
8.979891E-01
1.000000E+00
1.000000E+00
9.388274E-01
9.386737E-01
9.232248E-01
1.000000E+00
9.159721E-01
9.517019E-01
9.291603E-01
9.345847E-01
1.000000E+00
9.344640E-01
1.000000E+00
9.342351E-01
1.000000E+00
9.166237E-01
9.232248E-01
1.000000E+00
9.169041E-01
9.461096E-01
1.000000E+00
9.230304E-01
9.292943E-01
1.000000E+00
1.000000E+00
9.230304E-01
8.717869E-01
1.000000E+00
9.084845E-01
9.230217E-01
1.000000E+00
9.343329E-01
9.237628E-01
1.000000E+00
9.082875E-01
9.168772E-01
1.000000E+00
9.236732E-01
9.081628E-01
9.341025E-01
1.000000E+00
9.084330E-01
9.295699E-01
1.000000E+00
1.000000E+00
1.000000E+00
1.000000E+00
1.000000E+00
1.000000E+00
1.000000E+00
1.000000E+00
1.000000E+00
1.000000E+00
1.000000E+00
1.000000E+00
1.000000E+00
1.000000E+00
1.000000E+00
1.000000E+00
1.000000E+00
1.000000E+00
1.000000E+00
1.000000E+00
1.000000E+00
1.000000E+00
8.391833E-01
1.000000E+00
1.000000E+00
1.000000E+00
1.000000E+00
1.000000E+00
1.000000E+00
5.238536E-01
1.000000E+00
1.000000E+00
8.120817E-01
1.000000E+00
1.000000E+00
1.000000E+00
1.000000E+00
1.000000E+00
1.000000E+00
1.000000E+00
1.000000E+00
1.000000E+00
1.000000E+00
1.000000E+00
1.000000E+00
1.000000E+00
1.000000E+00
1.000000E+00
   NaN
   NaN
   NaN
1.000000E+00
1.000000E+00
   NaN
   NaN
1.000000E+00
1.000000E+00
1.000000E+00
   NaN
1.000000E+00
1.000000E+00
1.000000E+00
1.000000E+00
   NaN
1.000000E+00
   NaN
1.000000E+00
1.000000E+00
1.000000E+00
1.000000E+00
1.000000E+00
1.000000E+00
1.000000E+00
   NaN
1.000000E+00
1.000000E+00
   NaN
1.000000E+00
1.000000E+00
1.000000E+00
1.000000E+00
1.000000E+00
1.000000E+00
   NaN
1.000000E+00
1.000000E+00
   NaN
1.000000E+00
1.000000E+00
   NaN
1.000000E+00
1.000000E+00
1.000000E+00
   NaN
1.000000E+00
1.000000E+00
   NaN
   NaN
   NaN
1.000000E+00
1.000000E+00
   NaN
   NaN
1.000000E+00
1.000000E+00
1.000000E+00
   NaN
1.000000E+00
1.000000E+00
1.000000E+00
1.000000E+00
   NaN
1.000000E+00
   NaN
1.000000E+00
1.000000E+00
1.000000E+00
1.000000E+00
1.000000E+00
1.000000E+00
1.000000E+00
   NaN
1.000000E+00
1.000000E+00
   NaN
1.000000E+00
1.000000E+00
1.000000E+00
1.000000E+00
1.000000E+00
1.000000E+00
   NaN
1.000000E+00
1.000000E+00
   NaN
1.000000E+00
1.000000E+00
   NaN
1.000000E+00
1.000000E+00
1.000000E+00
   NaN
1.000000E+00
1.000000E+00
1.000000E+00
1.000000E+00
1.000000E+00
9.390535E-01
8.852544E-01
1.000000E+00
1.000000E+00
9.344660E-01
9.342896E-01
9.162276E-01
1.000000E+00
9.075176E-01
9.490233E-01
9.232448E-01
9.295725E-01
1.000000E+00
9.294326E-01
1.000000E+00
9.291671E-01
1.000000E+00
9.083064E-01
9.162276E-01
1.000000E+00
9.086454E-01
9.427532E-01
1.000000E+00
9.159960E-01
9.234022E-01
1.000000E+00
1.000000E+00
8.065885E-01
9.387581E-01
1.000000E+00
8.983654E-01
9.159856E-01
1.000000E+00
9.292806E-01
9.168677E-01
1.000000E+00
8.981224E-01
9.086128E-01
1.000000E+00
9.167611E-01
8.979685E-01
9.290133E-01
1.000000E+00
8.983019E-01
9.237254E-01
   NaN
   NaN
   NaN
1.000000E+00
1.000000E+00
   NaN
   NaN
1.000000E+00
1.000000E+00
1.000000E+00
   NaN
1.000000E+00
1.000000E+00
1.000000E+00
1.000000E+00
   NaN
1.000000E+00
   NaN
1.000000E+00
1.000000E+00
1.000000E+00
1.000000E+00
1.000000E+00
1.000000E+00
1.000000E+00
   NaN
1.000000E+00
1.000000E+00
   NaN
1.000000E+00
1.000000E+00
1.000000E+00
1.000000E+00
1.000000E+00
1.000000E+00
   NaN
1.000000E+00
1.000000E+00
   NaN
1.000000E+00
1.000000E+00
   NaN
1.000000E+00
1.000000E+00
1.000000E+00
   NaN
1.000000E+00
1.000000E+00
   NaN
   NaN
   NaN
1.000000E+00
1.000000E+00
   NaN
   NaN
1.000000E+00
1.000000E+00
1.000000E+00
   NaN
1.000000E+00
1.000000E+00
1.000000E+00
1.000000E+00
   NaN
1.000000E+00
   NaN
1.000000E+00
1.000000E+00
1.000000E+00
1.000000E+00
1.000000E+00
1.000000E+00
1.000000E+00
   NaN
1.000000E+00
1.000000E+00
   NaN
1.000000E+00
1.000000E+00
1.000000E+00
1.000000E+00
1.000000E+00
1.000000E+00
   NaN
1.000000E+00
1.000000E+00
   NaN
1.000000E+00
1.000000E+00
   NaN
1.000000E+00
1.000000E+00
1.000000E+00
   NaN
1.000000E+00
1.000000E+00
1.000000E+00
1.000000E+00
1.000000E+00
9.236242E-01
8.148237E-01
1.000000E+00
1.000000E+00
9.162800E-01
9.159919E-01
8.840234E-01
1.000000E+00
8.666345E-01
9.386583E-01
8.970533E-01
9.081248E-01
1.000000E+00
9.078866E-01
1.000000E+00
9.074336E-01
1.000000E+00
8.682687E-01
8.840234E-01
1.000000E+00
8.689672E-01
9.293464E-01
1.000000E+00
8.835791E-01
8.973361E-01
1.000000E+00
1.000000E+00
8.835791E-01
8.257263E-01
1.000000E+00
8.467315E-01
8.835592E-01
1.000000E+00
9.076273E-01
8.852467E-01
1.000000E+00
8.461782E-01
8.689003E-01
1.000000E+00
8.850435E-01
8.458271E-01
9.071707E-01
1.000000E+00
8.465870E-01
8.979160E-01
1.000000E+00
1.000000E+00
1.000000E+00
1.000000E+00
1.000000E+00
1.000000E+00
1.000000E+00
1.000000E+00
1.000000E+00
1.000000E+00
1.000000E+00
1.000000E+00
1.000000E+00
1.000000E+00
1.000000E+00
1.000000E+00
1.000000E+00
1.000000E+00
1.000000E+00
1.000000E+00
1.000000E+00
1.000000E+00
1.000000E+00
1.000000E+00
1.000000E+00
1.000000E+00
1.000000E+00
1.000000E+00
1.000000E+00
1.000000E+00
1.000000E+00
1.000000E+00
1.000000E+00
1.000000E+00
1.000000E+00
1.000000E+00
1.000000E+00
1.000000E+00
1.000000E+00
1.000000E+00
1.000000E+00
1.000000E+00
1.000000E+00
1.000000E+00
1.000000E+00
1.000000E+00
1.000000E+00
1.000000E+00
   NaN
   NaN
   NaN
1.000000E+00
1.000000E+00
   NaN
   NaN
1.000000E+00
1.000000E+00
1.000000E+00
   NaN
1.000000E+00
1.000000E+00
1.000000E+00
1.000000E+00
   NaN
1.000000E+00
   NaN
1.000000E+00
1.000000E+00
1.000000E+00
1.000000E+00
1.000000E+00
1.000000E+00
1.000000E+00
   NaN
1.000000E+00
1.000000E+00
   NaN
1.000000E+00
1.000000E+00
1.000000E+00
1.000000E+00
1.000000E+00
1.000000E+00
   NaN
1.000000E+00
1.000000E+00
   NaN
1.000000E+00
1.000000E+00
   NaN
1.000000E+00
1.000000E+00
1.000000E+00
   NaN
1.000000E+00
1.000000E+00
1.000000E+00
1.000000E+00
1.000000E+00
9.566419E-01
9.349418E-01
1.000000E+00
1.000000E+00
9.543695E-01
9.542840E-01
9.462164E-01
1.000000E+00
9.427550E-01
9.619377E-01
9.491982E-01
9.520497E-01
1.000000E+00
9.519849E-01
1.000000E+00
9.518621E-01
1.000000E+00
9.430582E-01
9.462164E-01
1.000000E+00
9.431891E-01
9.585478E-01
1.000000E+00
9.461210E-01
9.492672E-01
1.000000E+00
1.000000E+00
9.461210E-01
9.564926E-01
1.000000E+00
9.393759E-01
9.461167E-01
1.000000E+00
9.519145E-01
9.464809E-01
1.000000E+00
9.392895E-01
9.431765E-01
1.000000E+00
9.464368E-01
9.392349E-01
9.517911E-01
1.000000E+00
9.393533E-01
9.494092E-01
   NaN
   NaN
   NaN
1.000000E+00
1.000000E+00
   NaN
   NaN
1.000000E+00
1.000000E+00
1.000000E+00
   NaN
1.000000E+00
1.000000E+00
1.000000E+00
1.000000E+00
   NaN
1.000000E+00
   NaN
1.000000E+00
1.000000E+00
1.000000E+00
1.000000E+00
1.000000E+00
1.000000E+00
1.000000E+00
   NaN
1.000000E+00
1.000000E+00
   NaN
1.000000E+00
1.000000E+00
1.000000E+00
1.000000E+00
1.000000E+00
1.000000E+00
   NaN
1.000000E+00
1.000000E+00
   NaN
1.000000E+00
1.000000E+00
   NaN
1.000000E+00
1.000000E+00
1.000000E+00
   NaN
1.000000E+00
1.000000E+00
1.000000E+00
1.000000E+00
1.000000E+00
9.458484E-01
9.071819E-01
1.000000E+00
1.000000E+00
9.422569E-01
9.421200E-01
9.285507E-01
1.000000E+00
9.223101E-01
9.538653E-01
9.337189E-01
9.384912E-01
1.000000E+00
9.383845E-01
1.000000E+00
9.381822E-01
1.000000E+00
9.228675E-01
9.285507E-01
9.350974E-01
9.231076E-01
9.487890E-01
1.000000E+00
9.283823E-01
9.338363E-01
1.000000E+00
1.000000E+00
9.283823E-01
9.456153E-01
1.000000E+00
9.159522E-01
9.283747E-01
1.000000E+00
9.382686E-01
9.290168E-01
1.000000E+00
9.157861E-01
9.230845E-01
1.000000E+00
9.289391E-01
9.156810E-01
8.646613E-01
1.000000E+00
9.159088E-01
9.340776E-01
1.000000E+00
1.000000E+00
1.000000E+00
9.238231E-01
8.159882E-01
1.000000E+00
1.000000E+00
9.165189E-01
9.162324E-01
8.844813E-01
1.000000E+00
8.672396E-01
9.387867E-01
8.974142E-01
9.084124E-01
1.000000E+00
9.081756E-01
1.000000E+00
9.077255E-01
1.000000E+00
8.688590E-01
8.844813E-01
1.000000E+00
8.695514E-01
9.295166E-01
1.000000E+00
8.840405E-01
8.976951E-01
1.000000E+00
1.000000E+00
8.840405E-01
8.262239E-01
1.000000E+00
8.475301E-01
8.840207E-01
1.000000E+00
9.079180E-01
8.856950E-01
1.000000E+00
8.469826E-01
8.694851E-01
1.000000E+00
8.854933E-01
8.466351E-01
9.074643E-01
1.000000E+00
8.473871E-01
8.982709E-01
1.000000E+00
1.000000E+00
1.000000E+00
1.000000E+00
1.000000E+00
1.000000E+00
1.000000E+00
1.000000E+00
1.000000E+00
1.000000E+00
1.000000E+00
1.000000E+00
1.000000E+00
1.000000E+00
1.000000E+00
1.000000E+00
1.000000E+00
1.000000E+00
1.000000E+00
1.000000E+00
1.000000E+00
1.000000E+00
1.000000E+00
1.000000E+00
1.000000E+00
1.000000E+00
1.000000E+00
1.000000E+00
1.000000E+00
1.000000E+00
1.000000E+00
1.000000E+00
1.000000E+00
1.000000E+00
1.000000E+00
1.000000E+00
1.000000E+00
1.000000E+00
1.000000E+00
1.000000E+00
1.000000E+00
1.000000E+00
1.000000E+00
1.000000E+00
1.000000E+00
1.000000E+00
1.000000E+00
1.000000E+00
1.000000E+00
1.000000E+00
1.000000E+00
9.391070E-01
8.854438E-01
1.000000E+00
1.000000E+00
9.345278E-01
9.343517E-01
9.163286E-01
1.000000E+00
9.076406E-01
9.490607E-01
9.233296E-01
9.296439E-01
1.000000E+00
9.295043E-01
1.000000E+00
9.292393E-01
1.000000E+00
9.084273E-01
9.163286E-01
1.000000E+00
9.087654E-01
9.428004E-01
1.000000E+00
9.160976E-01
9.234866E-01
1.000000E+00
1.000000E+00
9.160976E-01
9.388121E-01
1.000000E+00
8.985140E-01
9.160872E-01
1.000000E+00
9.293525E-01
9.169672E-01
1.000000E+00
8.982717E-01
9.087330E-01
1.000000E+00
9.168608E-01
8.981183E-01
9.290858E-01
1.000000E+00
8.984507E-01
9.238091E-01
   NaN
   NaN
   NaN
1.000000E+00
1.000000E+00
   NaN
   NaN
1.000000E+00
1.000000E+00
1.000000E+00
   NaN
1.000000E+00
1.000000E+00
1.000000E+00
1.000000E+00
   NaN
1.000000E+00
   NaN
1.000000E+00
1.000000E+00
1.000000E+00
1.000000E+00
1.000000E+00
1.000000E+00
1.000000E+00
   NaN
1.000000E+00
1.000000E+00
   NaN
1.000000E+00
1.000000E+00
1.000000E+00
1.000000E+00
1.000000E+00
1.000000E+00
   NaN
1.000000E+00
1.000000E+00
   NaN
1.000000E+00
1.000000E+00
   NaN
1.000000E+00
1.000000E+00
1.000000E+00
   NaN
1.000000E+00
1.000000E+00
1.000000E+00
1.000000E+00
1.000000E+00
9.347599E-01
8.690257E-01
1.000000E+00
1.000000E+00
9.294752E-01
9.292709E-01
9.078957E-01
1.000000E+00
8.972570E-01
9.460537E-01
9.163081E-01
9.237756E-01
1.000000E+00
9.236117E-01
1.000000E+00
9.233005E-01
1.000000E+00
8.982295E-01
9.078957E-01
1.000000E+00
8.986470E-01
9.389812E-01
1.000000E+00
9.076157E-01
9.164951E-01
1.000000E+00
1.000000E+00
9.076157E-01
9.344213E-01
1.000000E+00
8.858359E-01
9.076031E-01
1.000000E+00
9.234335E-01
7.878509E-01
1.000000E+00
8.855292E-01
8.986070E-01
1.000000E+00
9.085402E-01
8.853349E-01
9.231200E-01
1.000000E+00
8.857558E-01
9.168792E-01
   NaN
   NaN
   NaN
1.000000E+00
1.000000E+00
   NaN
   NaN
1.000000E+00
1.000000E+00
1.000000E+00
   NaN
1.000000E+00
1.000000E+00
1.000000E+00
1.000000E+00
   NaN
1.000000E+00
   NaN
1.000000E+00
1.000000E+00
1.000000E+00
1.000000E+00
1.000000E+00
1.000000E+00
1.000000E+00
   NaN
1.000000E+00
1.000000E+00
   NaN
1.000000E+00
1.000000E+00
1.000000E+00
1.000000E+00
1.000000E+00
1.000000E+00
   NaN
1.000000E+00
1.000000E+00
   NaN
1.000000E+00
1.000000E+00
   NaN
1.000000E+00
1.000000E+00
1.000000E+00
   NaN
1.000000E+00
1.000000E+00
1.000000E+00
1.000000E+00
1.000000E+00
9.723108E-01
9.648163E-01
1.000000E+00
1.000000E+00
9.714013E-01
9.384607E-01
9.683989E-01
1.000000E+00
9.672348E-01
8.823566E-01
9.694524E-01
9.705070E-01
1.000000E+00
9.014538E-01
1.000000E+00
9.704361E-01
1.000000E+00
9.673344E-01
9.683989E-01
9.690537E-01
9.673775E-01
9.731006E-01
1.000000E+00
9.683660E-01
9.694773E-01
1.000000E+00
1.000000E+00
9.683660E-01
9.722500E-01
1.000000E+00
9.661550E-01
9.683645E-01
1.000000E+00
9.704559E-01
9.684904E-01
1.000000E+00
9.661281E-01
9.673733E-01
1.000000E+00
9.684751E-01
9.661111E-01
9.375921E-01
1.000000E+00
9.661480E-01
9.695288E-01
1.000000E+00
1.000000E+00
1.000000E+00
8.977266E-01
5.203398E-01
1.000000E+00
1.000000E+00
8.841135E-01
8.835607E-01
8.115690E-01
1.000000E+00
7.609225E-01
9.229981E-01
8.437088E-01
8.678801E-01
1.000000E+00
8.673869E-01
1.000000E+00
8.664460E-01
1.000000E+00
3.466490E-01
8.115690E-01
1.000000E+00
7.683162E-01
9.077330E-01
1.000000E+00
8.103933E-01
8.443598E-01
1.000000E+00
1.000000E+00
8.103933E-01
8.968921E-01
1.000000E+00
6.883810E-01
8.103403E-01
1.000000E+00
8.668488E-01
8.147771E-01
1.000000E+00
6.860854E-01
7.681070E-01
1.000000E+00
8.142470E-01
6.846195E-01
8.658981E-01
1.000000E+00
6.877832E-01
8.456887E-01
   NaN
   NaN
   NaN
1.000000E+00
1.000000E+00
   NaN
   NaN
1.000000E+00
1.000000E+00
1.000000E+00
   NaN
1.000000E+00
1.000000E+00
1.000000E+00
1.000000E+00
   NaN
1.000000E+00
   NaN
1.000000E+00
1.000000E+00
1.000000E+00
1.000000E+00
1.000000E+00
1.000000E+00
1.000000E+00
   NaN
1.000000E+00
1.000000E+00
   NaN
1.000000E+00
1.000000E+00
1.000000E+00
1.000000E+00
1.000000E+00
1.000000E+00
   NaN
1.000000E+00
1.000000E+00
   NaN
1.000000E+00
1.000000E+00
   NaN
1.000000E+00
1.000000E+00
1.000000E+00
   NaN
1.000000E+00
1.000000E+00
   NaN
   NaN
   NaN
1.000000E+00
1.000000E+00
   NaN
   NaN
1.000000E+00
1.000000E+00
1.000000E+00
   NaN
1.000000E+00
1.000000E+00
1.000000E+00
1.000000E+00
   NaN
1.000000E+00
   NaN
1.000000E+00
1.000000E+00
1.000000E+00
1.000000E+00
1.000000E+00
1.000000E+00
1.000000E+00
   NaN
1.000000E+00
1.000000E+00
   NaN
1.000000E+00
1.000000E+00
1.000000E+00
1.000000E+00
1.000000E+00
1.000000E+00
   NaN
1.000000E+00
1.000000E+00
   NaN
1.000000E+00
1.000000E+00
   NaN
1.000000E+00
1.000000E+00
1.000000E+00
   NaN
1.000000E+00
1.000000E+00
   NaN
   NaN
   NaN
1.000000E+00
1.000000E+00
   NaN
   NaN
1.000000E+00
1.000000E+00
1.000000E+00
   NaN
1.000000E+00
1.000000E+00
1.000000E+00
1.000000E+00
   NaN
1.000000E+00
   NaN
1.000000E+00
1.000000E+00
1.000000E+00
1.000000E+00
1.000000E+00
1.000000E+00
1.000000E+00
   NaN
1.000000E+00
1.000000E+00
   NaN
1.000000E+00
1.000000E+00
1.000000E+00
1.000000E+00
1.000000E+00
1.000000E+00
   NaN
1.000000E+00
1.000000E+00
   NaN
1.000000E+00
1.000000E+00
   NaN
1.000000E+00
1.000000E+00
1.000000E+00
   NaN
1.000000E+00
1.000000E+00
   NaN
   NaN
   NaN
1.000000E+00
1.000000E+00
   NaN
   NaN
1.000000E+00
1.000000E+00
1.000000E+00
   NaN
1.000000E+00
1.000000E+00
1.000000E+00
1.000000E+00
   NaN
1.000000E+00
   NaN
1.000000E+00
1.000000E+00
1.000000E+00
1.000000E+00
1.000000E+00
1.000000E+00
1.000000E+00
   NaN
1.000000E+00
1.000000E+00
   NaN
1.000000E+00
1.000000E+00
1.000000E+00
1.000000E+00
1.000000E+00
1.000000E+00
   NaN
1.000000E+00
1.000000E+00
   NaN
1.000000E+00
1.000000E+00
   NaN
1.000000E+00
1.000000E+00
1.000000E+00
   NaN
1.000000E+00
1.000000E+00
1.000000E+00
1.000000E+00
1.000000E+00
8.978698E-01
5.234737E-01
1.000000E+00
1.000000E+00
8.842973E-01
8.837463E-01
8.120545E-01
1.000000E+00
7.617036E-01
9.230793E-01
8.440430E-01
8.681190E-01
1.000000E+00
8.676276E-01
1.000000E+00
8.666902E-01
1.000000E+00
7.668709E-01
8.120545E-01
1.000000E+00
7.690499E-01
9.078496E-01
1.000000E+00
8.108850E-01
8.446912E-01
1.000000E+00
1.000000E+00
8.108850E-01
8.970377E-01
1.000000E+00
6.897068E-01
8.108322E-01
1.000000E+00
8.670915E-01
8.152463E-01
1.000000E+00
6.874307E-01
7.688420E-01
1.000000E+00
8.147188E-01
6.859774E-01
8.661442E-01
1.000000E+00
6.891140E-01
8.460144E-01
1.000000E+00
1.000000E+00
1.000000E+00
9.159921E-01
7.625123E-01
1.000000E+00
1.000000E+00
9.070206E-01
9.066651E-01
8.654633E-01
1.000000E+00
8.414882E-01
8.529623E-01
8.826876E-01
8.968521E-01
1.000000E+00
8.965517E-01
1.000000E+00
8.959801E-01
1.000000E+00
8.437913E-01
8.654633E-01
1.000000E+00
8.447726E-01
9.228636E-01
1.000000E+00
8.648651E-01
8.830547E-01
1.000000E+00
1.000000E+00
8.648651E-01
8.064329E-01
1.000000E+00
8.125579E-01
8.648381E-01
1.000000E+00
8.962246E-01
8.671067E-01
1.000000E+00
8.117298E-01
8.446787E-01
1.000000E+00
8.668340E-01
8.112035E-01
8.956480E-01
1.000000E+00
8.123418E-01
8.838066E-01
1.000000E+00
1.000000E+00
1.000000E+00
9.566018E-01
9.348513E-01
1.000000E+00
1.000000E+00
9.543250E-01
9.542394E-01
9.461546E-01
1.000000E+00
9.426850E-01
9.619068E-01
9.491431E-01
9.520006E-01
1.000000E+00
9.519356E-01
1.000000E+00
9.518126E-01
1.000000E+00
9.429890E-01
9.461546E-01
1.000000E+00
9.431202E-01
9.585111E-01
1.000000E+00
9.460590E-01
9.492122E-01
1.000000E+00
1.000000E+00
9.460590E-01
9.564522E-01
1.000000E+00
9.392974E-01
9.460547E-01
1.000000E+00
9.518651E-01
9.464198E-01
1.000000E+00
9.392108E-01
9.431076E-01
1.000000E+00
8.816157E-01
9.391560E-01
9.517415E-01
1.000000E+00
9.392747E-01
9.493545E-01
1.000000E+00
1.000000E+00
1.000000E+00
9.390664E-01
8.853002E-01
1.000000E+00
1.000000E+00
9.344809E-01
9.343046E-01
9.162520E-01
1.000000E+00
9.075473E-01
9.490323E-01
9.232653E-01
9.295898E-01
1.000000E+00
9.294499E-01
1.000000E+00
9.291845E-01
1.000000E+00
9.083356E-01
9.162520E-01
9.255884E-01
9.086744E-01
9.427646E-01
1.000000E+00
9.160206E-01
9.234225E-01
1.000000E+00
1.000000E+00
8.066507E-01
9.387712E-01
1.000000E+00
8.984013E-01
9.160102E-01
1.000000E+00
9.292980E-01
9.168917E-01
1.000000E+00
8.981585E-01
9.086419E-01
1.000000E+00
9.167852E-01
8.980047E-01
8.433403E-01
1.000000E+00
8.983378E-01
9.237456E-01
   NaN
   NaN
   NaN
1.000000E+00
1.000000E+00
   NaN
   NaN
1.000000E+00
1.000000E+00
1.000000E+00
   NaN
1.000000E+00
1.000000E+00
1.000000E+00
1.000000E+00
   NaN
1.000000E+00
   NaN
1.000000E+00
1.000000E+00
1.000000E+00
1.000000E+00
1.000000E+00
1.000000E+00
1.000000E+00
   NaN
1.000000E+00
1.000000E+00
   NaN
1.000000E+00
1.000000E+00
1.000000E+00
1.000000E+00
1.000000E+00
1.000000E+00
   NaN
1.000000E+00
1.000000E+00
   NaN
1.000000E+00
1.000000E+00
   NaN
1.000000E+00
1.000000E+00
1.000000E+00
   NaN
1.000000E+00
1.000000E+00
