9.171110E-01
8.859952E-01
1.000000E+00
9.244794E-01
1.000000E+00
1.000000E+00
9.235142E-01
9.322180E-01
1.000000E+00
1.000000E+00
1.000000E+00
1.000000E+00
9.547230E-01
1.000000E+00
1.000000E+00
8.856333E-01
7.230282E-01
9.178687E-01
1.000000E+00
1.000000E+00
1.000000E+00
8.692353E-01
1.000000E+00
1.000000E+00
1.000000E+00
9.299190E-01
8.853256E-01
9.344763E-01
1.000000E+00
1.000000E+00
8.854956E-01
9.238303E-01
9.392105E-01
1.000000E+00
1.000000E+00
1.000000E+00
9.349054E-01
1.000000E+00
1.000000E+00
9.169958E-01
1.000000E+00
1.000000E+00
9.545830E-01
1.000000E+00
9.425983E-01
9.172306E-01
1.000000E+00
9.349664E-01
1.000000E+00
9.299838E-01
1.000000E+00
9.029034E-01
8.854804E-01
1.000000E+00
1.000000E+00
1.000000E+00
1.000000E+00
8.856600E-01
9.079026E-01
9.545389E-01
9.349201E-01
1.000000E+00
0.000000E+00
8.471237E-01
1.000000E+00
9.091825E-01
1.000000E+00
1.000000E+00
9.077831E-01
1.000000E+00
1.000000E+00
1.000000E+00
1.000000E+00
1.000000E+00
9.496372E-01
1.000000E+00
1.000000E+00
8.464723E-01
8.469800E-01
1.000000E+00
1.000000E+00
1.000000E+00
1.000000E+00
8.153959E-01
1.000000E+00
1.000000E+00
1.000000E+00
9.169358E-01
8.459172E-01
1.000000E+00
1.000000E+00
1.000000E+00
8.462239E-01
9.082422E-01
9.296759E-01
1.000000E+00
1.000000E+00
1.000000E+00
9.238497E-01
1.000000E+00
1.000000E+00
8.981386E-01
1.000000E+00
1.000000E+00
9.494639E-01
1.000000E+00
9.341705E-01
8.984919E-01
1.000000E+00
9.239332E-01
1.000000E+00
9.170268E-01
1.000000E+00
9.695486E-01
6.151357E-01
1.000000E+00
1.000000E+00
1.000000E+00
1.000000E+00
8.465203E-01
8.840948E-01
9.494094E-01
9.238699E-01
1.000000E+00
8.471237E-01
0.000000E+00
1.000000E+00
8.704383E-01
1.000000E+00
1.000000E+00
8.675713E-01
1.000000E+00
1.000000E+00
1.000000E+00
1.000000E+00
1.000000E+00
9.396251E-01
1.000000E+00
1.000000E+00
6.895106E-01
6.915799E-01
1.000000E+00
1.000000E+00
1.000000E+00
1.000000E+00
5.292430E-01
1.000000E+00
1.000000E+00
1.000000E+00
8.856637E-01
6.872317E-01
1.000000E+00
1.000000E+00
1.000000E+00
6.884931E-01
8.685160E-01
9.084845E-01
1.000000E+00
1.000000E+00
1.000000E+00
8.983654E-01
1.000000E+00
1.000000E+00
8.467315E-01
1.000000E+00
1.000000E+00
9.393759E-01
1.000000E+00
9.159522E-01
8.475301E-01
1.000000E+00
8.985140E-01
1.000000E+00
8.858359E-01
1.000000E+00
9.661550E-01
6.883810E-01
1.000000E+00
1.000000E+00
1.000000E+00
1.000000E+00
6.897068E-01
8.125579E-01
9.392974E-01
8.984013E-01
1.000000E+00
1.000000E+00
1.000000E+00
   NaN
1.000000E+00
   NaN
1.000000E+00
1.000000E+00
1.000000E+00
   NaN
1.000000E+00
   NaN
   NaN
1.000000E+00
1.000000E+00
   NaN
1.000000E+00
1.000000E+00
1.000000E+00
1.000000E+00
   NaN
   NaN
1.000000E+00
   NaN
   NaN
1.000000E+00
1.000000E+00
1.000000E+00
1.000000E+00
   NaN
   NaN
1.000000E+00
1.000000E+00
1.000000E+00
1.000000E+00
   NaN
   NaN
1.000000E+00
   NaN
   NaN
1.000000E+00
1.000000E+00
   NaN
1.000000E+00
   NaN
1.000000E+00
1.000000E+00
1.000000E+00
1.000000E+00
   NaN
1.000000E+00
   NaN
1.000000E+00
1.000000E+00
   NaN
   NaN
   NaN
   NaN
1.000000E+00
1.000000E+00
1.000000E+00
1.000000E+00
   NaN
9.091825E-01
8.704383E-01
1.000000E+00
0.000000E+00
1.000000E+00
1.000000E+00
9.168129E-01
1.000000E+00
1.000000E+00
1.000000E+00
1.000000E+00
1.000000E+00
9.524557E-01
9.277849E-01
1.000000E+00
8.699708E-01
8.703351E-01
9.079550E-01
1.000000E+00
1.000000E+00
1.000000E+00
8.483491E-01
1.000000E+00
1.000000E+00
1.000000E+00
9.243340E-01
8.695728E-01
9.278784E-01
1.000000E+00
1.000000E+00
8.697926E-01
9.171866E-01
9.350521E-01
1.000000E+00
1.000000E+00
1.000000E+00
9.301140E-01
1.000000E+00
1.000000E+00
9.090442E-01
1.000000E+00
1.000000E+00
9.523013E-01
1.000000E+00
9.389046E-01
9.093261E-01
1.000000E+00
9.301843E-01
1.000000E+00
9.244095E-01
1.000000E+00
9.706024E-01
8.697731E-01
1.000000E+00
1.000000E+00
1.000000E+00
1.000000E+00
8.700052E-01
8.980095E-01
9.522527E-01
9.301310E-01
1.000000E+00
1.000000E+00
1.000000E+00
   NaN
1.000000E+00
   NaN
1.000000E+00
1.000000E+00
1.000000E+00
   NaN
1.000000E+00
   NaN
   NaN
1.000000E+00
1.000000E+00
   NaN
1.000000E+00
1.000000E+00
1.000000E+00
1.000000E+00
   NaN
   NaN
1.000000E+00
   NaN
   NaN
1.000000E+00
1.000000E+00
1.000000E+00
1.000000E+00
   NaN
   NaN
1.000000E+00
1.000000E+00
1.000000E+00
1.000000E+00
   NaN
   NaN
1.000000E+00
   NaN
   NaN
1.000000E+00
1.000000E+00
   NaN
1.000000E+00
   NaN
1.000000E+00
1.000000E+00
1.000000E+00
1.000000E+00
   NaN
1.000000E+00
   NaN
1.000000E+00
1.000000E+00
   NaN
   NaN
   NaN
   NaN
1.000000E+00
1.000000E+00
1.000000E+00
1.000000E+00
   NaN
1.000000E+00
1.000000E+00
1.000000E+00
1.000000E+00
1.000000E+00
0.000000E+00
1.000000E+00
9.287246E-01
1.000000E+00
1.000000E+00
1.000000E+00
1.000000E+00
1.000000E+00
9.286606E-01
1.000000E+00
1.000000E+00
1.000000E+00
1.000000E+00
9.509974E-01
1.000000E+00
1.000000E+00
1.000000E+00
1.000000E+00
1.000000E+00
8.829154E-01
1.000000E+00
1.000000E+00
9.287596E-01
1.000000E+00
1.000000E+00
1.000000E+00
1.000000E+00
1.000000E+00
8.131028E-01
1.000000E+00
1.000000E+00
1.000000E+00
1.000000E+00
1.000000E+00
1.000000E+00
1.000000E+00
1.000000E+00
9.433022E-01
1.000000E+00
1.000000E+00
1.000000E+00
1.000000E+00
1.000000E+00
1.000000E+00
1.000000E+00
1.000000E+00
1.000000E+00
1.000000E+00
1.000000E+00
1.000000E+00
1.000000E+00
1.000000E+00
1.000000E+00
1.000000E+00
1.000000E+00
1.000000E+00
1.000000E+00
9.077831E-01
8.675713E-01
1.000000E+00
9.168129E-01
1.000000E+00
1.000000E+00
0.000000E+00
1.000000E+00
1.000000E+00
1.000000E+00
1.000000E+00
1.000000E+00
9.520750E-01
9.287267E-01
1.000000E+00
8.670828E-01
8.674634E-01
1.000000E+00
1.000000E+00
1.000000E+00
1.000000E+00
8.444063E-01
1.000000E+00
1.000000E+00
1.000000E+00
8.297462E-01
8.666669E-01
9.288198E-01
1.000000E+00
1.000000E+00
8.668967E-01
9.160246E-01
9.343396E-01
1.000000E+00
1.000000E+00
1.000000E+00
9.292883E-01
1.000000E+00
1.000000E+00
9.076405E-01
1.000000E+00
1.000000E+00
9.519181E-01
1.000000E+00
8.651505E-01
9.079311E-01
1.000000E+00
9.293602E-01
1.000000E+00
8.259362E-01
1.000000E+00
9.376963E-01
8.668762E-01
1.000000E+00
1.000000E+00
1.000000E+00
1.000000E+00
8.671187E-01
8.962412E-01
9.518687E-01
8.439954E-01
1.000000E+00
1.000000E+00
1.000000E+00
1.000000E+00
1.000000E+00
1.000000E+00
9.287246E-01
1.000000E+00
0.000000E+00
1.000000E+00
1.000000E+00
1.000000E+00
1.000000E+00
9.050654E-01
9.454937E-01
1.000000E+00
1.000000E+00
1.000000E+00
1.000000E+00
8.049069E-01
1.000000E+00
1.000000E+00
1.000000E+00
1.000000E+00
1.000000E+00
9.222990E-01
1.000000E+00
1.000000E+00
8.783611E-01
1.000000E+00
1.000000E+00
1.000000E+00
1.000000E+00
1.000000E+00
8.966895E-01
1.000000E+00
1.000000E+00
1.000000E+00
1.000000E+00
1.000000E+00
1.000000E+00
1.000000E+00
1.000000E+00
9.068249E-01
1.000000E+00
9.449572E-01
1.000000E+00
1.000000E+00
1.000000E+00
1.000000E+00
1.000000E+00
1.000000E+00
9.393322E-01
1.000000E+00
1.000000E+00
1.000000E+00
1.000000E+00
1.000000E+00
1.000000E+00
1.000000E+00
9.045501E-01
1.000000E+00
1.000000E+00
1.000000E+00
1.000000E+00
   NaN
1.000000E+00
   NaN
1.000000E+00
1.000000E+00
1.000000E+00
   NaN
1.000000E+00
   NaN
   NaN
1.000000E+00
1.000000E+00
   NaN
1.000000E+00
1.000000E+00
1.000000E+00
1.000000E+00
   NaN
   NaN
1.000000E+00
   NaN
   NaN
1.000000E+00
1.000000E+00
1.000000E+00
1.000000E+00
   NaN
   NaN
1.000000E+00
1.000000E+00
1.000000E+00
1.000000E+00
   NaN
   NaN
1.000000E+00
   NaN
   NaN
1.000000E+00
1.000000E+00
   NaN
1.000000E+00
   NaN
1.000000E+00
1.000000E+00
1.000000E+00
1.000000E+00
   NaN
1.000000E+00
   NaN
1.000000E+00
1.000000E+00
   NaN
   NaN
   NaN
   NaN
1.000000E+00
1.000000E+00
1.000000E+00
1.000000E+00
   NaN
1.000000E+00
1.000000E+00
1.000000E+00
1.000000E+00
1.000000E+00
1.000000E+00
1.000000E+00
1.000000E+00
1.000000E+00
0.000000E+00
1.000000E+00
1.000000E+00
1.000000E+00
1.000000E+00
1.000000E+00
1.000000E+00
1.000000E+00
1.000000E+00
1.000000E+00
1.000000E+00
1.000000E+00
1.000000E+00
1.000000E+00
1.000000E+00
1.000000E+00
1.000000E+00
1.000000E+00
1.000000E+00
1.000000E+00
1.000000E+00
1.000000E+00
1.000000E+00
9.431202E-01
1.000000E+00
1.000000E+00
1.000000E+00
1.000000E+00
1.000000E+00
1.000000E+00
1.000000E+00
1.000000E+00
1.000000E+00
1.000000E+00
1.000000E+00
1.000000E+00
1.000000E+00
1.000000E+00
9.396467E-01
1.000000E+00
1.000000E+00
1.000000E+00
1.000000E+00
1.000000E+00
1.000000E+00
1.000000E+00
1.000000E+00
1.000000E+00
1.000000E+00
1.000000E+00
1.000000E+00
1.000000E+00
1.000000E+00
1.000000E+00
1.000000E+00
   NaN
1.000000E+00
   NaN
1.000000E+00
1.000000E+00
1.000000E+00
   NaN
1.000000E+00
   NaN
   NaN
1.000000E+00
1.000000E+00
   NaN
1.000000E+00
1.000000E+00
1.000000E+00
1.000000E+00
   NaN
   NaN
1.000000E+00
   NaN
   NaN
1.000000E+00
1.000000E+00
1.000000E+00
1.000000E+00
   NaN
   NaN
1.000000E+00
1.000000E+00
1.000000E+00
1.000000E+00
   NaN
   NaN
1.000000E+00
   NaN
   NaN
1.000000E+00
1.000000E+00
   NaN
1.000000E+00
   NaN
1.000000E+00
1.000000E+00
1.000000E+00
1.000000E+00
   NaN
1.000000E+00
   NaN
1.000000E+00
1.000000E+00
   NaN
   NaN
   NaN
   NaN
1.000000E+00
1.000000E+00
1.000000E+00
1.000000E+00
   NaN
1.000000E+00
1.000000E+00
   NaN
1.000000E+00
   NaN
1.000000E+00
1.000000E+00
1.000000E+00
   NaN
1.000000E+00
   NaN
   NaN
1.000000E+00
1.000000E+00
   NaN
1.000000E+00
1.000000E+00
1.000000E+00
1.000000E+00
   NaN
   NaN
1.000000E+00
   NaN
   NaN
1.000000E+00
1.000000E+00
1.000000E+00
1.000000E+00
   NaN
   NaN
1.000000E+00
1.000000E+00
1.000000E+00
1.000000E+00
   NaN
   NaN
1.000000E+00
   NaN
   NaN
1.000000E+00
1.000000E+00
   NaN
1.000000E+00
   NaN
1.000000E+00
1.000000E+00
1.000000E+00
1.000000E+00
   NaN
1.000000E+00
   NaN
1.000000E+00
1.000000E+00
   NaN
   NaN
   NaN
   NaN
1.000000E+00
1.000000E+00
1.000000E+00
1.000000E+00
   NaN
9.496372E-01
9.396251E-01
1.000000E+00
9.524557E-01
1.000000E+00
1.000000E+00
9.520750E-01
9.050654E-01
1.000000E+00
1.000000E+00
1.000000E+00
1.000000E+00
0.000000E+00
9.546416E-01
1.000000E+00
9.395238E-01
9.396027E-01
1.000000E+00
9.278327E-01
1.000000E+00
1.000000E+00
9.352287E-01
1.000000E+00
1.000000E+00
1.000000E+00
9.546708E-01
9.394378E-01
1.000000E+00
1.000000E+00
1.000000E+00
9.394853E-01
9.521993E-01
9.587490E-01
1.000000E+00
1.000000E+00
1.000000E+00
9.568107E-01
1.000000E+00
1.000000E+00
9.495947E-01
1.000000E+00
1.000000E+00
9.276718E-01
1.000000E+00
8.637325E-01
9.496814E-01
1.000000E+00
9.046777E-01
1.000000E+00
9.546979E-01
1.000000E+00
8.923809E-01
9.394810E-01
1.000000E+00
1.000000E+00
1.000000E+00
1.000000E+00
9.395312E-01
8.825389E-01
9.664299E-01
9.568172E-01
1.000000E+00
1.000000E+00
1.000000E+00
1.000000E+00
9.277849E-01
1.000000E+00
9.286606E-01
9.287267E-01
9.454937E-01
1.000000E+00
1.000000E+00
1.000000E+00
1.000000E+00
9.546416E-01
0.000000E+00
1.000000E+00
1.000000E+00
1.000000E+00
9.276643E-01
9.595527E-01
1.000000E+00
1.000000E+00
1.000000E+00
1.000000E+00
1.000000E+00
9.222229E-01
1.000000E+00
1.000000E+00
8.057944E-01
1.000000E+00
1.000000E+00
1.000000E+00
1.000000E+00
1.000000E+00
8.965549E-01
1.000000E+00
1.000000E+00
1.000000E+00
1.000000E+00
1.000000E+00
1.000000E+00
1.000000E+00
1.000000E+00
1.000000E+00
1.000000E+00
1.000000E+00
1.000000E+00
1.000000E+00
1.000000E+00
1.000000E+00
9.339678E-01
1.000000E+00
1.000000E+00
1.000000E+00
1.000000E+00
1.000000E+00
1.000000E+00
1.000000E+00
1.000000E+00
1.000000E+00
1.000000E+00
1.000000E+00
1.000000E+00
1.000000E+00
1.000000E+00
   NaN
1.000000E+00
   NaN
1.000000E+00
1.000000E+00
1.000000E+00
   NaN
1.000000E+00
   NaN
   NaN
1.000000E+00
1.000000E+00
   NaN
1.000000E+00
1.000000E+00
1.000000E+00
1.000000E+00
   NaN
   NaN
1.000000E+00
   NaN
   NaN
1.000000E+00
1.000000E+00
1.000000E+00
1.000000E+00
   NaN
   NaN
1.000000E+00
1.000000E+00
1.000000E+00
1.000000E+00
   NaN
   NaN
1.000000E+00
   NaN
   NaN
1.000000E+00
1.000000E+00
   NaN
1.000000E+00
   NaN
1.000000E+00
1.000000E+00
1.000000E+00
1.000000E+00
   NaN
1.000000E+00
   NaN
1.000000E+00
1.000000E+00
   NaN
   NaN
   NaN
   NaN
1.000000E+00
1.000000E+00
1.000000E+00
1.000000E+00
   NaN
8.464723E-01
6.895106E-01
1.000000E+00
8.699708E-01
1.000000E+00
1.000000E+00
8.670828E-01
1.000000E+00
1.000000E+00
1.000000E+00
1.000000E+00
1.000000E+00
9.395238E-01
1.000000E+00
1.000000E+00
0.000000E+00
6.889171E-01
1.000000E+00
1.000000E+00
1.000000E+00
1.000000E+00
5.230109E-01
1.000000E+00
1.000000E+00
1.000000E+00
8.852997E-01
6.844929E-01
1.000000E+00
1.000000E+00
1.000000E+00
6.857765E-01
8.680345E-01
9.082515E-01
1.000000E+00
1.000000E+00
1.000000E+00
8.980779E-01
1.000000E+00
1.000000E+00
8.460767E-01
1.000000E+00
1.000000E+00
9.392737E-01
1.000000E+00
9.157557E-01
8.468822E-01
1.000000E+00
8.982274E-01
1.000000E+00
8.854731E-01
1.000000E+00
9.661232E-01
6.856624E-01
1.000000E+00
1.000000E+00
1.000000E+00
1.000000E+00
6.870113E-01
8.115777E-01
9.391949E-01
8.981140E-01
1.000000E+00
8.469800E-01
6.915799E-01
1.000000E+00
8.703351E-01
1.000000E+00
1.000000E+00
8.674634E-01
1.000000E+00
1.000000E+00
1.000000E+00
1.000000E+00
1.000000E+00
9.396027E-01
1.000000E+00
1.000000E+00
6.889171E-01
0.000000E+00
1.000000E+00
1.000000E+00
1.000000E+00
1.000000E+00
5.278772E-01
1.000000E+00
1.000000E+00
1.000000E+00
8.855833E-01
6.866294E-01
1.000000E+00
1.000000E+00
1.000000E+00
6.878957E-01
8.684097E-01
9.084330E-01
1.000000E+00
1.000000E+00
1.000000E+00
8.983019E-01
1.000000E+00
1.000000E+00
8.465870E-01
1.000000E+00
1.000000E+00
9.393533E-01
1.000000E+00
9.159088E-01
8.473871E-01
1.000000E+00
8.984507E-01
1.000000E+00
8.857558E-01
1.000000E+00
9.661480E-01
6.877832E-01
1.000000E+00
1.000000E+00
1.000000E+00
1.000000E+00
6.891140E-01
8.123418E-01
9.392747E-01
8.983378E-01
1.000000E+00
1.000000E+00
1.000000E+00
1.000000E+00
9.079550E-01
1.000000E+00
1.000000E+00
1.000000E+00
1.000000E+00
1.000000E+00
1.000000E+00
1.000000E+00
1.000000E+00
1.000000E+00
9.276643E-01
1.000000E+00
1.000000E+00
1.000000E+00
0.000000E+00
1.000000E+00
1.000000E+00
1.000000E+00
1.000000E+00
1.000000E+00
1.000000E+00
1.000000E+00
1.000000E+00
1.000000E+00
8.467332E-01
1.000000E+00
1.000000E+00
1.000000E+00
1.000000E+00
1.000000E+00
1.000000E+00
1.000000E+00
1.000000E+00
1.000000E+00
1.000000E+00
1.000000E+00
1.000000E+00
1.000000E+00
1.000000E+00
1.000000E+00
1.000000E+00
1.000000E+00
1.000000E+00
1.000000E+00
1.000000E+00
1.000000E+00
1.000000E+00
1.000000E+00
9.345481E-01
1.000000E+00
1.000000E+00
1.000000E+00
1.000000E+00
1.000000E+00
8.548559E-01
1.000000E+00
1.000000E+00
1.000000E+00
1.000000E+00
1.000000E+00
1.000000E+00
1.000000E+00
1.000000E+00
1.000000E+00
9.509974E-01
1.000000E+00
8.049069E-01
1.000000E+00
1.000000E+00
1.000000E+00
1.000000E+00
9.278327E-01
9.595527E-01
1.000000E+00
1.000000E+00
1.000000E+00
1.000000E+00
0.000000E+00
1.000000E+00
1.000000E+00
1.000000E+00
1.000000E+00
1.000000E+00
9.480434E-01
1.000000E+00
1.000000E+00
9.595845E-01
1.000000E+00
1.000000E+00
1.000000E+00
1.000000E+00
1.000000E+00
9.377201E-01
1.000000E+00
1.000000E+00
9.550064E-01
1.000000E+00
1.000000E+00
1.000000E+00
1.000000E+00
1.000000E+00
8.857147E-01
1.000000E+00
8.653675E-01
1.000000E+00
9.420005E-01
9.539697E-01
1.000000E+00
1.000000E+00
1.000000E+00
9.222663E-01
1.000000E+00
1.000000E+00
1.000000E+00
1.000000E+00
1.000000E+00
1.000000E+00
9.455083E-01
9.271381E-01
1.000000E+00
1.000000E+00
1.000000E+00
1.000000E+00
   NaN
1.000000E+00
   NaN
1.000000E+00
1.000000E+00
1.000000E+00
   NaN
1.000000E+00
   NaN
   NaN
1.000000E+00
1.000000E+00
   NaN
1.000000E+00
1.000000E+00
1.000000E+00
1.000000E+00
   NaN
   NaN
1.000000E+00
   NaN
   NaN
1.000000E+00
1.000000E+00
1.000000E+00
1.000000E+00
   NaN
   NaN
1.000000E+00
1.000000E+00
1.000000E+00
1.000000E+00
   NaN
   NaN
1.000000E+00
   NaN
   NaN
1.000000E+00
1.000000E+00
   NaN
1.000000E+00
   NaN
1.000000E+00
1.000000E+00
1.000000E+00
1.000000E+00
   NaN
1.000000E+00
   NaN
1.000000E+00
1.000000E+00
   NaN
   NaN
   NaN
   NaN
1.000000E+00
1.000000E+00
1.000000E+00
1.000000E+00
   NaN
1.000000E+00
1.000000E+00
   NaN
1.000000E+00
   NaN
1.000000E+00
1.000000E+00
1.000000E+00
   NaN
1.000000E+00
   NaN
   NaN
1.000000E+00
1.000000E+00
   NaN
1.000000E+00
1.000000E+00
1.000000E+00
1.000000E+00
   NaN
   NaN
1.000000E+00
   NaN
   NaN
1.000000E+00
1.000000E+00
1.000000E+00
1.000000E+00
   NaN
   NaN
1.000000E+00
1.000000E+00
1.000000E+00
1.000000E+00
   NaN
   NaN
1.000000E+00
   NaN
   NaN
1.000000E+00
1.000000E+00
   NaN
1.000000E+00
   NaN
1.000000E+00
1.000000E+00
1.000000E+00
1.000000E+00
   NaN
1.000000E+00
   NaN
1.000000E+00
1.000000E+00
   NaN
   NaN
   NaN
   NaN
1.000000E+00
1.000000E+00
1.000000E+00
1.000000E+00
   NaN
8.153959E-01
5.292430E-01
1.000000E+00
8.483491E-01
1.000000E+00
1.000000E+00
8.444063E-01
1.000000E+00
1.000000E+00
1.000000E+00
1.000000E+00
1.000000E+00
9.352287E-01
1.000000E+00
1.000000E+00
5.230109E-01
5.278772E-01
1.000000E+00
1.000000E+00
1.000000E+00
1.000000E+00
0.000000E+00
1.000000E+00
1.000000E+00
1.000000E+00
8.687989E-01
5.176112E-01
1.000000E+00
1.000000E+00
1.000000E+00
5.206054E-01
8.457088E-01
8.979891E-01
1.000000E+00
1.000000E+00
1.000000E+00
8.852544E-01
1.000000E+00
1.000000E+00
8.148237E-01
1.000000E+00
1.000000E+00
9.349418E-01
1.000000E+00
9.071819E-01
8.159882E-01
1.000000E+00
8.854438E-01
1.000000E+00
8.690257E-01
1.000000E+00
9.648163E-01
5.203398E-01
1.000000E+00
1.000000E+00
1.000000E+00
1.000000E+00
5.234737E-01
7.625123E-01
9.348513E-01
8.853002E-01
1.000000E+00
1.000000E+00
1.000000E+00
   NaN
1.000000E+00
   NaN
1.000000E+00
1.000000E+00
1.000000E+00
   NaN
1.000000E+00
   NaN
   NaN
1.000000E+00
1.000000E+00
   NaN
1.000000E+00
1.000000E+00
1.000000E+00
1.000000E+00
   NaN
   NaN
1.000000E+00
   NaN
   NaN
1.000000E+00
1.000000E+00
1.000000E+00
1.000000E+00
   NaN
   NaN
1.000000E+00
1.000000E+00
1.000000E+00
1.000000E+00
   NaN
   NaN
1.000000E+00
   NaN
   NaN
1.000000E+00
1.000000E+00
   NaN
1.000000E+00
   NaN
1.000000E+00
1.000000E+00
1.000000E+00
1.000000E+00
   NaN
1.000000E+00
   NaN
1.000000E+00
1.000000E+00
   NaN
   NaN
   NaN
   NaN
1.000000E+00
1.000000E+00
1.000000E+00
1.000000E+00
   NaN
1.000000E+00
1.000000E+00
   NaN
1.000000E+00
   NaN
1.000000E+00
1.000000E+00
1.000000E+00
   NaN
1.000000E+00
   NaN
   NaN
1.000000E+00
1.000000E+00
   NaN
1.000000E+00
1.000000E+00
1.000000E+00
1.000000E+00
   NaN
   NaN
1.000000E+00
   NaN
   NaN
1.000000E+00
1.000000E+00
1.000000E+00
1.000000E+00
   NaN
   NaN
1.000000E+00
1.000000E+00
1.000000E+00
1.000000E+00
   NaN
   NaN
1.000000E+00
   NaN
   NaN
1.000000E+00
1.000000E+00
   NaN
1.000000E+00
   NaN
1.000000E+00
1.000000E+00
1.000000E+00
1.000000E+00
   NaN
1.000000E+00
   NaN
1.000000E+00
1.000000E+00
   NaN
   NaN
   NaN
   NaN
1.000000E+00
1.000000E+00
1.000000E+00
1.000000E+00
   NaN
1.000000E+00
1.000000E+00
1.000000E+00
1.000000E+00
1.000000E+00
8.829154E-01
1.000000E+00
9.222990E-01
1.000000E+00
1.000000E+00
1.000000E+00
1.000000E+00
1.000000E+00
9.222229E-01
1.000000E+00
1.000000E+00
1.000000E+00
1.000000E+00
9.480434E-01
1.000000E+00
1.000000E+00
1.000000E+00
1.000000E+00
1.000000E+00
0.000000E+00
1.000000E+00
1.000000E+00
9.223406E-01
1.000000E+00
1.000000E+00
1.000000E+00
1.000000E+00
1.000000E+00
7.613534E-01
1.000000E+00
1.000000E+00
1.000000E+00
1.000000E+00
1.000000E+00
1.000000E+00
1.000000E+00
1.000000E+00
1.000000E+00
1.000000E+00
1.000000E+00
1.000000E+00
1.000000E+00
1.000000E+00
1.000000E+00
1.000000E+00
1.000000E+00
9.665609E-01
1.000000E+00
1.000000E+00
1.000000E+00
1.000000E+00
1.000000E+00
1.000000E+00
1.000000E+00
1.000000E+00
1.000000E+00
1.000000E+00
9.169358E-01
8.856637E-01
1.000000E+00
9.243340E-01
1.000000E+00
1.000000E+00
8.297462E-01
1.000000E+00
1.000000E+00
1.000000E+00
1.000000E+00
1.000000E+00
9.546708E-01
1.000000E+00
1.000000E+00
8.852997E-01
8.855833E-01
1.000000E+00
1.000000E+00
1.000000E+00
1.000000E+00
8.687989E-01
1.000000E+00
1.000000E+00
1.000000E+00
0.000000E+00
8.849901E-01
1.000000E+00
1.000000E+00
1.000000E+00
8.851611E-01
9.236824E-01
9.391163E-01
1.000000E+00
1.000000E+00
1.000000E+00
9.347974E-01
1.000000E+00
1.000000E+00
9.168202E-01
1.000000E+00
1.000000E+00
9.545304E-01
1.000000E+00
8.750045E-01
9.170560E-01
1.000000E+00
9.348586E-01
1.000000E+00
9.298589E-01
1.000000E+00
9.398859E-01
8.851459E-01
1.000000E+00
1.000000E+00
1.000000E+00
1.000000E+00
8.853265E-01
9.076863E-01
9.544863E-01
8.570343E-01
1.000000E+00
8.459172E-01
6.872317E-01
1.000000E+00
8.695728E-01
1.000000E+00
1.000000E+00
8.666669E-01
1.000000E+00
1.000000E+00
1.000000E+00
1.000000E+00
1.000000E+00
9.394378E-01
1.000000E+00
1.000000E+00
6.844929E-01
6.866294E-01
1.000000E+00
1.000000E+00
1.000000E+00
1.000000E+00
5.176112E-01
1.000000E+00
1.000000E+00
1.000000E+00
8.849901E-01
0.000000E+00
1.000000E+00
1.000000E+00
1.000000E+00
6.834422E-01
8.676245E-01
9.080535E-01
1.000000E+00
1.000000E+00
1.000000E+00
8.978336E-01
1.000000E+00
1.000000E+00
8.455187E-01
1.000000E+00
1.000000E+00
9.391870E-01
1.000000E+00
9.155888E-01
8.463300E-01
1.000000E+00
8.979837E-01
1.000000E+00
8.851644E-01
1.000000E+00
9.660963E-01
6.833264E-01
1.000000E+00
1.000000E+00
1.000000E+00
1.000000E+00
6.846954E-01
8.107409E-01
9.391080E-01
8.978698E-01
1.000000E+00
1.000000E+00
1.000000E+00
1.000000E+00
9.278784E-01
1.000000E+00
9.287596E-01
9.288198E-01
8.783611E-01
1.000000E+00
1.000000E+00
1.000000E+00
1.000000E+00
1.000000E+00
8.057944E-01
1.000000E+00
1.000000E+00
1.000000E+00
8.467332E-01
9.595845E-01
1.000000E+00
1.000000E+00
1.000000E+00
1.000000E+00
1.000000E+00
9.223406E-01
1.000000E+00
1.000000E+00
0.000000E+00
1.000000E+00
1.000000E+00
1.000000E+00
1.000000E+00
1.000000E+00
8.967629E-01
1.000000E+00
1.000000E+00
1.000000E+00
1.000000E+00
1.000000E+00
1.000000E+00
1.000000E+00
1.000000E+00
1.000000E+00
1.000000E+00
1.000000E+00
1.000000E+00
1.000000E+00
1.000000E+00
1.000000E+00
9.340478E-01
1.000000E+00
9.710283E-01
1.000000E+00
1.000000E+00
1.000000E+00
1.000000E+00
1.000000E+00
1.000000E+00
1.000000E+00
1.000000E+00
1.000000E+00
1.000000E+00
1.000000E+00
1.000000E+00
   NaN
1.000000E+00
   NaN
1.000000E+00
1.000000E+00
1.000000E+00
   NaN
1.000000E+00
   NaN
   NaN
1.000000E+00
1.000000E+00
   NaN
1.000000E+00
1.000000E+00
1.000000E+00
1.000000E+00
   NaN
   NaN
1.000000E+00
   NaN
   NaN
1.000000E+00
1.000000E+00
1.000000E+00
1.000000E+00
   NaN
   NaN
1.000000E+00
1.000000E+00
1.000000E+00
1.000000E+00
   NaN
   NaN
1.000000E+00
   NaN
   NaN
1.000000E+00
1.000000E+00
   NaN
1.000000E+00
   NaN
1.000000E+00
1.000000E+00
1.000000E+00
1.000000E+00
   NaN
1.000000E+00
   NaN
1.000000E+00
1.000000E+00
   NaN
   NaN
   NaN
   NaN
1.000000E+00
1.000000E+00
1.000000E+00
1.000000E+00
   NaN
1.000000E+00
1.000000E+00
   NaN
1.000000E+00
   NaN
1.000000E+00
1.000000E+00
1.000000E+00
   NaN
1.000000E+00
   NaN
   NaN
1.000000E+00
1.000000E+00
   NaN
1.000000E+00
1.000000E+00
1.000000E+00
1.000000E+00
   NaN
   NaN
1.000000E+00
   NaN
   NaN
1.000000E+00
1.000000E+00
1.000000E+00
1.000000E+00
   NaN
   NaN
1.000000E+00
1.000000E+00
1.000000E+00
1.000000E+00
   NaN
   NaN
1.000000E+00
   NaN
   NaN
1.000000E+00
1.000000E+00
   NaN
1.000000E+00
   NaN
1.000000E+00
1.000000E+00
1.000000E+00
1.000000E+00
   NaN
1.000000E+00
   NaN
1.000000E+00
1.000000E+00
   NaN
   NaN
   NaN
   NaN
1.000000E+00
1.000000E+00
1.000000E+00
1.000000E+00
   NaN
8.462239E-01
6.884931E-01
1.000000E+00
8.697926E-01
1.000000E+00
1.000000E+00
8.668967E-01
1.000000E+00
1.000000E+00
1.000000E+00
1.000000E+00
1.000000E+00
9.394853E-01
1.000000E+00
1.000000E+00
6.857765E-01
6.878957E-01
1.000000E+00
1.000000E+00
1.000000E+00
1.000000E+00
5.206054E-01
1.000000E+00
1.000000E+00
1.000000E+00
8.851611E-01
6.834422E-01
1.000000E+00
1.000000E+00
1.000000E+00
0.000000E+00
8.678510E-01
9.081628E-01
1.000000E+00
1.000000E+00
1.000000E+00
8.979685E-01
1.000000E+00
1.000000E+00
8.458271E-01
1.000000E+00
1.000000E+00
9.392349E-01
1.000000E+00
9.156810E-01
8.466351E-01
1.000000E+00
8.981183E-01
1.000000E+00
8.853349E-01
1.000000E+00
9.661111E-01
6.846195E-01
1.000000E+00
1.000000E+00
1.000000E+00
1.000000E+00
6.859774E-01
8.112035E-01
9.391560E-01
8.980047E-01
1.000000E+00
9.082422E-01
8.685160E-01
1.000000E+00
9.171866E-01
1.000000E+00
1.000000E+00
9.160246E-01
1.000000E+00
1.000000E+00
1.000000E+00
1.000000E+00
1.000000E+00
9.521993E-01
1.000000E+00
1.000000E+00
8.680345E-01
8.684097E-01
1.000000E+00
1.000000E+00
1.000000E+00
1.000000E+00
8.457088E-01
1.000000E+00
1.000000E+00
1.000000E+00
9.236824E-01
8.676245E-01
1.000000E+00
1.000000E+00
1.000000E+00
8.678510E-01
0.000000E+00
9.345726E-01
1.000000E+00
1.000000E+00
1.000000E+00
9.295585E-01
1.000000E+00
1.000000E+00
9.081010E-01
1.000000E+00
1.000000E+00
9.520432E-01
1.000000E+00
9.384805E-01
9.083887E-01
1.000000E+00
9.296300E-01
1.000000E+00
9.237592E-01
1.000000E+00
9.705045E-01
8.678308E-01
1.000000E+00
1.000000E+00
1.000000E+00
1.000000E+00
8.680699E-01
8.968221E-01
9.519941E-01
9.295758E-01
1.000000E+00
9.296759E-01
9.084845E-01
1.000000E+00
9.350521E-01
1.000000E+00
1.000000E+00
9.343396E-01
1.000000E+00
1.000000E+00
9.431202E-01
1.000000E+00
1.000000E+00
9.587490E-01
1.000000E+00
1.000000E+00
9.082515E-01
9.084330E-01
1.000000E+00
1.000000E+00
1.000000E+00
1.000000E+00
8.979891E-01
1.000000E+00
1.000000E+00
1.000000E+00
9.391163E-01
9.080535E-01
1.000000E+00
1.000000E+00
1.000000E+00
9.081628E-01
9.345726E-01
0.000000E+00
1.000000E+00
1.000000E+00
1.000000E+00
9.429152E-01
1.000000E+00
1.000000E+00
9.295930E-01
1.000000E+00
1.000000E+00
9.085412E-01
1.000000E+00
8.881138E-01
9.297620E-01
1.000000E+00
8.748746E-01
1.000000E+00
9.391652E-01
1.000000E+00
9.731364E-01
9.081531E-01
1.000000E+00
1.000000E+00
1.000000E+00
1.000000E+00
9.082686E-01
9.231574E-01
9.585962E-01
9.429266E-01
1.000000E+00
1.000000E+00
1.000000E+00
1.000000E+00
1.000000E+00
1.000000E+00
8.131028E-01
1.000000E+00
8.966895E-01
1.000000E+00
1.000000E+00
1.000000E+00
1.000000E+00
1.000000E+00
8.965549E-01
1.000000E+00
1.000000E+00
1.000000E+00
1.000000E+00
9.377201E-01
1.000000E+00
1.000000E+00
1.000000E+00
1.000000E+00
1.000000E+00
7.613534E-01
1.000000E+00
1.000000E+00
8.967629E-01
1.000000E+00
1.000000E+00
1.000000E+00
1.000000E+00
1.000000E+00
0.000000E+00
1.000000E+00
1.000000E+00
1.000000E+00
1.000000E+00
1.000000E+00
1.000000E+00
1.000000E+00
1.000000E+00
1.000000E+00
1.000000E+00
1.000000E+00
1.000000E+00
1.000000E+00
1.000000E+00
1.000000E+00
1.000000E+00
1.000000E+00
1.000000E+00
1.000000E+00
1.000000E+00
1.000000E+00
1.000000E+00
1.000000E+00
1.000000E+00
1.000000E+00
1.000000E+00
1.000000E+00
1.000000E+00
1.000000E+00
1.000000E+00
   NaN
1.000000E+00
   NaN
1.000000E+00
1.000000E+00
1.000000E+00
   NaN
1.000000E+00
   NaN
   NaN
1.000000E+00
1.000000E+00
   NaN
1.000000E+00
1.000000E+00
1.000000E+00
1.000000E+00
   NaN
   NaN
1.000000E+00
   NaN
   NaN
1.000000E+00
1.000000E+00
1.000000E+00
1.000000E+00
   NaN
   NaN
1.000000E+00
1.000000E+00
1.000000E+00
1.000000E+00
   NaN
   NaN
1.000000E+00
   NaN
   NaN
1.000000E+00
1.000000E+00
   NaN
1.000000E+00
   NaN
1.000000E+00
1.000000E+00
1.000000E+00
1.000000E+00
   NaN
1.000000E+00
   NaN
1.000000E+00
1.000000E+00
   NaN
   NaN
   NaN
   NaN
1.000000E+00
1.000000E+00
1.000000E+00
1.000000E+00
   NaN
1.000000E+00
1.000000E+00
   NaN
1.000000E+00
   NaN
1.000000E+00
1.000000E+00
1.000000E+00
   NaN
1.000000E+00
   NaN
   NaN
1.000000E+00
1.000000E+00
   NaN
1.000000E+00
1.000000E+00
1.000000E+00
1.000000E+00
   NaN
   NaN
1.000000E+00
   NaN
   NaN
1.000000E+00
1.000000E+00
1.000000E+00
1.000000E+00
   NaN
   NaN
1.000000E+00
1.000000E+00
1.000000E+00
1.000000E+00
   NaN
   NaN
1.000000E+00
   NaN
   NaN
1.000000E+00
1.000000E+00
   NaN
1.000000E+00
   NaN
1.000000E+00
1.000000E+00
1.000000E+00
1.000000E+00
   NaN
1.000000E+00
   NaN
1.000000E+00
1.000000E+00
   NaN
   NaN
   NaN
   NaN
1.000000E+00
1.000000E+00
1.000000E+00
1.000000E+00
   NaN
9.238497E-01
8.983654E-01
1.000000E+00
9.301140E-01
1.000000E+00
1.000000E+00
9.292883E-01
1.000000E+00
1.000000E+00
1.000000E+00
1.000000E+00
1.000000E+00
9.568107E-01
1.000000E+00
1.000000E+00
8.980779E-01
8.983019E-01
1.000000E+00
9.550064E-01
1.000000E+00
1.000000E+00
8.852544E-01
1.000000E+00
1.000000E+00
1.000000E+00
9.347974E-01
8.978336E-01
1.000000E+00
1.000000E+00
1.000000E+00
8.979685E-01
9.295585E-01
9.429152E-01
1.000000E+00
1.000000E+00
1.000000E+00
0.000000E+00
1.000000E+00
1.000000E+00
9.237525E-01
1.000000E+00
1.000000E+00
9.566833E-01
1.000000E+00
9.459129E-01
9.239507E-01
9.012821E-01
9.391886E-01
1.000000E+00
9.348535E-01
1.000000E+00
9.723277E-01
8.979565E-01
1.000000E+00
1.000000E+00
1.000000E+00
1.000000E+00
8.980991E-01
9.161473E-01
9.053041E-01
8.636859E-01
1.000000E+00
1.000000E+00
1.000000E+00
   NaN
1.000000E+00
   NaN
1.000000E+00
1.000000E+00
1.000000E+00
   NaN
1.000000E+00
   NaN
   NaN
1.000000E+00
1.000000E+00
   NaN
1.000000E+00
1.000000E+00
1.000000E+00
1.000000E+00
   NaN
   NaN
1.000000E+00
   NaN
   NaN
1.000000E+00
1.000000E+00
1.000000E+00
1.000000E+00
   NaN
   NaN
1.000000E+00
1.000000E+00
1.000000E+00
1.000000E+00
   NaN
   NaN
1.000000E+00
   NaN
   NaN
1.000000E+00
1.000000E+00
   NaN
1.000000E+00
   NaN
1.000000E+00
1.000000E+00
1.000000E+00
1.000000E+00
   NaN
1.000000E+00
   NaN
1.000000E+00
1.000000E+00
   NaN
   NaN
   NaN
   NaN
1.000000E+00
1.000000E+00
1.000000E+00
1.000000E+00
   NaN
1.000000E+00
1.000000E+00
   NaN
1.000000E+00
   NaN
1.000000E+00
1.000000E+00
1.000000E+00
   NaN
1.000000E+00
   NaN
   NaN
1.000000E+00
1.000000E+00
   NaN
1.000000E+00
1.000000E+00
1.000000E+00
1.000000E+00
   NaN
   NaN
1.000000E+00
   NaN
   NaN
1.000000E+00
1.000000E+00
1.000000E+00
1.000000E+00
   NaN
   NaN
1.000000E+00
1.000000E+00
1.000000E+00
1.000000E+00
   NaN
   NaN
1.000000E+00
   NaN
   NaN
1.000000E+00
1.000000E+00
   NaN
1.000000E+00
   NaN
1.000000E+00
1.000000E+00
1.000000E+00
1.000000E+00
   NaN
1.000000E+00
   NaN
1.000000E+00
1.000000E+00
   NaN
   NaN
   NaN
   NaN
1.000000E+00
1.000000E+00
1.000000E+00
1.000000E+00
   NaN
8.981386E-01
8.467315E-01
1.000000E+00
9.090442E-01
1.000000E+00
1.000000E+00
9.076405E-01
1.000000E+00
1.000000E+00
1.000000E+00
1.000000E+00
1.000000E+00
9.495947E-01
1.000000E+00
1.000000E+00
8.460767E-01
8.465870E-01
1.000000E+00
1.000000E+00
1.000000E+00
1.000000E+00
8.148237E-01
1.000000E+00
1.000000E+00
1.000000E+00
9.168202E-01
8.455187E-01
1.000000E+00
1.000000E+00
1.000000E+00
8.458271E-01
9.081010E-01
9.295930E-01
1.000000E+00
1.000000E+00
1.000000E+00
9.237525E-01
1.000000E+00
1.000000E+00
0.000000E+00
1.000000E+00
1.000000E+00
9.494211E-01
1.000000E+00
9.340979E-01
7.624387E-01
1.000000E+00
9.238362E-01
1.000000E+00
9.169114E-01
1.000000E+00
9.695331E-01
8.457996E-01
1.000000E+00
1.000000E+00
1.000000E+00
1.000000E+00
8.461249E-01
7.238390E-01
9.493665E-01
9.237728E-01
1.000000E+00
1.000000E+00
1.000000E+00
1.000000E+00
1.000000E+00
1.000000E+00
1.000000E+00
1.000000E+00
1.000000E+00
1.000000E+00
1.000000E+00
1.000000E+00
1.000000E+00
1.000000E+00
1.000000E+00
1.000000E+00
1.000000E+00
1.000000E+00
1.000000E+00
1.000000E+00
1.000000E+00
1.000000E+00
1.000000E+00
1.000000E+00
1.000000E+00
1.000000E+00
1.000000E+00
1.000000E+00
1.000000E+00
1.000000E+00
1.000000E+00
1.000000E+00
1.000000E+00
1.000000E+00
1.000000E+00
1.000000E+00
1.000000E+00
1.000000E+00
1.000000E+00
1.000000E+00
1.000000E+00
0.000000E+00
1.000000E+00
1.000000E+00
1.000000E+00
1.000000E+00
1.000000E+00
1.000000E+00
1.000000E+00
1.000000E+00
1.000000E+00
1.000000E+00
1.000000E+00
1.000000E+00
1.000000E+00
1.000000E+00
1.000000E+00
1.000000E+00
1.000000E+00
1.000000E+00
1.000000E+00
1.000000E+00
1.000000E+00
1.000000E+00
1.000000E+00
   NaN
1.000000E+00
   NaN
1.000000E+00
1.000000E+00
1.000000E+00
   NaN
1.000000E+00
   NaN
   NaN
1.000000E+00
1.000000E+00
   NaN
1.000000E+00
1.000000E+00
1.000000E+00
1.000000E+00
   NaN
   NaN
1.000000E+00
   NaN
   NaN
1.000000E+00
1.000000E+00
1.000000E+00
1.000000E+00
   NaN
   NaN
1.000000E+00
1.000000E+00
1.000000E+00
1.000000E+00
   NaN
   NaN
1.000000E+00
   NaN
   NaN
1.000000E+00
1.000000E+00
   NaN
1.000000E+00
   NaN
1.000000E+00
1.000000E+00
1.000000E+00
1.000000E+00
   NaN
1.000000E+00
   NaN
1.000000E+00
1.000000E+00
   NaN
   NaN
   NaN
   NaN
1.000000E+00
1.000000E+00
1.000000E+00
1.000000E+00
   NaN
9.494639E-01
9.393759E-01
1.000000E+00
9.523013E-01
1.000000E+00
9.433022E-01
9.519181E-01
9.068249E-01
1.000000E+00
1.000000E+00
1.000000E+00
1.000000E+00
9.276718E-01
1.000000E+00
1.000000E+00
9.392737E-01
9.393533E-01
1.000000E+00
8.857147E-01
1.000000E+00
1.000000E+00
9.349418E-01
1.000000E+00
1.000000E+00
1.000000E+00
9.545304E-01
9.391870E-01
1.000000E+00
1.000000E+00
1.000000E+00
9.392349E-01
9.520432E-01
9.085412E-01
1.000000E+00
1.000000E+00
1.000000E+00
9.566833E-01
1.000000E+00
1.000000E+00
9.494211E-01
1.000000E+00
1.000000E+00
0.000000E+00
1.000000E+00
9.136513E-01
9.495084E-01
1.000000E+00
9.042405E-01
1.000000E+00
9.545577E-01
1.000000E+00
9.501831E-01
9.392306E-01
1.000000E+00
1.000000E+00
1.000000E+00
1.000000E+00
9.392812E-01
9.461833E-01
8.837512E-01
9.566898E-01
1.000000E+00
1.000000E+00
1.000000E+00
   NaN
1.000000E+00
   NaN
1.000000E+00
1.000000E+00
1.000000E+00
   NaN
1.000000E+00
   NaN
   NaN
1.000000E+00
1.000000E+00
   NaN
1.000000E+00
1.000000E+00
1.000000E+00
1.000000E+00
   NaN
   NaN
1.000000E+00
   NaN
   NaN
1.000000E+00
1.000000E+00
1.000000E+00
1.000000E+00
   NaN
   NaN
1.000000E+00
1.000000E+00
1.000000E+00
1.000000E+00
   NaN
   NaN
1.000000E+00
   NaN
   NaN
1.000000E+00
1.000000E+00
   NaN
1.000000E+00
   NaN
1.000000E+00
1.000000E+00
1.000000E+00
1.000000E+00
   NaN
1.000000E+00
   NaN
1.000000E+00
1.000000E+00
   NaN
   NaN
   NaN
   NaN
1.000000E+00
1.000000E+00
1.000000E+00
1.000000E+00
   NaN
9.341705E-01
9.159522E-01
1.000000E+00
9.389046E-01
1.000000E+00
1.000000E+00
8.651505E-01
9.449572E-01
1.000000E+00
1.000000E+00
1.000000E+00
1.000000E+00
8.637325E-01
1.000000E+00
1.000000E+00
9.157557E-01
9.159088E-01
1.000000E+00
8.653675E-01
1.000000E+00
1.000000E+00
9.071819E-01
1.000000E+00
1.000000E+00
1.000000E+00
8.750045E-01
9.155888E-01
1.000000E+00
1.000000E+00
1.000000E+00
9.156810E-01
9.384805E-01
8.881138E-01
1.000000E+00
1.000000E+00
1.000000E+00
9.459129E-01
1.000000E+00
1.000000E+00
9.340979E-01
1.000000E+00
1.000000E+00
9.136513E-01
1.000000E+00
0.000000E+00
9.342460E-01
1.000000E+00
9.459550E-01
1.000000E+00
9.425579E-01
1.000000E+00
8.803873E-01
9.156728E-01
1.000000E+00
1.000000E+00
1.000000E+00
1.000000E+00
9.157702E-01
8.401226E-01
9.601963E-01
8.828598E-01
1.000000E+00
8.984919E-01
8.475301E-01
1.000000E+00
9.093261E-01
1.000000E+00
1.000000E+00
9.079311E-01
1.000000E+00
1.000000E+00
1.000000E+00
1.000000E+00
1.000000E+00
9.496814E-01
1.000000E+00
1.000000E+00
8.468822E-01
8.473871E-01
1.000000E+00
1.000000E+00
1.000000E+00
1.000000E+00
8.159882E-01
1.000000E+00
1.000000E+00
1.000000E+00
9.170560E-01
8.463300E-01
1.000000E+00
1.000000E+00
1.000000E+00
8.466351E-01
9.083887E-01
9.297620E-01
1.000000E+00
1.000000E+00
1.000000E+00
9.239507E-01
1.000000E+00
1.000000E+00
7.624387E-01
1.000000E+00
1.000000E+00
9.495084E-01
1.000000E+00
9.342460E-01
0.000000E+00
1.000000E+00
9.240339E-01
1.000000E+00
9.171467E-01
1.000000E+00
9.695648E-01
8.466080E-01
1.000000E+00
1.000000E+00
1.000000E+00
1.000000E+00
8.469299E-01
7.250865E-01
8.872384E-01
9.239708E-01
1.000000E+00
1.000000E+00
1.000000E+00
1.000000E+00
1.000000E+00
1.000000E+00
1.000000E+00
1.000000E+00
1.000000E+00
1.000000E+00
1.000000E+00
1.000000E+00
1.000000E+00
1.000000E+00
1.000000E+00
1.000000E+00
1.000000E+00
1.000000E+00
1.000000E+00
9.420005E-01
1.000000E+00
1.000000E+00
1.000000E+00
1.000000E+00
1.000000E+00
1.000000E+00
1.000000E+00
1.000000E+00
1.000000E+00
1.000000E+00
1.000000E+00
1.000000E+00
1.000000E+00
1.000000E+00
1.000000E+00
1.000000E+00
1.000000E+00
9.012821E-01
1.000000E+00
1.000000E+00
1.000000E+00
1.000000E+00
1.000000E+00
1.000000E+00
1.000000E+00
1.000000E+00
1.000000E+00
0.000000E+00
1.000000E+00
1.000000E+00
1.000000E+00
1.000000E+00
1.000000E+00
1.000000E+00
1.000000E+00
1.000000E+00
1.000000E+00
1.000000E+00
1.000000E+00
1.000000E+00
9.385125E-01
1.000000E+00
1.000000E+00
9.239332E-01
8.985140E-01
1.000000E+00
9.301843E-01
1.000000E+00
1.000000E+00
9.293602E-01
1.000000E+00
1.000000E+00
9.396467E-01
1.000000E+00
1.000000E+00
9.046777E-01
1.000000E+00
1.000000E+00
8.982274E-01
8.984507E-01
1.000000E+00
9.539697E-01
1.000000E+00
1.000000E+00
8.854438E-01
1.000000E+00
1.000000E+00
1.000000E+00
9.348586E-01
8.979837E-01
1.000000E+00
1.000000E+00
1.000000E+00
8.981183E-01
9.296300E-01
8.748746E-01
1.000000E+00
1.000000E+00
1.000000E+00
9.391886E-01
1.000000E+00
1.000000E+00
9.238362E-01
1.000000E+00
1.000000E+00
9.042405E-01
1.000000E+00
9.459550E-01
9.240339E-01
1.000000E+00
0.000000E+00
1.000000E+00
9.349146E-01
1.000000E+00
9.723387E-01
8.981063E-01
1.000000E+00
1.000000E+00
1.000000E+00
1.000000E+00
8.982484E-01
9.162485E-01
9.566703E-01
9.392014E-01
1.000000E+00
1.000000E+00
1.000000E+00
   NaN
1.000000E+00
   NaN
1.000000E+00
1.000000E+00
1.000000E+00
   NaN
1.000000E+00
   NaN
   NaN
1.000000E+00
1.000000E+00
   NaN
1.000000E+00
1.000000E+00
1.000000E+00
1.000000E+00
   NaN
   NaN
1.000000E+00
   NaN
   NaN
1.000000E+00
1.000000E+00
1.000000E+00
1.000000E+00
   NaN
   NaN
1.000000E+00
1.000000E+00
1.000000E+00
1.000000E+00
   NaN
   NaN
1.000000E+00
   NaN
   NaN
1.000000E+00
1.000000E+00
   NaN
1.000000E+00
   NaN
1.000000E+00
1.000000E+00
1.000000E+00
1.000000E+00
   NaN
1.000000E+00
   NaN
1.000000E+00
1.000000E+00
   NaN
   NaN
   NaN
   NaN
1.000000E+00
1.000000E+00
1.000000E+00
1.000000E+00
   NaN
9.170268E-01
8.858359E-01
1.000000E+00
9.244095E-01
1.000000E+00
1.000000E+00
8.259362E-01
1.000000E+00
1.000000E+00
1.000000E+00
1.000000E+00
1.000000E+00
9.546979E-01
9.339678E-01
1.000000E+00
8.854731E-01
8.857558E-01
1.000000E+00
1.000000E+00
1.000000E+00
1.000000E+00
8.690257E-01
1.000000E+00
1.000000E+00
1.000000E+00
9.298589E-01
8.851644E-01
9.340478E-01
1.000000E+00
1.000000E+00
8.853349E-01
9.237592E-01
9.391652E-01
1.000000E+00
1.000000E+00
1.000000E+00
9.348535E-01
1.000000E+00
1.000000E+00
9.169114E-01
1.000000E+00
1.000000E+00
9.545577E-01
1.000000E+00
9.425579E-01
9.171467E-01
1.000000E+00
9.349146E-01
1.000000E+00
0.000000E+00
1.000000E+00
9.714753E-01
8.853197E-01
1.000000E+00
1.000000E+00
1.000000E+00
1.000000E+00
8.854998E-01
9.077987E-01
9.545136E-01
9.348682E-01
1.000000E+00
1.000000E+00
1.000000E+00
   NaN
1.000000E+00
   NaN
1.000000E+00
1.000000E+00
1.000000E+00
   NaN
1.000000E+00
   NaN
   NaN
1.000000E+00
1.000000E+00
   NaN
1.000000E+00
1.000000E+00
1.000000E+00
1.000000E+00
   NaN
   NaN
1.000000E+00
   NaN
   NaN
1.000000E+00
1.000000E+00
1.000000E+00
1.000000E+00
   NaN
   NaN
1.000000E+00
1.000000E+00
1.000000E+00
1.000000E+00
   NaN
   NaN
1.000000E+00
   NaN
   NaN
1.000000E+00
1.000000E+00
   NaN
1.000000E+00
   NaN
1.000000E+00
1.000000E+00
1.000000E+00
1.000000E+00
   NaN
1.000000E+00
   NaN
1.000000E+00
1.000000E+00
   NaN
   NaN
   NaN
   NaN
1.000000E+00
1.000000E+00
1.000000E+00
1.000000E+00
   NaN
9.695486E-01
9.661550E-01
1.000000E+00
9.706024E-01
1.000000E+00
1.000000E+00
9.376963E-01
9.393322E-01
1.000000E+00
1.000000E+00
1.000000E+00
1.000000E+00
8.923809E-01
1.000000E+00
1.000000E+00
9.661232E-01
9.661480E-01
9.345481E-01
9.222663E-01
1.000000E+00
1.000000E+00
9.648163E-01
1.000000E+00
1.000000E+00
9.665609E-01
9.398859E-01
9.660963E-01
9.710283E-01
1.000000E+00
1.000000E+00
9.661111E-01
9.705045E-01
9.731364E-01
1.000000E+00
1.000000E+00
1.000000E+00
9.723277E-01
1.000000E+00
1.000000E+00
9.695331E-01
1.000000E+00
1.000000E+00
9.501831E-01
1.000000E+00
8.803873E-01
9.695648E-01
1.000000E+00
9.723387E-01
1.000000E+00
9.714753E-01
1.000000E+00
0.000000E+00
9.661098E-01
1.000000E+00
1.000000E+00
1.000000E+00
1.000000E+00
9.661255E-01
8.938744E-01
9.766201E-01
9.417640E-01
1.000000E+00
6.151357E-01
6.883810E-01
1.000000E+00
8.697731E-01
1.000000E+00
1.000000E+00
8.668762E-01
1.000000E+00
1.000000E+00
1.000000E+00
1.000000E+00
1.000000E+00
9.394810E-01
1.000000E+00
1.000000E+00
6.856624E-01
6.877832E-01
1.000000E+00
1.000000E+00
1.000000E+00
1.000000E+00
5.203398E-01
1.000000E+00
1.000000E+00
1.000000E+00
8.851459E-01
6.833264E-01
1.000000E+00
1.000000E+00
1.000000E+00
6.846195E-01
8.678308E-01
9.081531E-01
1.000000E+00
1.000000E+00
1.000000E+00
8.979565E-01
1.000000E+00
1.000000E+00
8.457996E-01
1.000000E+00
1.000000E+00
9.392306E-01
1.000000E+00
9.156728E-01
8.466080E-01
1.000000E+00
8.981063E-01
1.000000E+00
8.853197E-01
1.000000E+00
9.661098E-01
0.000000E+00
1.000000E+00
1.000000E+00
1.000000E+00
1.000000E+00
6.858635E-01
8.111623E-01
9.391517E-01
8.979927E-01
1.000000E+00
1.000000E+00
1.000000E+00
   NaN
1.000000E+00
   NaN
1.000000E+00
1.000000E+00
1.000000E+00
   NaN
1.000000E+00
   NaN
   NaN
1.000000E+00
1.000000E+00
   NaN
1.000000E+00
1.000000E+00
1.000000E+00
1.000000E+00
   NaN
   NaN
1.000000E+00
   NaN
   NaN
1.000000E+00
1.000000E+00
1.000000E+00
1.000000E+00
   NaN
   NaN
1.000000E+00
1.000000E+00
1.000000E+00
1.000000E+00
   NaN
   NaN
1.000000E+00
   NaN
   NaN
1.000000E+00
1.000000E+00
   NaN
1.000000E+00
   NaN
1.000000E+00
1.000000E+00
1.000000E+00
1.000000E+00
   NaN
1.000000E+00
   NaN
1.000000E+00
1.000000E+00
   NaN
   NaN
   NaN
   NaN
1.000000E+00
1.000000E+00
1.000000E+00
1.000000E+00
   NaN
1.000000E+00
1.000000E+00
   NaN
1.000000E+00
   NaN
1.000000E+00
1.000000E+00
1.000000E+00
   NaN
1.000000E+00
   NaN
   NaN
1.000000E+00
1.000000E+00
   NaN
1.000000E+00
1.000000E+00
1.000000E+00
1.000000E+00
   NaN
   NaN
1.000000E+00
   NaN
   NaN
1.000000E+00
1.000000E+00
1.000000E+00
1.000000E+00
   NaN
   NaN
1.000000E+00
1.000000E+00
1.000000E+00
1.000000E+00
   NaN
   NaN
1.000000E+00
   NaN
   NaN
1.000000E+00
1.000000E+00
   NaN
1.000000E+00
   NaN
1.000000E+00
1.000000E+00
1.000000E+00
1.000000E+00
   NaN
1.000000E+00
   NaN
1.000000E+00
1.000000E+00
   NaN
   NaN
   NaN
   NaN
1.000000E+00
1.000000E+00
1.000000E+00
1.000000E+00
   NaN
1.000000E+00
1.000000E+00
   NaN
1.000000E+00
   NaN
1.000000E+00
1.000000E+00
1.000000E+00
   NaN
1.000000E+00
   NaN
   NaN
1.000000E+00
1.000000E+00
   NaN
1.000000E+00
1.000000E+00
1.000000E+00
1.000000E+00
   NaN
   NaN
1.000000E+00
   NaN
   NaN
1.000000E+00
1.000000E+00
1.000000E+00
1.000000E+00
   NaN
   NaN
1.000000E+00
1.000000E+00
1.000000E+00
1.000000E+00
   NaN
   NaN
1.000000E+00
   NaN
   NaN
1.000000E+00
1.000000E+00
   NaN
1.000000E+00
   NaN
1.000000E+00
1.000000E+00
1.000000E+00
1.000000E+00
   NaN
1.000000E+00
   NaN
1.000000E+00
1.000000E+00
   NaN
   NaN
   NaN
   NaN
1.000000E+00
1.000000E+00
1.000000E+00
1.000000E+00
   NaN
1.000000E+00
1.000000E+00
   NaN
1.000000E+00
   NaN
1.000000E+00
1.000000E+00
1.000000E+00
   NaN
1.000000E+00
   NaN
   NaN
1.000000E+00
1.000000E+00
   NaN
1.000000E+00
1.000000E+00
1.000000E+00
1.000000E+00
   NaN
   NaN
1.000000E+00
   NaN
   NaN
1.000000E+00
1.000000E+00
1.000000E+00
1.000000E+00
   NaN
   NaN
1.000000E+00
1.000000E+00
1.000000E+00
1.000000E+00
   NaN
   NaN
1.000000E+00
   NaN
   NaN
1.000000E+00
1.000000E+00
   NaN
1.000000E+00
   NaN
1.000000E+00
1.000000E+00
1.000000E+00
1.000000E+00
   NaN
1.000000E+00
   NaN
1.000000E+00
1.000000E+00
   NaN
   NaN
   NaN
   NaN
1.000000E+00
1.000000E+00
1.000000E+00
1.000000E+00
   NaN
8.465203E-01
6.897068E-01
1.000000E+00
8.700052E-01
1.000000E+00
1.000000E+00
8.671187E-01
1.000000E+00
1.000000E+00
1.000000E+00
1.000000E+00
1.000000E+00
9.395312E-01
1.000000E+00
1.000000E+00
6.870113E-01
6.891140E-01
8.548559E-01
1.000000E+00
1.000000E+00
1.000000E+00
5.234737E-01
1.000000E+00
1.000000E+00
1.000000E+00
8.853265E-01
6.846954E-01
1.000000E+00
1.000000E+00
1.000000E+00
6.859774E-01
8.680699E-01
9.082686E-01
1.000000E+00
1.000000E+00
1.000000E+00
8.980991E-01
1.000000E+00
1.000000E+00
8.461249E-01
1.000000E+00
1.000000E+00
9.392812E-01
1.000000E+00
9.157702E-01
8.469299E-01
1.000000E+00
8.982484E-01
1.000000E+00
8.854998E-01
1.000000E+00
9.661255E-01
6.858635E-01
1.000000E+00
1.000000E+00
1.000000E+00
1.000000E+00
0.000000E+00
8.116500E-01
9.392025E-01
8.981352E-01
1.000000E+00
8.840948E-01
8.125579E-01
1.000000E+00
8.980095E-01
1.000000E+00
1.000000E+00
8.962412E-01
1.000000E+00
1.000000E+00
1.000000E+00
1.000000E+00
1.000000E+00
8.825389E-01
1.000000E+00
1.000000E+00
8.115777E-01
8.123418E-01
1.000000E+00
9.455083E-01
1.000000E+00
1.000000E+00
7.625123E-01
1.000000E+00
1.000000E+00
1.000000E+00
9.076863E-01
8.107409E-01
1.000000E+00
1.000000E+00
1.000000E+00
8.112035E-01
8.968221E-01
9.231574E-01
1.000000E+00
1.000000E+00
1.000000E+00
9.161473E-01
1.000000E+00
1.000000E+00
7.238390E-01
1.000000E+00
1.000000E+00
9.461833E-01
1.000000E+00
8.401226E-01
7.250865E-01
1.000000E+00
9.162485E-01
1.000000E+00
9.077987E-01
1.000000E+00
8.938744E-01
8.111623E-01
1.000000E+00
1.000000E+00
1.000000E+00
1.000000E+00
8.116500E-01
0.000000E+00
9.461214E-01
9.161718E-01
1.000000E+00
9.494094E-01
9.392974E-01
1.000000E+00
9.522527E-01
1.000000E+00
1.000000E+00
9.518687E-01
9.045501E-01
1.000000E+00
1.000000E+00
1.000000E+00
1.000000E+00
9.664299E-01
1.000000E+00
1.000000E+00
9.391949E-01
9.392747E-01
1.000000E+00
9.271381E-01
1.000000E+00
1.000000E+00
9.348513E-01
1.000000E+00
1.000000E+00
1.000000E+00
9.544863E-01
9.391080E-01
1.000000E+00
1.000000E+00
1.000000E+00
9.391560E-01
9.519941E-01
9.585962E-01
1.000000E+00
1.000000E+00
1.000000E+00
9.053041E-01
1.000000E+00
1.000000E+00
9.493665E-01
1.000000E+00
1.000000E+00
8.837512E-01
1.000000E+00
9.601963E-01
8.872384E-01
9.385125E-01
9.566703E-01
1.000000E+00
9.545136E-01
1.000000E+00
9.766201E-01
9.391517E-01
1.000000E+00
1.000000E+00
1.000000E+00
1.000000E+00
9.392025E-01
9.461214E-01
0.000000E+00
9.566498E-01
1.000000E+00
9.238699E-01
8.984013E-01
1.000000E+00
9.301310E-01
1.000000E+00
1.000000E+00
8.439954E-01
1.000000E+00
1.000000E+00
1.000000E+00
1.000000E+00
1.000000E+00
9.568172E-01
1.000000E+00
1.000000E+00
8.981140E-01
8.983378E-01
1.000000E+00
1.000000E+00
1.000000E+00
1.000000E+00
8.853002E-01
1.000000E+00
1.000000E+00
1.000000E+00
8.570343E-01
8.978698E-01
1.000000E+00
1.000000E+00
1.000000E+00
8.980047E-01
9.295758E-01
9.429266E-01
1.000000E+00
1.000000E+00
1.000000E+00
8.636859E-01
1.000000E+00
1.000000E+00
9.237728E-01
1.000000E+00
1.000000E+00
9.566898E-01
1.000000E+00
8.828598E-01
9.239708E-01
1.000000E+00
9.392014E-01
1.000000E+00
9.348682E-01
1.000000E+00
9.417640E-01
8.979927E-01
1.000000E+00
1.000000E+00
1.000000E+00
1.000000E+00
8.981352E-01
9.161718E-01
9.566498E-01
0.000000E+00
1.000000E+00
1.000000E+00
1.000000E+00
   NaN
1.000000E+00
   NaN
1.000000E+00
1.000000E+00
1.000000E+00
   NaN
1.000000E+00
   NaN
   NaN
1.000000E+00
1.000000E+00
   NaN
1.000000E+00
1.000000E+00
1.000000E+00
1.000000E+00
   NaN
   NaN
1.000000E+00
   NaN
   NaN
1.000000E+00
1.000000E+00
1.000000E+00
1.000000E+00
   NaN
   NaN
1.000000E+00
1.000000E+00
1.000000E+00
1.000000E+00
   NaN
   NaN
1.000000E+00
   NaN
   NaN
1.000000E+00
1.000000E+00
   NaN
1.000000E+00
   NaN
1.000000E+00
1.000000E+00
1.000000E+00
1.000000E+00
   NaN
1.000000E+00
   NaN
1.000000E+00
1.000000E+00
   NaN
   NaN
   NaN
   NaN
1.000000E+00
1.000000E+00
1.000000E+00
1.000000E+00
   NaN
