8.443567E-01
8.841803E-01
9.060055E-01
7.655692E-01
1.000000E+00
1.000000E+00
7.655692E-01
8.658083E-01
7.655692E-01
1.000000E+00
7.652351E-01
7.655692E-01
7.600338E-01
7.655692E-01
1.000000E+00
7.655692E-01
6.820967E-01
1.000000E+00
6.782581E-01
7.640528E-01
8.969271E-01
8.141133E-01
7.541018E-01
1.000000E+00
9.230823E-01
7.600338E-01
6.820967E-01
0.000000E+00
8.976232E-01
9.150573E-01
8.147935E-01
1.000000E+00
1.000000E+00
8.147935E-01
8.835280E-01
8.147935E-01
1.000000E+00
8.145850E-01
8.147935E-01
8.113557E-01
8.147935E-01
1.000000E+00
8.147935E-01
7.663190E-01
1.000000E+00
8.829033E-01
8.138483E-01
9.077116E-01
8.464691E-01
1.000000E+00
1.000000E+00
9.292518E-01
8.113557E-01
7.663190E-01
8.976232E-01
0.000000E+00
9.284785E-01
8.685688E-01
1.000000E+00
1.000000E+00
8.685688E-01
9.073638E-01
8.685688E-01
1.000000E+00
8.684638E-01
8.685688E-01
8.668468E-01
8.685688E-01
1.000000E+00
8.685688E-01
8.458812E-01
1.000000E+00
9.069691E-01
8.680935E-01
8.282825E-01
8.853541E-01
1.000000E+00
1.000000E+00
9.388147E-01
8.668468E-01
8.458812E-01
9.150573E-01
9.284785E-01
0.000000E+00
8.959780E-01
1.000000E+00
1.000000E+00
8.959780E-01
9.218733E-01
8.959780E-01
1.000000E+00
8.959123E-01
8.959780E-01
8.949023E-01
8.959780E-01
1.000000E+00
8.959780E-01
8.822603E-01
1.000000E+00
9.215928E-01
8.956805E-01
9.335529E-01
9.067801E-01
1.000000E+00
1.000000E+00
8.819390E-01
8.949023E-01
8.822603E-01
8.147935E-01
8.685688E-01
8.959780E-01
0.000000E+00
1.000000E+00
1.000000E+00
6.913656E-01
8.443932E-01
6.913656E-01
1.000000E+00
6.907864E-01
6.913656E-01
6.816993E-01
6.913656E-01
1.000000E+00
6.913656E-01
5.283108E-01
1.000000E+00
8.432763E-01
6.887320E-01
8.847435E-01
7.703288E-01
1.000000E+00
1.000000E+00
9.164950E-01
6.816993E-01
5.283108E-01
1.000000E+00
1.000000E+00
1.000000E+00
1.000000E+00
0.000000E+00
8.675115E-01
1.000000E+00
9.038072E-01
1.000000E+00
9.131680E-01
1.000000E+00
1.000000E+00
8.607359E-01
1.000000E+00
8.845226E-01
1.000000E+00
1.000000E+00
8.671979E-01
1.000000E+00
1.000000E+00
1.000000E+00
1.000000E+00
1.000000E+00
9.163382E-01
1.000000E+00
8.607359E-01
1.000000E+00
1.000000E+00
1.000000E+00
1.000000E+00
1.000000E+00
8.675115E-01
0.000000E+00
1.000000E+00
1.000000E+00
1.000000E+00
1.000000E+00
1.000000E+00
1.000000E+00
1.000000E+00
1.000000E+00
7.683173E-01
1.000000E+00
1.000000E+00
6.861808E-01
1.000000E+00
1.000000E+00
1.000000E+00
1.000000E+00
1.000000E+00
8.685841E-01
1.000000E+00
1.000000E+00
1.000000E+00
8.147935E-01
8.685688E-01
8.959780E-01
6.913656E-01
1.000000E+00
1.000000E+00
0.000000E+00
8.443932E-01
6.913656E-01
1.000000E+00
6.907864E-01
6.913656E-01
6.816993E-01
6.913656E-01
1.000000E+00
6.913656E-01
5.283108E-01
1.000000E+00
8.432763E-01
6.887320E-01
8.847435E-01
7.703288E-01
1.000000E+00
1.000000E+00
9.164950E-01
6.816993E-01
5.283108E-01
8.835280E-01
9.073638E-01
9.218733E-01
8.443932E-01
9.038072E-01
1.000000E+00
8.443932E-01
0.000000E+00
8.443932E-01
9.048408E-01
8.442461E-01
8.443932E-01
6.190189E-01
8.443932E-01
1.000000E+00
8.443932E-01
8.115489E-01
1.000000E+00
8.954743E-01
8.437266E-01
9.157020E-01
8.673815E-01
1.000000E+00
1.000000E+00
8.517948E-01
6.190189E-01
8.115489E-01
8.147935E-01
8.685688E-01
8.959780E-01
6.913656E-01
1.000000E+00
1.000000E+00
6.913656E-01
8.443932E-01
0.000000E+00
1.000000E+00
6.907864E-01
6.913656E-01
6.816993E-01
6.913656E-01
1.000000E+00
6.913656E-01
5.283108E-01
1.000000E+00
8.432763E-01
6.887320E-01
8.847435E-01
7.703288E-01
1.000000E+00
1.000000E+00
9.164950E-01
6.816993E-01
5.283108E-01
1.000000E+00
1.000000E+00
1.000000E+00
1.000000E+00
9.131680E-01
1.000000E+00
1.000000E+00
9.048408E-01
1.000000E+00
0.000000E+00
1.000000E+00
1.000000E+00
8.628920E-01
1.000000E+00
1.000000E+00
1.000000E+00
1.000000E+00
1.000000E+00
1.000000E+00
1.000000E+00
1.000000E+00
1.000000E+00
1.000000E+00
1.000000E+00
1.000000E+00
8.628920E-01
1.000000E+00
8.145850E-01
8.684638E-01
8.959123E-01
6.907864E-01
1.000000E+00
1.000000E+00
6.907864E-01
8.442461E-01
6.907864E-01
1.000000E+00
0.000000E+00
6.907864E-01
6.810832E-01
6.907864E-01
1.000000E+00
6.907864E-01
5.269564E-01
1.000000E+00
8.431270E-01
6.881428E-01
8.846628E-01
7.700081E-01
1.000000E+00
1.000000E+00
9.164527E-01
6.810832E-01
5.269564E-01
8.147935E-01
8.685688E-01
8.959780E-01
6.913656E-01
1.000000E+00
1.000000E+00
6.913656E-01
8.443932E-01
6.913656E-01
1.000000E+00
6.907864E-01
0.000000E+00
6.816993E-01
6.913656E-01
1.000000E+00
6.913656E-01
5.283108E-01
1.000000E+00
8.432763E-01
6.887320E-01
8.847435E-01
7.703288E-01
1.000000E+00
1.000000E+00
9.164950E-01
6.816993E-01
5.283108E-01
8.113557E-01
8.668468E-01
8.949023E-01
6.816993E-01
8.607359E-01
1.000000E+00
6.816993E-01
6.190189E-01
6.816993E-01
8.628920E-01
6.810832E-01
6.816993E-01
0.000000E+00
6.816993E-01
1.000000E+00
6.816993E-01
5.053530E-01
1.000000E+00
8.408216E-01
6.788974E-01
8.834214E-01
7.650185E-01
1.000000E+00
1.000000E+00
9.158032E-01
0.000000E+00
5.053530E-01
8.147935E-01
8.685688E-01
8.959780E-01
6.913656E-01
1.000000E+00
1.000000E+00
6.913656E-01
8.443932E-01
6.913656E-01
1.000000E+00
6.907864E-01
6.913656E-01
6.816993E-01
0.000000E+00
1.000000E+00
6.913656E-01
5.283108E-01
1.000000E+00
8.432763E-01
6.887320E-01
8.847435E-01
7.703288E-01
1.000000E+00
1.000000E+00
9.164950E-01
6.816993E-01
5.283108E-01
1.000000E+00
1.000000E+00
1.000000E+00
1.000000E+00
8.845226E-01
7.683173E-01
1.000000E+00
1.000000E+00
1.000000E+00
1.000000E+00
1.000000E+00
1.000000E+00
1.000000E+00
1.000000E+00
0.000000E+00
1.000000E+00
1.000000E+00
7.673566E-01
1.000000E+00
1.000000E+00
1.000000E+00
1.000000E+00
1.000000E+00
8.853383E-01
1.000000E+00
1.000000E+00
1.000000E+00
8.147935E-01
8.685688E-01
8.959780E-01
6.913656E-01
1.000000E+00
1.000000E+00
6.913656E-01
8.443932E-01
6.913656E-01
1.000000E+00
6.907864E-01
6.913656E-01
6.816993E-01
6.913656E-01
1.000000E+00
0.000000E+00
5.283108E-01
1.000000E+00
8.432763E-01
6.887320E-01
8.847435E-01
7.703288E-01
1.000000E+00
1.000000E+00
9.164950E-01
6.816993E-01
5.283108E-01
7.663190E-01
8.458812E-01
8.822603E-01
5.283108E-01
1.000000E+00
1.000000E+00
5.283108E-01
8.115489E-01
5.283108E-01
1.000000E+00
5.269564E-01
5.283108E-01
5.053530E-01
5.283108E-01
1.000000E+00
5.283108E-01
0.000000E+00
1.000000E+00
8.099081E-01
5.221315E-01
8.676594E-01
6.907864E-01
1.000000E+00
1.000000E+00
9.078791E-01
5.053530E-01
0.000000E+00
1.000000E+00
1.000000E+00
1.000000E+00
1.000000E+00
8.671979E-01
6.861808E-01
1.000000E+00
1.000000E+00
1.000000E+00
1.000000E+00
1.000000E+00
1.000000E+00
1.000000E+00
1.000000E+00
7.673566E-01
1.000000E+00
1.000000E+00
0.000000E+00
1.000000E+00
1.000000E+00
1.000000E+00
1.000000E+00
1.000000E+00
8.682756E-01
1.000000E+00
1.000000E+00
1.000000E+00
8.829033E-01
9.069691E-01
9.215928E-01
8.432763E-01
1.000000E+00
1.000000E+00
8.432763E-01
8.954743E-01
8.432763E-01
1.000000E+00
8.431270E-01
8.432763E-01
8.408216E-01
8.432763E-01
1.000000E+00
8.432763E-01
8.099081E-01
1.000000E+00
0.000000E+00
8.426000E-01
8.108705E-01
8.665710E-01
8.357479E-01
1.000000E+00
9.338445E-01
8.408216E-01
8.099081E-01
8.138483E-01
8.680935E-01
8.956805E-01
6.887320E-01
1.000000E+00
1.000000E+00
6.887320E-01
8.437266E-01
6.887320E-01
1.000000E+00
6.881428E-01
6.887320E-01
6.788974E-01
6.887320E-01
1.000000E+00
6.887320E-01
5.221315E-01
1.000000E+00
8.426000E-01
0.000000E+00
8.843782E-01
7.688735E-01
1.000000E+00
1.000000E+00
9.163034E-01
6.788974E-01
5.221315E-01
9.077116E-01
8.282825E-01
9.335529E-01
8.847435E-01
1.000000E+00
1.000000E+00
8.847435E-01
9.157020E-01
8.847435E-01
1.000000E+00
8.846628E-01
8.847435E-01
8.834214E-01
8.847435E-01
1.000000E+00
8.847435E-01
8.676594E-01
1.000000E+00
8.108705E-01
8.843782E-01
0.000000E+00
8.978578E-01
1.000000E+00
1.000000E+00
9.425669E-01
8.834214E-01
8.676594E-01
8.464691E-01
8.853541E-01
9.067801E-01
7.703288E-01
1.000000E+00
1.000000E+00
7.703288E-01
8.673815E-01
7.703288E-01
1.000000E+00
7.700081E-01
7.703288E-01
7.650185E-01
7.703288E-01
1.000000E+00
7.703288E-01
6.907864E-01
1.000000E+00
8.665710E-01
7.688735E-01
8.978578E-01
0.000000E+00
1.000000E+00
1.000000E+00
9.236018E-01
7.650185E-01
6.907864E-01
1.000000E+00
1.000000E+00
1.000000E+00
1.000000E+00
1.000000E+00
1.000000E+00
1.000000E+00
1.000000E+00
1.000000E+00
1.000000E+00
1.000000E+00
1.000000E+00
1.000000E+00
1.000000E+00
1.000000E+00
1.000000E+00
1.000000E+00
1.000000E+00
8.357479E-01
1.000000E+00
1.000000E+00
1.000000E+00
0.000000E+00
1.000000E+00
1.000000E+00
1.000000E+00
1.000000E+00
1.000000E+00
1.000000E+00
1.000000E+00
1.000000E+00
9.163382E-01
8.685841E-01
1.000000E+00
1.000000E+00
1.000000E+00
1.000000E+00
1.000000E+00
1.000000E+00
1.000000E+00
1.000000E+00
8.853383E-01
1.000000E+00
1.000000E+00
8.682756E-01
1.000000E+00
1.000000E+00
1.000000E+00
1.000000E+00
1.000000E+00
0.000000E+00
1.000000E+00
1.000000E+00
1.000000E+00
9.292518E-01
9.388147E-01
8.819390E-01
9.164950E-01
1.000000E+00
1.000000E+00
9.164950E-01
8.517948E-01
9.164950E-01
1.000000E+00
9.164527E-01
9.164950E-01
9.158032E-01
9.164950E-01
1.000000E+00
9.164950E-01
9.078791E-01
1.000000E+00
9.338445E-01
9.163034E-01
9.425669E-01
9.236018E-01
1.000000E+00
1.000000E+00
0.000000E+00
9.158032E-01
9.078791E-01
8.113557E-01
8.668468E-01
8.949023E-01
6.816993E-01
8.607359E-01
1.000000E+00
6.816993E-01
6.190189E-01
6.816993E-01
8.628920E-01
6.810832E-01
6.816993E-01
0.000000E+00
6.816993E-01
1.000000E+00
6.816993E-01
5.053530E-01
1.000000E+00
8.408216E-01
6.788974E-01
8.834214E-01
7.650185E-01
1.000000E+00
1.000000E+00
9.158032E-01
0.000000E+00
5.053530E-01
7.663190E-01
8.458812E-01
8.822603E-01
5.283108E-01
1.000000E+00
1.000000E+00
5.283108E-01
8.115489E-01
5.283108E-01
1.000000E+00
5.269564E-01
5.283108E-01
5.053530E-01
5.283108E-01
1.000000E+00
5.283108E-01
0.000000E+00
1.000000E+00
8.099081E-01
5.221315E-01
8.676594E-01
6.907864E-01
1.000000E+00
1.000000E+00
9.078791E-01
5.053530E-01
0.000000E+00
