1.000000E+00
1.000000E+00
7.649753E-01
1.000000E+00
5.171894E-01
1.000000E+00
1.000000E+00
8.966655E-01
1.000000E+00
9.461016E-01
8.900489E-01
9.280319E-01
7.655692E-01
6.820967E-01
8.440952E-01
8.957752E-01
1.000000E+00
8.649422E-01
8.089947E-01
1.000000E+00
1.000000E+00
9.380314E-01
6.820967E-01
7.655692E-01
8.834859E-01
1.000000E+00
1.000000E+00
1.000000E+00
8.431584E-01
7.600338E-01
1.000000E+00
8.439288E-01
9.077962E-01
1.000000E+00
8.829957E-01
8.419172E-01
8.972752E-01
1.000000E+00
1.000000E+00
8.144230E-01
1.000000E+00
8.441938E-01
1.000000E+00
1.000000E+00
9.075019E-01
1.000000E+00
1.000000E+00
1.000000E+00
9.334610E-01
8.147935E-01
7.663190E-01
8.675128E-01
9.067892E-01
1.000000E+00
8.828761E-01
8.429940E-01
1.000000E+00
1.000000E+00
9.420993E-01
7.663190E-01
8.147935E-01
8.970810E-01
1.000000E+00
1.000000E+00
1.000000E+00
8.668369E-01
8.113557E-01
9.385303E-01
8.673927E-01
9.165224E-01
1.000000E+00
8.966987E-01
8.659433E-01
9.079908E-01
1.000000E+00
1.000000E+00
8.683823E-01
1.000000E+00
8.840901E-01
1.000000E+00
1.000000E+00
9.231962E-01
1.000000E+00
1.000000E+00
1.000000E+00
9.419884E-01
8.685688E-01
8.458812E-01
8.975101E-01
9.227055E-01
1.000000E+00
9.069519E-01
8.834275E-01
1.000000E+00
1.000000E+00
8.197076E-01
8.458812E-01
8.685688E-01
9.161464E-01
1.000000E+00
1.000000E+00
1.000000E+00
8.971061E-01
8.668468E-01
1.000000E+00
8.974383E-01
9.295200E-01
1.000000E+00
9.158928E-01
8.965734E-01
9.235336E-01
9.098799E-01
1.000000E+00
8.958612E-01
9.562366E-01
9.059461E-01
1.000000E+00
1.000000E+00
9.334443E-01
1.000000E+00
9.580694E-01
1.000000E+00
9.480324E-01
8.959780E-01
8.822603E-01
8.093899E-01
8.533853E-01
1.000000E+00
7.096185E-01
9.055102E-01
1.000000E+00
9.296825E-01
8.411811E-01
8.822603E-01
8.959780E-01
9.282143E-01
1.000000E+00
1.000000E+00
1.000000E+00
8.024000E-01
8.949023E-01
1.000000E+00
9.149301E-01
9.382458E-01
1.000000E+00
9.280285E-01
9.143359E-01
9.336978E-01
1.000000E+00
1.000000E+00
6.903355E-01
1.000000E+00
7.651993E-01
1.000000E+00
1.000000E+00
8.844162E-01
1.000000E+00
1.000000E+00
1.000000E+00
9.222968E-01
6.913656E-01
5.283108E-01
8.144230E-01
8.833013E-01
1.000000E+00
8.432274E-01
7.624640E-01
1.000000E+00
1.000000E+00
9.338258E-01
5.283108E-01
6.913656E-01
8.676738E-01
1.000000E+00
1.000000E+00
1.000000E+00
8.130943E-01
6.816993E-01
1.000000E+00
8.141873E-01
8.981667E-01
1.000000E+00
8.670411E-01
8.113290E-01
8.851787E-01
8.973890E-01
9.084964E-01
1.000000E+00
9.545505E-01
1.000000E+00
1.000000E+00
7.304937E-01
9.204703E-01
9.232285E-01
9.548482E-01
9.230197E-01
9.401281E-01
1.000000E+00
1.000000E+00
1.000000E+00
1.000000E+00
8.661760E-01
1.000000E+00
8.784369E-01
1.000000E+00
9.228240E-01
1.000000E+00
1.000000E+00
1.000000E+00
1.000000E+00
8.104038E-01
1.000000E+00
9.070431E-01
8.929614E-01
8.607359E-01
9.493826E-01
8.933132E-01
1.000000E+00
9.170454E-01
1.000000E+00
8.923970E-01
1.000000E+00
8.148863E-01
8.481414E-01
1.000000E+00
9.433716E-01
1.000000E+00
1.000000E+00
7.654089E-01
1.000000E+00
8.848221E-01
1.000000E+00
8.843515E-01
1.000000E+00
1.000000E+00
1.000000E+00
1.000000E+00
1.000000E+00
9.162106E-01
1.000000E+00
1.000000E+00
1.000000E+00
8.839090E-01
1.000000E+00
1.000000E+00
1.000000E+00
1.000000E+00
8.689328E-01
1.000000E+00
8.440965E-01
1.000000E+00
1.000000E+00
9.351180E-01
1.000000E+00
1.000000E+00
8.703208E-01
1.000000E+00
1.000000E+00
1.000000E+00
1.000000E+00
1.000000E+00
6.903355E-01
1.000000E+00
7.651993E-01
1.000000E+00
1.000000E+00
8.844162E-01
1.000000E+00
1.000000E+00
1.000000E+00
9.222968E-01
6.913656E-01
5.283108E-01
8.144230E-01
8.833013E-01
1.000000E+00
8.432274E-01
7.624640E-01
1.000000E+00
1.000000E+00
9.338258E-01
5.283108E-01
6.913656E-01
8.676738E-01
1.000000E+00
1.000000E+00
1.000000E+00
8.130943E-01
6.816993E-01
1.000000E+00
8.141873E-01
8.981667E-01
1.000000E+00
8.670411E-01
8.113290E-01
8.851787E-01
1.000000E+00
1.000000E+00
8.441318E-01
1.000000E+00
8.656872E-01
1.000000E+00
8.617826E-01
8.130957E-01
1.000000E+00
9.526957E-01
1.000000E+00
8.655304E-01
8.443932E-01
8.115489E-01
8.833816E-01
9.149331E-01
9.315850E-01
8.954526E-01
6.828605E-01
1.000000E+00
1.000000E+00
9.453493E-01
8.115489E-01
8.443932E-01
9.069201E-01
1.000000E+00
1.000000E+00
1.000000E+00
7.309863E-01
6.190189E-01
1.000000E+00
7.321083E-01
9.231144E-01
1.000000E+00
9.066075E-01
7.291823E-01
9.159350E-01
1.000000E+00
1.000000E+00
6.903355E-01
1.000000E+00
7.651993E-01
1.000000E+00
1.000000E+00
8.844162E-01
1.000000E+00
1.000000E+00
1.000000E+00
9.222968E-01
6.913656E-01
5.283108E-01
8.144230E-01
8.833013E-01
1.000000E+00
8.432274E-01
7.624640E-01
1.000000E+00
1.000000E+00
9.338258E-01
5.283108E-01
6.913656E-01
8.676738E-01
1.000000E+00
1.000000E+00
1.000000E+00
8.130943E-01
6.816993E-01
1.000000E+00
8.141873E-01
8.981667E-01
1.000000E+00
8.670411E-01
8.113290E-01
8.851787E-01
1.000000E+00
1.000000E+00
1.000000E+00
1.000000E+00
1.000000E+00
1.000000E+00
8.803210E-01
9.211782E-01
1.000000E+00
9.550772E-01
1.000000E+00
9.405301E-01
1.000000E+00
1.000000E+00
1.000000E+00
1.000000E+00
8.615200E-01
1.000000E+00
8.800829E-01
1.000000E+00
1.000000E+00
1.000000E+00
1.000000E+00
1.000000E+00
1.000000E+00
1.000000E+00
1.000000E+00
1.000000E+00
8.942396E-01
8.628920E-01
1.000000E+00
8.945831E-01
1.000000E+00
1.000000E+00
1.000000E+00
8.936887E-01
1.000000E+00
1.000000E+00
1.000000E+00
6.897524E-01
1.000000E+00
7.648642E-01
1.000000E+00
1.000000E+00
8.843351E-01
1.000000E+00
1.000000E+00
1.000000E+00
9.222601E-01
6.907864E-01
5.269564E-01
8.142137E-01
8.832186E-01
1.000000E+00
8.430781E-01
7.621210E-01
1.000000E+00
1.000000E+00
9.337992E-01
5.269564E-01
6.907864E-01
8.675674E-01
1.000000E+00
1.000000E+00
1.000000E+00
8.128820E-01
6.810832E-01
1.000000E+00
8.139775E-01
8.981037E-01
1.000000E+00
8.669337E-01
8.111126E-01
8.850986E-01
1.000000E+00
1.000000E+00
6.903355E-01
1.000000E+00
7.651993E-01
1.000000E+00
1.000000E+00
8.844162E-01
1.000000E+00
1.000000E+00
1.000000E+00
9.222968E-01
6.913656E-01
5.283108E-01
8.144230E-01
8.833013E-01
1.000000E+00
8.432274E-01
7.624640E-01
1.000000E+00
1.000000E+00
9.338258E-01
5.283108E-01
6.913656E-01
8.676738E-01
1.000000E+00
1.000000E+00
1.000000E+00
8.130943E-01
6.816993E-01
1.000000E+00
8.141873E-01
8.981667E-01
1.000000E+00
8.670411E-01
8.113290E-01
8.851787E-01
1.000000E+00
1.000000E+00
6.806036E-01
1.000000E+00
7.596463E-01
1.000000E+00
7.512311E-01
7.315818E-01
1.000000E+00
9.442105E-01
1.000000E+00
8.279370E-01
6.816993E-01
5.053530E-01
8.109713E-01
8.819457E-01
9.122923E-01
8.407712E-01
3.457141E-01
1.000000E+00
1.000000E+00
9.333921E-01
5.053530E-01
6.816993E-01
8.659281E-01
1.000000E+00
1.000000E+00
1.000000E+00
5.220983E-01
0.000000E+00
1.000000E+00
5.256277E-01
8.971360E-01
1.000000E+00
8.652786E-01
5.163752E-01
8.838666E-01
1.000000E+00
1.000000E+00
6.903355E-01
1.000000E+00
7.651993E-01
1.000000E+00
1.000000E+00
8.844162E-01
1.000000E+00
1.000000E+00
1.000000E+00
9.222968E-01
6.913656E-01
5.283108E-01
8.144230E-01
8.833013E-01
1.000000E+00
8.432274E-01
7.624640E-01
1.000000E+00
1.000000E+00
9.338258E-01
5.283108E-01
6.913656E-01
8.676738E-01
1.000000E+00
1.000000E+00
1.000000E+00
8.130943E-01
6.816993E-01
1.000000E+00
8.141873E-01
8.981667E-01
1.000000E+00
8.670411E-01
8.113290E-01
8.851787E-01
8.464836E-01
8.700784E-01
1.000000E+00
9.467259E-01
1.000000E+00
1.000000E+00
8.139401E-01
1.000000E+00
8.978977E-01
1.000000E+00
8.975280E-01
1.000000E+00
1.000000E+00
1.000000E+00
1.000000E+00
1.000000E+00
9.233515E-01
1.000000E+00
1.000000E+00
1.000000E+00
8.971808E-01
1.000000E+00
1.000000E+00
1.000000E+00
1.000000E+00
8.856038E-01
1.000000E+00
8.671291E-01
1.000000E+00
1.000000E+00
9.394837E-01
1.000000E+00
1.000000E+00
8.866626E-01
1.000000E+00
1.000000E+00
1.000000E+00
1.000000E+00
1.000000E+00
6.903355E-01
1.000000E+00
7.651993E-01
1.000000E+00
1.000000E+00
8.844162E-01
1.000000E+00
1.000000E+00
1.000000E+00
9.222968E-01
6.913656E-01
5.283108E-01
8.144230E-01
8.833013E-01
1.000000E+00
8.432274E-01
7.624640E-01
1.000000E+00
1.000000E+00
9.338258E-01
5.283108E-01
6.913656E-01
8.676738E-01
1.000000E+00
1.000000E+00
1.000000E+00
8.130943E-01
6.816993E-01
1.000000E+00
8.141873E-01
8.981667E-01
1.000000E+00
8.670411E-01
8.113290E-01
8.851787E-01
1.000000E+00
1.000000E+00
5.259005E-01
1.000000E+00
6.814162E-01
1.000000E+00
1.000000E+00
8.672278E-01
1.000000E+00
1.000000E+00
1.000000E+00
9.148896E-01
5.283108E-01
0.000000E+00
7.657289E-01
8.657544E-01
1.000000E+00
8.098363E-01
6.763595E-01
1.000000E+00
1.000000E+00
9.285285E-01
0.000000E+00
5.283108E-01
8.446491E-01
1.000000E+00
1.000000E+00
1.000000E+00
7.636074E-01
5.053530E-01
1.000000E+00
7.653532E-01
8.850565E-01
1.000000E+00
8.437764E-01
7.607764E-01
8.682328E-01
8.142736E-01
8.477293E-01
1.000000E+00
9.433144E-01
1.000000E+00
1.000000E+00
7.644239E-01
1.000000E+00
8.845851E-01
1.000000E+00
7.237317E-01
1.000000E+00
1.000000E+00
1.000000E+00
1.000000E+00
1.000000E+00
9.160853E-01
1.000000E+00
1.000000E+00
1.000000E+00
8.836683E-01
1.000000E+00
1.000000E+00
1.000000E+00
1.000000E+00
8.686259E-01
1.000000E+00
8.436621E-01
1.000000E+00
1.000000E+00
9.350428E-01
1.000000E+00
1.000000E+00
8.700204E-01
1.000000E+00
1.000000E+00
1.000000E+00
1.000000E+00
1.000000E+00
8.430111E-01
9.493345E-01
6.779178E-01
1.000000E+00
1.000000E+00
9.151990E-01
9.110352E-01
9.513971E-01
9.100431E-01
9.375392E-01
8.432763E-01
8.099081E-01
8.827553E-01
9.146003E-01
1.000000E+00
8.949496E-01
8.639541E-01
1.000000E+00
1.000000E+00
9.452121E-01
8.099081E-01
8.432763E-01
9.065216E-01
1.000000E+00
1.000000E+00
1.000000E+00
8.822264E-01
8.408216E-01
1.000000E+00
8.826613E-01
9.228427E-01
1.000000E+00
9.062063E-01
7.246116E-01
9.156101E-01
1.000000E+00
1.000000E+00
6.876842E-01
1.000000E+00
7.636781E-01
1.000000E+00
1.000000E+00
8.840488E-01
1.000000E+00
1.000000E+00
1.000000E+00
9.221309E-01
6.887320E-01
5.221315E-01
8.134741E-01
8.829268E-01
1.000000E+00
8.425508E-01
7.609070E-01
1.000000E+00
1.000000E+00
9.337056E-01
5.221315E-01
6.887320E-01
8.671920E-01
1.000000E+00
1.000000E+00
1.000000E+00
8.121316E-01
6.788974E-01
1.000000E+00
8.132359E-01
8.978816E-01
1.000000E+00
8.665547E-01
8.103480E-01
8.848161E-01
1.000000E+00
1.000000E+00
8.846001E-01
9.544374E-01
8.968556E-01
1.000000E+00
1.000000E+00
9.290174E-01
9.256557E-01
1.000000E+00
1.000000E+00
9.453722E-01
8.847435E-01
8.676594E-01
9.076197E-01
9.285984E-01
1.000000E+00
9.153610E-01
8.963312E-01
1.000000E+00
1.000000E+00
8.943903E-01
8.676594E-01
8.847435E-01
9.230373E-01
1.000000E+00
1.000000E+00
1.000000E+00
9.072916E-01
8.834214E-01
1.000000E+00
9.075613E-01
9.344528E-01
1.000000E+00
9.228237E-01
7.898001E-01
9.293056E-01
1.000000E+00
1.000000E+00
7.697588E-01
1.000000E+00
8.138808E-01
1.000000E+00
1.000000E+00
8.976008E-01
1.000000E+00
1.000000E+00
1.000000E+00
9.284869E-01
7.703288E-01
6.907864E-01
8.462146E-01
8.967267E-01
1.000000E+00
8.665356E-01
8.121663E-01
1.000000E+00
1.000000E+00
9.383690E-01
6.907864E-01
7.703288E-01
8.846737E-01
1.000000E+00
1.000000E+00
1.000000E+00
8.453033E-01
7.650185E-01
1.000000E+00
8.460528E-01
9.085416E-01
1.000000E+00
8.841935E-01
8.440959E-01
8.981997E-01
1.000000E+00
1.000000E+00
1.000000E+00
1.000000E+00
7.537129E-01
1.000000E+00
1.000000E+00
1.000000E+00
1.000000E+00
9.432049E-01
8.772803E-01
1.000000E+00
1.000000E+00
1.000000E+00
1.000000E+00
1.000000E+00
1.000000E+00
1.000000E+00
1.000000E+00
1.000000E+00
1.000000E+00
1.000000E+00
1.000000E+00
1.000000E+00
1.000000E+00
1.000000E+00
1.000000E+00
1.000000E+00
1.000000E+00
1.000000E+00
1.000000E+00
1.000000E+00
1.000000E+00
1.000000E+00
1.000000E+00
1.000000E+00
1.000000E+00
8.980335E-01
9.090093E-01
1.000000E+00
9.019205E-01
1.000000E+00
1.000000E+00
8.846304E-01
1.000000E+00
9.235899E-01
1.000000E+00
9.233831E-01
1.000000E+00
1.000000E+00
1.000000E+00
1.000000E+00
1.000000E+00
9.387995E-01
1.000000E+00
1.000000E+00
1.000000E+00
9.231891E-01
1.000000E+00
1.000000E+00
1.000000E+00
1.000000E+00
9.169072E-01
1.000000E+00
9.075724E-01
1.000000E+00
1.000000E+00
9.495399E-01
1.000000E+00
1.000000E+00
9.174672E-01
1.000000E+00
1.000000E+00
1.000000E+00
1.000000E+00
1.000000E+00
9.164198E-01
1.000000E+00
9.230425E-01
1.000000E+00
1.000000E+00
9.424857E-01
1.000000E+00
1.000000E+00
1.000000E+00
9.537138E-01
9.164950E-01
9.078791E-01
8.438083E-01
9.422110E-01
1.000000E+00
8.547985E-01
9.227510E-01
1.000000E+00
9.393410E-01
9.104050E-01
9.078791E-01
9.164950E-01
9.386215E-01
1.000000E+00
1.000000E+00
1.000000E+00
9.290052E-01
9.158032E-01
1.000000E+00
9.291635E-01
9.461068E-01
1.000000E+00
9.384857E-01
9.287520E-01
9.426751E-01
1.000000E+00
1.000000E+00
6.806036E-01
1.000000E+00
7.596463E-01
1.000000E+00
7.512311E-01
7.315818E-01
1.000000E+00
9.442105E-01
1.000000E+00
8.279370E-01
6.816993E-01
5.053530E-01
8.109713E-01
8.819457E-01
9.122923E-01
8.407712E-01
3.457141E-01
1.000000E+00
1.000000E+00
9.333921E-01
5.053530E-01
6.816993E-01
8.659281E-01
1.000000E+00
1.000000E+00
1.000000E+00
5.220983E-01
0.000000E+00
1.000000E+00
5.256277E-01
8.971360E-01
1.000000E+00
8.652786E-01
5.163752E-01
8.838666E-01
1.000000E+00
1.000000E+00
5.259005E-01
1.000000E+00
6.814162E-01
1.000000E+00
1.000000E+00
8.672278E-01
1.000000E+00
1.000000E+00
1.000000E+00
9.148896E-01
5.283108E-01
0.000000E+00
7.657289E-01
8.657544E-01
1.000000E+00
8.098363E-01
6.763595E-01
1.000000E+00
1.000000E+00
9.285285E-01
0.000000E+00
5.283108E-01
8.446491E-01
1.000000E+00
1.000000E+00
1.000000E+00
7.636074E-01
5.053530E-01
1.000000E+00
7.653532E-01
8.850565E-01
1.000000E+00
8.437764E-01
7.607764E-01
8.682328E-01
