1.000000E+00
8.837569E-01
1.000000E+00
8.843483E-01
9.391935E-01
1.000000E+00
1.000000E+00
8.840318E-01
9.077512E-01
1.000000E+00
1.000000E+00
1.000000E+00
1.000000E+00
8.668860E-01
1.000000E+00
1.000000E+00
1.000000E+00
8.974627E-01
8.970979E-01
1.000000E+00
1.000000E+00
9.339360E-01
1.000000E+00
1.000000E+00
8.965256E-01
9.346512E-01
1.000000E+00
8.844309E-01
1.000000E+00
9.155931E-01
1.000000E+00
9.078603E-01
8.838435E-01
1.000000E+00
9.347172E-01
1.000000E+00
1.000000E+00
1.000000E+00
9.158213E-01
8.841873E-01
9.347220E-01
1.000000E+00
1.000000E+00
1.000000E+00
1.000000E+00
5.100111E-01
1.000000E+00
9.564607E-01
8.434839E-01
9.157226E-01
9.428931E-01
1.000000E+00
1.000000E+00
1.000000E+00
1.000000E+00
1.000000E+00
8.668860E-01
1.000000E+00
9.156856E-01
1.000000E+00
9.389607E-01
8.668860E-01
8.971674E-01
1.000000E+00
8.668860E-01
1.000000E+00
8.102692E-01
1.000000E+00
8.827810E-01
8.837865E-01
1.000000E+00
1.000000E+00
1.000000E+00
   NaN
1.000000E+00
   NaN
1.000000E+00
1.000000E+00
   NaN
   NaN
1.000000E+00
1.000000E+00
1.000000E+00
   NaN
   NaN
   NaN
1.000000E+00
1.000000E+00
   NaN
   NaN
1.000000E+00
1.000000E+00
1.000000E+00
   NaN
1.000000E+00
   NaN
   NaN
1.000000E+00
1.000000E+00
   NaN
1.000000E+00
1.000000E+00
1.000000E+00
1.000000E+00
1.000000E+00
1.000000E+00
1.000000E+00
1.000000E+00
   NaN
   NaN
1.000000E+00
1.000000E+00
1.000000E+00
1.000000E+00
   NaN
   NaN
   NaN
   NaN
1.000000E+00
   NaN
1.000000E+00
1.000000E+00
1.000000E+00
1.000000E+00
   NaN
1.000000E+00
   NaN
   NaN
   NaN
1.000000E+00
   NaN
1.000000E+00
   NaN
1.000000E+00
1.000000E+00
1.000000E+00
   NaN
1.000000E+00
1.000000E+00
1.000000E+00
   NaN
1.000000E+00
1.000000E+00
1.000000E+00
1.000000E+00
   NaN
1.000000E+00
0.000000E+00
1.000000E+00
6.898837E-01
9.092851E-01
1.000000E+00
1.000000E+00
6.875975E-01
8.154367E-01
1.000000E+00
1.000000E+00
1.000000E+00
1.000000E+00
5.216012E-01
1.000000E+00
1.000000E+00
1.000000E+00
7.690796E-01
7.672213E-01
1.000000E+00
1.000000E+00
8.970642E-01
1.000000E+00
1.000000E+00
7.642720E-01
8.987900E-01
1.000000E+00
6.904768E-01
1.000000E+00
8.443657E-01
1.000000E+00
8.158731E-01
6.862276E-01
1.000000E+00
8.989483E-01
1.000000E+00
1.000000E+00
1.000000E+00
8.451398E-01
6.887233E-01
8.989598E-01
1.000000E+00
1.000000E+00
1.000000E+00
1.000000E+00
8.454540E-01
1.000000E+00
9.430060E-01
8.841648E-01
8.448054E-01
9.172799E-01
1.000000E+00
1.000000E+00
1.000000E+00
1.000000E+00
1.000000E+00
5.216012E-01
1.000000E+00
8.446800E-01
1.000000E+00
9.087662E-01
5.216012E-01
7.675764E-01
1.000000E+00
5.216012E-01
1.000000E+00
8.470026E-01
1.000000E+00
9.230593E-01
6.858111E-01
1.000000E+00
1.000000E+00
1.000000E+00
   NaN
1.000000E+00
   NaN
1.000000E+00
1.000000E+00
   NaN
   NaN
1.000000E+00
1.000000E+00
1.000000E+00
   NaN
   NaN
   NaN
1.000000E+00
1.000000E+00
   NaN
   NaN
1.000000E+00
1.000000E+00
1.000000E+00
   NaN
1.000000E+00
   NaN
   NaN
1.000000E+00
1.000000E+00
   NaN
1.000000E+00
1.000000E+00
1.000000E+00
1.000000E+00
1.000000E+00
1.000000E+00
1.000000E+00
1.000000E+00
   NaN
   NaN
1.000000E+00
1.000000E+00
1.000000E+00
1.000000E+00
   NaN
   NaN
   NaN
   NaN
1.000000E+00
   NaN
1.000000E+00
1.000000E+00
1.000000E+00
1.000000E+00
   NaN
1.000000E+00
   NaN
   NaN
   NaN
1.000000E+00
   NaN
1.000000E+00
   NaN
1.000000E+00
1.000000E+00
1.000000E+00
   NaN
1.000000E+00
1.000000E+00
1.000000E+00
   NaN
1.000000E+00
1.000000E+00
1.000000E+00
1.000000E+00
   NaN
1.000000E+00
6.898837E-01
1.000000E+00
0.000000E+00
9.096456E-01
1.000000E+00
1.000000E+00
6.918320E-01
8.169229E-01
1.000000E+00
1.000000E+00
1.000000E+00
1.000000E+00
5.314602E-01
1.000000E+00
1.000000E+00
1.000000E+00
7.714014E-01
7.695804E-01
1.000000E+00
1.000000E+00
8.975282E-01
1.000000E+00
1.000000E+00
7.666910E-01
8.992385E-01
1.000000E+00
6.946341E-01
1.000000E+00
8.454238E-01
1.000000E+00
8.173523E-01
6.904991E-01
1.000000E+00
8.993955E-01
1.000000E+00
1.000000E+00
1.000000E+00
8.461874E-01
6.929275E-01
8.994068E-01
1.000000E+00
1.000000E+00
1.000000E+00
1.000000E+00
8.464975E-01
1.000000E+00
9.431485E-01
8.847520E-01
8.458576E-01
9.175798E-01
1.000000E+00
1.000000E+00
1.000000E+00
1.000000E+00
1.000000E+00
5.314602E-01
1.000000E+00
8.457339E-01
1.000000E+00
9.091308E-01
5.314602E-01
7.699285E-01
1.000000E+00
5.314602E-01
1.000000E+00
8.480253E-01
1.000000E+00
9.233188E-01
6.900938E-01
1.000000E+00
1.000000E+00
1.000000E+00
1.000000E+00
9.092851E-01
1.000000E+00
9.096456E-01
0.000000E+00
1.000000E+00
1.000000E+00
9.094526E-01
9.245917E-01
1.000000E+00
1.000000E+00
1.000000E+00
1.000000E+00
8.993280E-01
1.000000E+00
1.000000E+00
1.000000E+00
8.071795E-01
9.176200E-01
1.000000E+00
1.000000E+00
9.430450E-01
1.000000E+00
1.000000E+00
9.172536E-01
9.435774E-01
1.000000E+00
9.096961E-01
1.000000E+00
9.299143E-01
9.268902E-01
9.246646E-01
9.093379E-01
9.495026E-01
9.436266E-01
1.000000E+00
1.000000E+00
9.495110E-01
9.300718E-01
9.095474E-01
9.436302E-01
1.000000E+00
1.000000E+00
1.000000E+00
1.000000E+00
9.301359E-01
1.000000E+00
9.606123E-01
9.393053E-01
9.300037E-01
9.498292E-01
1.000000E+00
1.000000E+00
1.000000E+00
1.000000E+00
1.000000E+00
8.993280E-01
1.000000E+00
9.299782E-01
1.000000E+00
9.468192E-01
8.993280E-01
9.176645E-01
1.000000E+00
8.993280E-01
1.000000E+00
9.304541E-01
1.000000E+00
9.520153E-01
9.093031E-01
1.000000E+00
1.000000E+00
1.000000E+00
   NaN
1.000000E+00
   NaN
1.000000E+00
1.000000E+00
   NaN
   NaN
1.000000E+00
1.000000E+00
1.000000E+00
   NaN
   NaN
   NaN
1.000000E+00
1.000000E+00
   NaN
   NaN
1.000000E+00
1.000000E+00
1.000000E+00
   NaN
1.000000E+00
   NaN
   NaN
1.000000E+00
1.000000E+00
   NaN
1.000000E+00
1.000000E+00
1.000000E+00
1.000000E+00
1.000000E+00
1.000000E+00
1.000000E+00
1.000000E+00
   NaN
   NaN
1.000000E+00
1.000000E+00
1.000000E+00
1.000000E+00
   NaN
   NaN
   NaN
   NaN
1.000000E+00
   NaN
1.000000E+00
1.000000E+00
1.000000E+00
1.000000E+00
   NaN
1.000000E+00
   NaN
   NaN
   NaN
1.000000E+00
   NaN
1.000000E+00
   NaN
1.000000E+00
1.000000E+00
1.000000E+00
   NaN
1.000000E+00
1.000000E+00
1.000000E+00
   NaN
1.000000E+00
1.000000E+00
1.000000E+00
1.000000E+00
   NaN
   NaN
1.000000E+00
   NaN
1.000000E+00
1.000000E+00
   NaN
   NaN
1.000000E+00
1.000000E+00
1.000000E+00
   NaN
   NaN
   NaN
1.000000E+00
1.000000E+00
   NaN
   NaN
1.000000E+00
1.000000E+00
1.000000E+00
   NaN
1.000000E+00
   NaN
   NaN
1.000000E+00
1.000000E+00
   NaN
1.000000E+00
1.000000E+00
1.000000E+00
1.000000E+00
1.000000E+00
1.000000E+00
1.000000E+00
1.000000E+00
   NaN
   NaN
1.000000E+00
1.000000E+00
1.000000E+00
1.000000E+00
   NaN
   NaN
   NaN
   NaN
1.000000E+00
   NaN
1.000000E+00
1.000000E+00
1.000000E+00
1.000000E+00
   NaN
1.000000E+00
   NaN
   NaN
   NaN
1.000000E+00
   NaN
1.000000E+00
   NaN
1.000000E+00
1.000000E+00
1.000000E+00
   NaN
1.000000E+00
1.000000E+00
1.000000E+00
   NaN
1.000000E+00
1.000000E+00
1.000000E+00
1.000000E+00
   NaN
1.000000E+00
6.875975E-01
1.000000E+00
6.918320E-01
9.094526E-01
1.000000E+00
1.000000E+00
0.000000E+00
8.161285E-01
1.000000E+00
1.000000E+00
1.000000E+00
1.000000E+00
5.262218E-01
1.000000E+00
1.000000E+00
1.000000E+00
3.485899E-01
7.683207E-01
1.000000E+00
1.000000E+00
8.972798E-01
1.000000E+00
1.000000E+00
7.653994E-01
8.989984E-01
1.000000E+00
6.924177E-01
1.000000E+00
8.448579E-01
1.000000E+00
8.165617E-01
6.882220E-01
1.000000E+00
8.991561E-01
1.000000E+00
1.000000E+00
1.000000E+00
8.456271E-01
6.906862E-01
8.991675E-01
1.000000E+00
1.000000E+00
1.000000E+00
1.000000E+00
8.459394E-01
1.000000E+00
9.430721E-01
8.844377E-01
8.452949E-01
9.174192E-01
1.000000E+00
1.000000E+00
1.000000E+00
1.000000E+00
1.000000E+00
5.262218E-01
1.000000E+00
8.451702E-01
1.000000E+00
9.089355E-01
5.262218E-01
7.686725E-01
1.000000E+00
5.262218E-01
1.000000E+00
8.474783E-01
1.000000E+00
9.231798E-01
6.878107E-01
1.000000E+00
1.000000E+00
1.000000E+00
1.000000E+00
8.154367E-01
1.000000E+00
8.169229E-01
9.245917E-01
1.000000E+00
1.000000E+00
8.161285E-01
0.000000E+00
1.000000E+00
1.000000E+00
1.000000E+00
1.000000E+00
7.689405E-01
1.000000E+00
1.000000E+00
1.000000E+00
8.477485E-01
8.469429E-01
1.000000E+00
1.000000E+00
9.163346E-01
1.000000E+00
1.000000E+00
8.456733E-01
9.174783E-01
1.000000E+00
8.171298E-01
1.000000E+00
8.845652E-01
1.000000E+00
8.695984E-01
8.156548E-01
1.000000E+00
9.175836E-01
1.000000E+00
1.000000E+00
1.000000E+00
8.849916E-01
8.165191E-01
9.175912E-01
1.000000E+00
1.000000E+00
1.000000E+00
1.000000E+00
8.851650E-01
1.000000E+00
9.494523E-01
9.080082E-01
8.848073E-01
9.301995E-01
1.000000E+00
1.000000E+00
1.000000E+00
1.000000E+00
1.000000E+00
7.689405E-01
1.000000E+00
8.847382E-01
1.000000E+00
9.242334E-01
7.689405E-01
8.470965E-01
1.000000E+00
7.689405E-01
1.000000E+00
8.860222E-01
1.000000E+00
9.343600E-01
8.155111E-01
1.000000E+00
1.000000E+00
1.000000E+00
1.000000E+00
1.000000E+00
1.000000E+00
1.000000E+00
1.000000E+00
1.000000E+00
1.000000E+00
1.000000E+00
1.000000E+00
0.000000E+00
1.000000E+00
1.000000E+00
1.000000E+00
1.000000E+00
9.152538E-01
1.000000E+00
1.000000E+00
1.000000E+00
1.000000E+00
7.627731E-01
1.000000E+00
1.000000E+00
1.000000E+00
1.000000E+00
1.000000E+00
1.000000E+00
1.000000E+00
1.000000E+00
1.000000E+00
1.000000E+00
1.000000E+00
1.000000E+00
1.000000E+00
9.147565E-01
1.000000E+00
1.000000E+00
1.000000E+00
9.147811E-01
1.000000E+00
1.000000E+00
1.000000E+00
1.000000E+00
1.000000E+00
1.000000E+00
1.000000E+00
1.000000E+00
1.000000E+00
1.000000E+00
1.000000E+00
1.000000E+00
1.000000E+00
1.000000E+00
8.461818E-01
1.000000E+00
1.000000E+00
1.000000E+00
1.000000E+00
1.000000E+00
1.000000E+00
1.000000E+00
1.000000E+00
1.000000E+00
1.000000E+00
1.000000E+00
1.000000E+00
8.442065E-01
1.000000E+00
1.000000E+00
1.000000E+00
1.000000E+00
1.000000E+00
1.000000E+00
1.000000E+00
   NaN
1.000000E+00
   NaN
1.000000E+00
1.000000E+00
   NaN
   NaN
1.000000E+00
1.000000E+00
1.000000E+00
   NaN
   NaN
   NaN
1.000000E+00
1.000000E+00
   NaN
   NaN
1.000000E+00
1.000000E+00
1.000000E+00
   NaN
1.000000E+00
   NaN
   NaN
1.000000E+00
1.000000E+00
   NaN
1.000000E+00
1.000000E+00
1.000000E+00
1.000000E+00
1.000000E+00
1.000000E+00
1.000000E+00
1.000000E+00
   NaN
   NaN
1.000000E+00
1.000000E+00
1.000000E+00
1.000000E+00
   NaN
   NaN
   NaN
   NaN
1.000000E+00
   NaN
1.000000E+00
1.000000E+00
1.000000E+00
1.000000E+00
   NaN
1.000000E+00
   NaN
   NaN
   NaN
1.000000E+00
   NaN
1.000000E+00
   NaN
1.000000E+00
1.000000E+00
1.000000E+00
   NaN
1.000000E+00
1.000000E+00
1.000000E+00
   NaN
1.000000E+00
1.000000E+00
1.000000E+00
1.000000E+00
   NaN
   NaN
1.000000E+00
   NaN
1.000000E+00
1.000000E+00
   NaN
   NaN
1.000000E+00
1.000000E+00
1.000000E+00
   NaN
   NaN
   NaN
1.000000E+00
1.000000E+00
   NaN
   NaN
1.000000E+00
1.000000E+00
1.000000E+00
   NaN
1.000000E+00
   NaN
   NaN
1.000000E+00
1.000000E+00
   NaN
1.000000E+00
1.000000E+00
1.000000E+00
1.000000E+00
1.000000E+00
1.000000E+00
1.000000E+00
1.000000E+00
   NaN
   NaN
1.000000E+00
1.000000E+00
1.000000E+00
1.000000E+00
   NaN
   NaN
   NaN
   NaN
1.000000E+00
   NaN
1.000000E+00
1.000000E+00
1.000000E+00
1.000000E+00
   NaN
1.000000E+00
   NaN
   NaN
   NaN
1.000000E+00
   NaN
1.000000E+00
   NaN
1.000000E+00
1.000000E+00
1.000000E+00
   NaN
1.000000E+00
1.000000E+00
1.000000E+00
   NaN
1.000000E+00
1.000000E+00
1.000000E+00
1.000000E+00
   NaN
   NaN
1.000000E+00
   NaN
1.000000E+00
1.000000E+00
   NaN
   NaN
1.000000E+00
1.000000E+00
1.000000E+00
   NaN
   NaN
   NaN
1.000000E+00
1.000000E+00
   NaN
   NaN
1.000000E+00
1.000000E+00
1.000000E+00
   NaN
1.000000E+00
   NaN
   NaN
1.000000E+00
1.000000E+00
   NaN
1.000000E+00
1.000000E+00
1.000000E+00
1.000000E+00
1.000000E+00
1.000000E+00
1.000000E+00
1.000000E+00
   NaN
   NaN
1.000000E+00
1.000000E+00
1.000000E+00
1.000000E+00
   NaN
   NaN
   NaN
   NaN
1.000000E+00
   NaN
1.000000E+00
1.000000E+00
1.000000E+00
1.000000E+00
   NaN
1.000000E+00
   NaN
   NaN
   NaN
1.000000E+00
   NaN
1.000000E+00
   NaN
1.000000E+00
1.000000E+00
1.000000E+00
   NaN
1.000000E+00
1.000000E+00
1.000000E+00
   NaN
1.000000E+00
1.000000E+00
1.000000E+00
1.000000E+00
   NaN
1.000000E+00
5.216012E-01
1.000000E+00
5.314602E-01
8.993280E-01
1.000000E+00
1.000000E+00
5.262218E-01
7.689405E-01
1.000000E+00
1.000000E+00
1.000000E+00
1.000000E+00
0.000000E+00
1.000000E+00
1.000000E+00
1.000000E+00
6.913761E-01
6.880478E-01
1.000000E+00
1.000000E+00
8.840511E-01
1.000000E+00
1.000000E+00
6.827281E-01
8.862361E-01
1.000000E+00
5.328129E-01
1.000000E+00
8.125590E-01
1.000000E+00
7.696240E-01
5.230641E-01
1.000000E+00
8.864362E-01
1.000000E+00
1.000000E+00
1.000000E+00
8.136806E-01
5.288064E-01
8.864506E-01
1.000000E+00
1.000000E+00
1.000000E+00
1.000000E+00
8.141354E-01
1.000000E+00
9.392297E-01
8.674206E-01
8.131965E-01
9.090798E-01
1.000000E+00
1.000000E+00
1.000000E+00
1.000000E+00
1.000000E+00
0.000000E+00
1.000000E+00
8.130147E-01
1.000000E+00
8.986884E-01
0.000000E+00
6.886853E-01
1.000000E+00
0.000000E+00
1.000000E+00
8.163706E-01
1.000000E+00
9.160138E-01
5.221010E-01
1.000000E+00
1.000000E+00
1.000000E+00
1.000000E+00
1.000000E+00
1.000000E+00
1.000000E+00
1.000000E+00
1.000000E+00
1.000000E+00
1.000000E+00
1.000000E+00
9.152538E-01
1.000000E+00
1.000000E+00
1.000000E+00
1.000000E+00
0.000000E+00
1.000000E+00
1.000000E+00
1.000000E+00
1.000000E+00
9.334013E-01
1.000000E+00
1.000000E+00
1.000000E+00
1.000000E+00
9.231906E-01
9.450455E-01
1.000000E+00
1.000000E+00
1.000000E+00
1.000000E+00
8.705719E-01
1.000000E+00
1.000000E+00
9.041442E-01
9.465803E-01
1.000000E+00
1.000000E+00
9.556235E-01
1.000000E+00
1.000000E+00
8.854729E-01
1.000000E+00
1.000000E+00
1.000000E+00
1.000000E+00
1.000000E+00
1.000000E+00
8.713869E-01
9.413535E-01
7.725916E-01
9.518927E-01
1.000000E+00
9.422003E-01
1.000000E+00
1.000000E+00
1.000000E+00
1.000000E+00
1.000000E+00
9.334928E-01
1.000000E+00
1.000000E+00
1.000000E+00
1.000000E+00
1.000000E+00
1.000000E+00
9.419236E-01
1.000000E+00
1.000000E+00
9.525140E-01
1.000000E+00
1.000000E+00
1.000000E+00
1.000000E+00
   NaN
1.000000E+00
   NaN
1.000000E+00
1.000000E+00
   NaN
   NaN
1.000000E+00
1.000000E+00
1.000000E+00
   NaN
   NaN
   NaN
1.000000E+00
1.000000E+00
   NaN
   NaN
1.000000E+00
1.000000E+00
1.000000E+00
   NaN
1.000000E+00
   NaN
   NaN
1.000000E+00
1.000000E+00
   NaN
1.000000E+00
1.000000E+00
1.000000E+00
1.000000E+00
1.000000E+00
1.000000E+00
1.000000E+00
1.000000E+00
   NaN
   NaN
1.000000E+00
1.000000E+00
1.000000E+00
1.000000E+00
   NaN
   NaN
   NaN
   NaN
1.000000E+00
   NaN
1.000000E+00
1.000000E+00
1.000000E+00
1.000000E+00
   NaN
1.000000E+00
   NaN
   NaN
   NaN
1.000000E+00
   NaN
1.000000E+00
   NaN
1.000000E+00
1.000000E+00
1.000000E+00
   NaN
1.000000E+00
1.000000E+00
1.000000E+00
   NaN
1.000000E+00
1.000000E+00
1.000000E+00
1.000000E+00
   NaN
   NaN
1.000000E+00
   NaN
1.000000E+00
1.000000E+00
   NaN
   NaN
1.000000E+00
1.000000E+00
1.000000E+00
   NaN
   NaN
   NaN
1.000000E+00
1.000000E+00
   NaN
   NaN
1.000000E+00
1.000000E+00
1.000000E+00
   NaN
1.000000E+00
   NaN
   NaN
1.000000E+00
1.000000E+00
   NaN
1.000000E+00
1.000000E+00
1.000000E+00
1.000000E+00
1.000000E+00
1.000000E+00
1.000000E+00
1.000000E+00
   NaN
   NaN
1.000000E+00
1.000000E+00
1.000000E+00
1.000000E+00
   NaN
   NaN
   NaN
   NaN
1.000000E+00
   NaN
1.000000E+00
1.000000E+00
1.000000E+00
1.000000E+00
   NaN
1.000000E+00
   NaN
   NaN
   NaN
1.000000E+00
   NaN
1.000000E+00
   NaN
1.000000E+00
1.000000E+00
1.000000E+00
   NaN
1.000000E+00
1.000000E+00
1.000000E+00
   NaN
1.000000E+00
1.000000E+00
1.000000E+00
1.000000E+00
   NaN
1.000000E+00
7.690796E-01
1.000000E+00
7.714014E-01
8.071795E-01
1.000000E+00
1.000000E+00
3.485899E-01
8.477485E-01
1.000000E+00
1.000000E+00
1.000000E+00
1.000000E+00
6.913761E-01
1.000000E+00
1.000000E+00
1.000000E+00
0.000000E+00
8.163725E-01
1.000000E+00
1.000000E+00
9.079586E-01
1.000000E+00
1.000000E+00
8.145421E-01
9.093409E-01
1.000000E+00
7.717239E-01
1.000000E+00
8.679903E-01
8.710072E-01
8.480456E-01
7.694209E-01
1.000000E+00
9.094679E-01
1.000000E+00
1.000000E+00
1.000000E+00
8.685476E-01
7.707715E-01
9.094771E-01
1.000000E+00
1.000000E+00
1.000000E+00
1.000000E+00
8.687741E-01
1.000000E+00
9.465114E-01
8.977802E-01
8.683068E-01
9.244647E-01
1.000000E+00
1.000000E+00
1.000000E+00
1.000000E+00
1.000000E+00
6.913761E-01
1.000000E+00
8.682165E-01
1.000000E+00
9.174286E-01
6.913761E-01
8.165936E-01
1.000000E+00
6.913761E-01
1.000000E+00
8.698923E-01
1.000000E+00
9.293132E-01
7.691961E-01
1.000000E+00
1.000000E+00
1.000000E+00
1.000000E+00
7.672213E-01
1.000000E+00
7.695804E-01
9.176200E-01
1.000000E+00
1.000000E+00
7.683207E-01
8.469429E-01
1.000000E+00
1.000000E+00
1.000000E+00
1.000000E+00
6.880478E-01
1.000000E+00
1.000000E+00
1.000000E+00
8.163725E-01
0.000000E+00
1.000000E+00
1.000000E+00
9.076648E-01
1.000000E+00
1.000000E+00
8.133454E-01
9.090558E-01
1.000000E+00
7.699081E-01
1.000000E+00
8.673851E-01
1.000000E+00
8.472431E-01
7.675682E-01
1.000000E+00
9.091837E-01
1.000000E+00
1.000000E+00
1.000000E+00
8.679475E-01
7.689405E-01
9.091930E-01
1.000000E+00
1.000000E+00
1.000000E+00
1.000000E+00
8.681761E-01
1.000000E+00
9.464123E-01
8.974177E-01
8.677045E-01
9.242670E-01
1.000000E+00
1.000000E+00
1.000000E+00
1.000000E+00
1.000000E+00
6.880478E-01
1.000000E+00
8.676134E-01
1.000000E+00
9.171922E-01
6.880478E-01
8.154233E-01
1.000000E+00
6.880478E-01
1.000000E+00
8.693045E-01
1.000000E+00
9.291400E-01
7.673397E-01
1.000000E+00
1.000000E+00
1.000000E+00
1.000000E+00
1.000000E+00
1.000000E+00
1.000000E+00
1.000000E+00
1.000000E+00
1.000000E+00
1.000000E+00
1.000000E+00
7.627731E-01
1.000000E+00
1.000000E+00
1.000000E+00
1.000000E+00
9.334013E-01
1.000000E+00
1.000000E+00
1.000000E+00
1.000000E+00
0.000000E+00
1.000000E+00
1.000000E+00
1.000000E+00
1.000000E+00
1.000000E+00
1.000000E+00
1.000000E+00
1.000000E+00
1.000000E+00
1.000000E+00
1.000000E+00
1.000000E+00
1.000000E+00
9.330946E-01
1.000000E+00
1.000000E+00
1.000000E+00
9.331097E-01
8.816016E-01
1.000000E+00
1.000000E+00
1.000000E+00
1.000000E+00
1.000000E+00
1.000000E+00
1.000000E+00
1.000000E+00
1.000000E+00
1.000000E+00
1.000000E+00
1.000000E+00
1.000000E+00
7.555851E-01
1.000000E+00
1.000000E+00
1.000000E+00
1.000000E+00
1.000000E+00
8.813400E-01
1.000000E+00
1.000000E+00
1.000000E+00
1.000000E+00
1.000000E+00
1.000000E+00
8.962023E-01
1.000000E+00
1.000000E+00
1.000000E+00
1.000000E+00
1.000000E+00
1.000000E+00
1.000000E+00
   NaN
1.000000E+00
   NaN
1.000000E+00
1.000000E+00
   NaN
   NaN
1.000000E+00
1.000000E+00
1.000000E+00
   NaN
   NaN
   NaN
1.000000E+00
1.000000E+00
   NaN
   NaN
1.000000E+00
1.000000E+00
1.000000E+00
   NaN
1.000000E+00
   NaN
   NaN
1.000000E+00
1.000000E+00
   NaN
1.000000E+00
1.000000E+00
1.000000E+00
1.000000E+00
1.000000E+00
1.000000E+00
1.000000E+00
1.000000E+00
   NaN
   NaN
1.000000E+00
1.000000E+00
1.000000E+00
1.000000E+00
   NaN
   NaN
   NaN
   NaN
1.000000E+00
   NaN
1.000000E+00
1.000000E+00
1.000000E+00
1.000000E+00
   NaN
1.000000E+00
   NaN
   NaN
   NaN
1.000000E+00
   NaN
1.000000E+00
   NaN
1.000000E+00
1.000000E+00
1.000000E+00
   NaN
1.000000E+00
1.000000E+00
1.000000E+00
   NaN
1.000000E+00
1.000000E+00
1.000000E+00
1.000000E+00
   NaN
1.000000E+00
8.970642E-01
1.000000E+00
8.975282E-01
9.430450E-01
1.000000E+00
1.000000E+00
8.972798E-01
9.163346E-01
1.000000E+00
1.000000E+00
1.000000E+00
1.000000E+00
8.840511E-01
1.000000E+00
1.000000E+00
1.000000E+00
9.079586E-01
9.076648E-01
1.000000E+00
1.000000E+00
0.000000E+00
1.000000E+00
1.000000E+00
9.072043E-01
8.660256E-01
1.000000E+00
8.975930E-01
1.000000E+00
9.228365E-01
1.000000E+00
9.164244E-01
8.971321E-01
9.460776E-01
8.647562E-01
1.000000E+00
1.000000E+00
9.460872E-01
9.230273E-01
8.974018E-01
9.391403E-01
1.000000E+00
1.000000E+00
1.000000E+00
1.000000E+00
9.231050E-01
1.000000E+00
8.577641E-01
9.340680E-01
9.229448E-01
9.463034E-01
1.000000E+00
1.000000E+00
1.000000E+00
1.000000E+00
1.000000E+00
8.840511E-01
1.000000E+00
9.229139E-01
1.000000E+00
9.428409E-01
8.840511E-01
9.077208E-01
1.000000E+00
8.840511E-01
1.000000E+00
9.234903E-01
1.000000E+00
8.206133E-01
8.970874E-01
9.248819E-01
1.000000E+00
1.000000E+00
   NaN
1.000000E+00
   NaN
1.000000E+00
1.000000E+00
   NaN
   NaN
1.000000E+00
1.000000E+00
1.000000E+00
   NaN
   NaN
   NaN
1.000000E+00
1.000000E+00
   NaN
   NaN
1.000000E+00
1.000000E+00
1.000000E+00
   NaN
1.000000E+00
   NaN
   NaN
1.000000E+00
1.000000E+00
   NaN
1.000000E+00
1.000000E+00
1.000000E+00
1.000000E+00
1.000000E+00
1.000000E+00
1.000000E+00
1.000000E+00
   NaN
   NaN
1.000000E+00
1.000000E+00
1.000000E+00
1.000000E+00
   NaN
   NaN
   NaN
   NaN
1.000000E+00
   NaN
1.000000E+00
1.000000E+00
1.000000E+00
1.000000E+00
   NaN
1.000000E+00
   NaN
   NaN
   NaN
1.000000E+00
   NaN
1.000000E+00
   NaN
1.000000E+00
1.000000E+00
1.000000E+00
   NaN
1.000000E+00
1.000000E+00
1.000000E+00
   NaN
1.000000E+00
1.000000E+00
1.000000E+00
1.000000E+00
   NaN
   NaN
1.000000E+00
   NaN
1.000000E+00
1.000000E+00
   NaN
   NaN
1.000000E+00
1.000000E+00
1.000000E+00
   NaN
   NaN
   NaN
1.000000E+00
1.000000E+00
   NaN
   NaN
1.000000E+00
1.000000E+00
1.000000E+00
   NaN
1.000000E+00
   NaN
   NaN
1.000000E+00
1.000000E+00
   NaN
1.000000E+00
1.000000E+00
1.000000E+00
1.000000E+00
1.000000E+00
1.000000E+00
1.000000E+00
1.000000E+00
   NaN
   NaN
1.000000E+00
1.000000E+00
1.000000E+00
1.000000E+00
   NaN
   NaN
   NaN
   NaN
1.000000E+00
   NaN
1.000000E+00
1.000000E+00
1.000000E+00
1.000000E+00
   NaN
1.000000E+00
   NaN
   NaN
   NaN
1.000000E+00
   NaN
1.000000E+00
   NaN
1.000000E+00
1.000000E+00
1.000000E+00
   NaN
1.000000E+00
1.000000E+00
1.000000E+00
   NaN
1.000000E+00
1.000000E+00
1.000000E+00
1.000000E+00
   NaN
1.000000E+00
7.642720E-01
1.000000E+00
7.666910E-01
9.172536E-01
1.000000E+00
1.000000E+00
7.653994E-01
8.456733E-01
1.000000E+00
1.000000E+00
1.000000E+00
1.000000E+00
6.827281E-01
9.231906E-01
1.000000E+00
1.000000E+00
8.145421E-01
8.133454E-01
1.000000E+00
1.000000E+00
9.072043E-01
1.000000E+00
1.000000E+00
0.000000E+00
7.879881E-01
1.000000E+00
7.670269E-01
1.000000E+00
8.664330E-01
8.749540E-01
8.459785E-01
7.646277E-01
1.000000E+00
9.087382E-01
1.000000E+00
1.000000E+00
1.000000E+00
8.670036E-01
7.660348E-01
7.883448E-01
1.000000E+00
1.000000E+00
1.000000E+00
1.000000E+00
8.672354E-01
1.000000E+00
8.807554E-01
7.572541E-01
6.744199E-01
9.239574E-01
1.000000E+00
1.000000E+00
1.000000E+00
1.000000E+00
1.000000E+00
6.827281E-01
1.000000E+00
6.741555E-01
1.000000E+00
9.168220E-01
6.827281E-01
8.135739E-01
1.000000E+00
6.827281E-01
1.000000E+00
8.683799E-01
1.000000E+00
7.352864E-01
7.643934E-01
1.000000E+00
1.000000E+00
1.000000E+00
1.000000E+00
8.987900E-01
1.000000E+00
8.992385E-01
9.435774E-01
1.000000E+00
1.000000E+00
8.989984E-01
9.174783E-01
1.000000E+00
1.000000E+00
1.000000E+00
1.000000E+00
8.862361E-01
9.450455E-01
1.000000E+00
1.000000E+00
9.093409E-01
9.090558E-01
1.000000E+00
1.000000E+00
8.660256E-01
1.000000E+00
1.000000E+00
7.879881E-01
0.000000E+00
1.000000E+00
8.993012E-01
1.000000E+00
9.238104E-01
9.240970E-01
9.175657E-01
8.988556E-01
9.465293E-01
9.397436E-01
1.000000E+00
1.000000E+00
9.465387E-01
9.239964E-01
8.991163E-01
8.652970E-01
1.000000E+00
1.000000E+00
1.000000E+00
1.000000E+00
9.240721E-01
1.000000E+00
8.576218E-01
8.533425E-01
8.267052E-01
9.467768E-01
1.000000E+00
1.000000E+00
1.000000E+00
1.000000E+00
1.000000E+00
8.862361E-01
1.000000E+00
8.266304E-01
1.000000E+00
9.433770E-01
8.862361E-01
9.091101E-01
1.000000E+00
8.862361E-01
1.000000E+00
9.244478E-01
1.000000E+00
8.207207E-01
8.988124E-01
1.000000E+00
1.000000E+00
1.000000E+00
   NaN
1.000000E+00
   NaN
1.000000E+00
1.000000E+00
   NaN
   NaN
1.000000E+00
1.000000E+00
1.000000E+00
   NaN
   NaN
   NaN
1.000000E+00
1.000000E+00
   NaN
   NaN
1.000000E+00
1.000000E+00
1.000000E+00
   NaN
1.000000E+00
   NaN
   NaN
1.000000E+00
1.000000E+00
   NaN
1.000000E+00
1.000000E+00
1.000000E+00
1.000000E+00
1.000000E+00
1.000000E+00
1.000000E+00
1.000000E+00
   NaN
   NaN
1.000000E+00
1.000000E+00
1.000000E+00
1.000000E+00
   NaN
   NaN
   NaN
   NaN
1.000000E+00
   NaN
1.000000E+00
1.000000E+00
1.000000E+00
1.000000E+00
   NaN
1.000000E+00
   NaN
   NaN
   NaN
1.000000E+00
   NaN
1.000000E+00
   NaN
1.000000E+00
1.000000E+00
1.000000E+00
   NaN
1.000000E+00
1.000000E+00
1.000000E+00
   NaN
1.000000E+00
1.000000E+00
1.000000E+00
1.000000E+00
   NaN
1.000000E+00
6.904768E-01
1.000000E+00
6.946341E-01
9.096961E-01
1.000000E+00
1.000000E+00
6.924177E-01
8.171298E-01
1.000000E+00
1.000000E+00
1.000000E+00
1.000000E+00
5.328129E-01
1.000000E+00
1.000000E+00
1.000000E+00
7.717239E-01
7.699081E-01
1.000000E+00
1.000000E+00
8.975930E-01
1.000000E+00
1.000000E+00
7.670269E-01
8.993012E-01
1.000000E+00
0.000000E+00
1.000000E+00
8.455713E-01
1.000000E+00
8.175582E-01
6.910899E-01
1.000000E+00
8.994580E-01
1.000000E+00
1.000000E+00
1.000000E+00
8.463335E-01
6.935091E-01
8.994693E-01
1.000000E+00
1.000000E+00
1.000000E+00
1.000000E+00
8.466429E-01
1.000000E+00
9.431685E-01
8.848340E-01
8.460043E-01
9.176217E-01
1.000000E+00
1.000000E+00
1.000000E+00
1.000000E+00
1.000000E+00
5.328129E-01
1.000000E+00
8.458808E-01
1.000000E+00
9.091818E-01
5.328129E-01
7.702551E-01
1.000000E+00
5.328129E-01
1.000000E+00
8.481679E-01
1.000000E+00
9.233552E-01
6.906862E-01
1.000000E+00
1.000000E+00
1.000000E+00
1.000000E+00
1.000000E+00
1.000000E+00
1.000000E+00
1.000000E+00
1.000000E+00
1.000000E+00
1.000000E+00
1.000000E+00
1.000000E+00
1.000000E+00
1.000000E+00
1.000000E+00
1.000000E+00
1.000000E+00
1.000000E+00
1.000000E+00
1.000000E+00
1.000000E+00
1.000000E+00
1.000000E+00
1.000000E+00
1.000000E+00
1.000000E+00
1.000000E+00
1.000000E+00
1.000000E+00
1.000000E+00
0.000000E+00
1.000000E+00
1.000000E+00
1.000000E+00
1.000000E+00
1.000000E+00
1.000000E+00
1.000000E+00
1.000000E+00
1.000000E+00
8.551358E-01
1.000000E+00
1.000000E+00
1.000000E+00
1.000000E+00
1.000000E+00
1.000000E+00
1.000000E+00
1.000000E+00
1.000000E+00
1.000000E+00
1.000000E+00
9.166782E-01
1.000000E+00
1.000000E+00
1.000000E+00
1.000000E+00
1.000000E+00
1.000000E+00
1.000000E+00
1.000000E+00
1.000000E+00
9.089278E-01
1.000000E+00
1.000000E+00
1.000000E+00
1.000000E+00
1.000000E+00
1.000000E+00
1.000000E+00
1.000000E+00
1.000000E+00
1.000000E+00
1.000000E+00
1.000000E+00
1.000000E+00
8.443657E-01
1.000000E+00
8.454238E-01
9.299143E-01
1.000000E+00
1.000000E+00
8.448579E-01
8.845652E-01
1.000000E+00
1.000000E+00
1.000000E+00
1.000000E+00
8.125590E-01
1.000000E+00
1.000000E+00
1.000000E+00
8.679903E-01
8.673851E-01
1.000000E+00
1.000000E+00
9.228365E-01
1.000000E+00
1.000000E+00
8.664330E-01
9.238104E-01
1.000000E+00
8.455713E-01
1.000000E+00
0.000000E+00
1.000000E+00
8.847361E-01
8.445208E-01
1.000000E+00
9.239002E-01
1.000000E+00
1.000000E+00
1.000000E+00
8.969300E-01
8.451360E-01
9.239067E-01
1.000000E+00
1.000000E+00
1.000000E+00
1.000000E+00
8.970693E-01
1.000000E+00
9.519009E-01
9.158083E-01
8.967820E-01
9.347840E-01
1.000000E+00
1.000000E+00
1.000000E+00
1.000000E+00
1.000000E+00
8.125590E-01
1.000000E+00
8.967265E-01
1.000000E+00
9.296050E-01
8.125590E-01
8.675004E-01
1.000000E+00
8.125590E-01
1.000000E+00
8.977585E-01
1.000000E+00
8.647779E-01
8.444186E-01
1.000000E+00
1.000000E+00
1.000000E+00
1.000000E+00
1.000000E+00
1.000000E+00
1.000000E+00
9.268902E-01
1.000000E+00
1.000000E+00
1.000000E+00
1.000000E+00
1.000000E+00
1.000000E+00
1.000000E+00
1.000000E+00
1.000000E+00
8.705719E-01
1.000000E+00
1.000000E+00
8.710072E-01
1.000000E+00
1.000000E+00
1.000000E+00
1.000000E+00
1.000000E+00
1.000000E+00
8.749540E-01
9.240970E-01
1.000000E+00
1.000000E+00
1.000000E+00
1.000000E+00
0.000000E+00
8.873214E-01
1.000000E+00
1.000000E+00
8.363100E-01
1.000000E+00
1.000000E+00
1.000000E+00
1.000000E+00
1.000000E+00
8.383881E-01
1.000000E+00
1.000000E+00
1.000000E+00
1.000000E+00
1.000000E+00
1.000000E+00
8.973879E-01
9.168684E-01
7.817192E-01
9.360276E-01
1.000000E+00
1.000000E+00
1.000000E+00
1.000000E+00
1.000000E+00
1.000000E+00
1.000000E+00
9.001377E-01
1.000000E+00
9.277725E-01
1.000000E+00
1.000000E+00
1.000000E+00
1.000000E+00
1.000000E+00
1.000000E+00
1.000000E+00
9.376429E-01
1.000000E+00
1.000000E+00
1.000000E+00
1.000000E+00
1.000000E+00
8.158731E-01
1.000000E+00
8.173523E-01
9.246646E-01
1.000000E+00
1.000000E+00
8.165617E-01
8.695984E-01
1.000000E+00
1.000000E+00
1.000000E+00
1.000000E+00
7.696240E-01
1.000000E+00
1.000000E+00
1.000000E+00
8.480456E-01
8.472431E-01
1.000000E+00
1.000000E+00
9.164244E-01
1.000000E+00
1.000000E+00
8.459785E-01
9.175657E-01
1.000000E+00
8.175582E-01
1.000000E+00
8.847361E-01
8.873214E-01
0.000000E+00
8.160902E-01
1.000000E+00
8.085371E-01
1.000000E+00
1.000000E+00
1.000000E+00
8.851612E-01
8.169504E-01
9.176784E-01
1.000000E+00
1.000000E+00
1.000000E+00
1.000000E+00
8.853341E-01
1.000000E+00
9.494851E-01
9.081168E-01
8.849775E-01
9.302620E-01
1.000000E+00
1.000000E+00
1.000000E+00
1.000000E+00
1.000000E+00
7.696240E-01
1.000000E+00
8.849086E-01
1.000000E+00
8.253895E-01
7.696240E-01
8.473961E-01
1.000000E+00
7.696240E-01
8.894943E-01
8.861888E-01
1.000000E+00
9.344153E-01
8.159472E-01
1.000000E+00
1.000000E+00
1.000000E+00
1.000000E+00
6.862276E-01
1.000000E+00
6.904991E-01
9.093379E-01
1.000000E+00
1.000000E+00
6.882220E-01
8.156548E-01
1.000000E+00
1.000000E+00
1.000000E+00
1.000000E+00
5.230641E-01
1.000000E+00
1.000000E+00
1.000000E+00
7.694209E-01
7.675682E-01
1.000000E+00
1.000000E+00
8.971321E-01
1.000000E+00
1.000000E+00
7.646277E-01
8.988556E-01
1.000000E+00
6.910899E-01
1.000000E+00
8.445208E-01
1.000000E+00
8.160902E-01
0.000000E+00
1.000000E+00
8.990138E-01
1.000000E+00
1.000000E+00
1.000000E+00
8.452934E-01
6.893433E-01
8.990252E-01
1.000000E+00
1.000000E+00
1.000000E+00
1.000000E+00
8.456070E-01
1.000000E+00
9.430268E-01
8.842508E-01
8.449597E-01
9.173238E-01
1.000000E+00
1.000000E+00
1.000000E+00
1.000000E+00
1.000000E+00
5.230641E-01
1.000000E+00
8.448345E-01
1.000000E+00
9.088195E-01
5.230641E-01
7.679223E-01
1.000000E+00
5.230641E-01
1.000000E+00
8.471525E-01
1.000000E+00
9.230973E-01
6.864427E-01
1.000000E+00
1.000000E+00
1.000000E+00
1.000000E+00
1.000000E+00
1.000000E+00
1.000000E+00
9.495026E-01
1.000000E+00
1.000000E+00
1.000000E+00
1.000000E+00
9.147565E-01
1.000000E+00
1.000000E+00
1.000000E+00
1.000000E+00
9.041442E-01
1.000000E+00
1.000000E+00
1.000000E+00
1.000000E+00
9.330946E-01
1.000000E+00
9.460776E-01
1.000000E+00
1.000000E+00
1.000000E+00
9.465293E-01
1.000000E+00
1.000000E+00
1.000000E+00
1.000000E+00
1.000000E+00
1.000000E+00
1.000000E+00
0.000000E+00
1.000000E+00
1.000000E+00
1.000000E+00
8.500969E-01
9.308842E-01
1.000000E+00
1.000000E+00
1.000000E+00
1.000000E+00
1.000000E+00
1.000000E+00
1.000000E+00
1.000000E+00
9.164325E-01
1.000000E+00
9.333865E-01
1.000000E+00
1.000000E+00
8.705032E-01
1.000000E+00
1.000000E+00
1.000000E+00
1.000000E+00
1.000000E+00
1.000000E+00
1.000000E+00
9.467785E-01
1.000000E+00
1.000000E+00
1.000000E+00
1.000000E+00
8.698385E-01
1.000000E+00
1.000000E+00
9.538086E-01
1.000000E+00
1.000000E+00
1.000000E+00
1.000000E+00
1.000000E+00
8.989483E-01
1.000000E+00
8.993955E-01
9.436266E-01
1.000000E+00
1.000000E+00
8.991561E-01
9.175836E-01
1.000000E+00
1.000000E+00
1.000000E+00
1.000000E+00
8.864362E-01
9.465803E-01
1.000000E+00
1.000000E+00
9.094679E-01
9.091837E-01
1.000000E+00
1.000000E+00
8.647562E-01
1.000000E+00
1.000000E+00
9.087382E-01
9.397436E-01
1.000000E+00
8.994580E-01
1.000000E+00
9.239002E-01
8.363100E-01
8.085371E-01
8.990138E-01
1.000000E+00
0.000000E+00
1.000000E+00
1.000000E+00
1.000000E+00
9.240857E-01
8.992737E-01
8.674803E-01
1.000000E+00
1.000000E+00
1.000000E+00
1.000000E+00
9.241613E-01
1.000000E+00
9.111696E-01
9.348461E-01
8.296508E-01
8.838510E-01
1.000000E+00
1.000000E+00
1.000000E+00
1.000000E+00
1.000000E+00
8.864362E-01
1.000000E+00
9.239754E-01
1.000000E+00
8.724576E-01
8.864362E-01
9.092378E-01
1.000000E+00
8.864362E-01
1.000000E+00
9.245361E-01
1.000000E+00
9.492704E-01
8.989707E-01
1.000000E+00
1.000000E+00
1.000000E+00
   NaN
1.000000E+00
   NaN
1.000000E+00
1.000000E+00
   NaN
   NaN
1.000000E+00
1.000000E+00
1.000000E+00
   NaN
   NaN
   NaN
1.000000E+00
1.000000E+00
   NaN
   NaN
1.000000E+00
1.000000E+00
1.000000E+00
   NaN
1.000000E+00
   NaN
   NaN
1.000000E+00
1.000000E+00
   NaN
1.000000E+00
1.000000E+00
1.000000E+00
1.000000E+00
1.000000E+00
1.000000E+00
1.000000E+00
1.000000E+00
   NaN
   NaN
1.000000E+00
1.000000E+00
1.000000E+00
1.000000E+00
   NaN
   NaN
   NaN
   NaN
1.000000E+00
   NaN
1.000000E+00
1.000000E+00
1.000000E+00
1.000000E+00
   NaN
1.000000E+00
   NaN
   NaN
   NaN
1.000000E+00
   NaN
1.000000E+00
   NaN
1.000000E+00
1.000000E+00
1.000000E+00
   NaN
1.000000E+00
1.000000E+00
1.000000E+00
   NaN
1.000000E+00
1.000000E+00
1.000000E+00
1.000000E+00
   NaN
   NaN
1.000000E+00
   NaN
1.000000E+00
1.000000E+00
   NaN
   NaN
1.000000E+00
1.000000E+00
1.000000E+00
   NaN
   NaN
   NaN
1.000000E+00
1.000000E+00
   NaN
   NaN
1.000000E+00
1.000000E+00
1.000000E+00
   NaN
1.000000E+00
   NaN
   NaN
1.000000E+00
1.000000E+00
   NaN
1.000000E+00
1.000000E+00
1.000000E+00
1.000000E+00
1.000000E+00
1.000000E+00
1.000000E+00
1.000000E+00
   NaN
   NaN
1.000000E+00
1.000000E+00
1.000000E+00
1.000000E+00
   NaN
   NaN
   NaN
   NaN
1.000000E+00
   NaN
1.000000E+00
1.000000E+00
1.000000E+00
1.000000E+00
   NaN
1.000000E+00
   NaN
   NaN
   NaN
1.000000E+00
   NaN
1.000000E+00
   NaN
1.000000E+00
1.000000E+00
1.000000E+00
   NaN
1.000000E+00
1.000000E+00
1.000000E+00
   NaN
1.000000E+00
1.000000E+00
1.000000E+00
1.000000E+00
   NaN
1.000000E+00
1.000000E+00
1.000000E+00
1.000000E+00
9.495110E-01
1.000000E+00
1.000000E+00
1.000000E+00
1.000000E+00
9.147811E-01
1.000000E+00
1.000000E+00
1.000000E+00
1.000000E+00
9.556235E-01
1.000000E+00
1.000000E+00
1.000000E+00
1.000000E+00
9.331097E-01
1.000000E+00
9.460872E-01
1.000000E+00
1.000000E+00
1.000000E+00
9.465387E-01
1.000000E+00
1.000000E+00
1.000000E+00
1.000000E+00
1.000000E+00
1.000000E+00
1.000000E+00
8.500969E-01
1.000000E+00
1.000000E+00
1.000000E+00
0.000000E+00
1.000000E+00
1.000000E+00
1.000000E+00
1.000000E+00
1.000000E+00
1.000000E+00
1.000000E+00
1.000000E+00
1.000000E+00
9.614700E-01
1.000000E+00
1.000000E+00
1.000000E+00
1.000000E+00
9.419808E-01
1.000000E+00
1.000000E+00
1.000000E+00
1.000000E+00
1.000000E+00
1.000000E+00
1.000000E+00
1.000000E+00
1.000000E+00
1.000000E+00
1.000000E+00
1.000000E+00
9.417020E-01
1.000000E+00
1.000000E+00
9.538156E-01
1.000000E+00
1.000000E+00
1.000000E+00
1.000000E+00
1.000000E+00
8.451398E-01
1.000000E+00
8.461874E-01
9.300718E-01
1.000000E+00
1.000000E+00
8.456271E-01
8.849916E-01
1.000000E+00
1.000000E+00
1.000000E+00
1.000000E+00
8.136806E-01
1.000000E+00
1.000000E+00
1.000000E+00
8.685476E-01
8.679475E-01
8.816016E-01
1.000000E+00
9.230273E-01
1.000000E+00
1.000000E+00
8.670036E-01
9.239964E-01
1.000000E+00
8.463335E-01
8.551358E-01
8.969300E-01
1.000000E+00
8.851612E-01
8.452934E-01
9.308842E-01
9.240857E-01
1.000000E+00
1.000000E+00
1.000000E+00
0.000000E+00
8.459025E-01
9.240922E-01
1.000000E+00
1.000000E+00
1.000000E+00
1.000000E+00
8.974084E-01
1.000000E+00
9.519751E-01
9.160354E-01
8.971230E-01
8.524316E-01
1.000000E+00
1.000000E+00
1.000000E+00
1.000000E+00
1.000000E+00
8.136806E-01
1.000000E+00
7.667868E-01
1.000000E+00
8.397557E-01
8.136806E-01
8.680619E-01
1.000000E+00
8.136806E-01
1.000000E+00
8.980931E-01
1.000000E+00
9.385517E-01
8.451922E-01
1.000000E+00
1.000000E+00
1.000000E+00
1.000000E+00
6.887233E-01
1.000000E+00
6.929275E-01
9.095474E-01
1.000000E+00
1.000000E+00
6.906862E-01
8.165191E-01
1.000000E+00
1.000000E+00
1.000000E+00
1.000000E+00
5.288064E-01
1.000000E+00
1.000000E+00
1.000000E+00
7.707715E-01
7.689405E-01
1.000000E+00
1.000000E+00
8.974018E-01
1.000000E+00
1.000000E+00
7.660348E-01
8.991163E-01
1.000000E+00
6.935091E-01
1.000000E+00
8.451360E-01
1.000000E+00
8.169504E-01
6.893433E-01
1.000000E+00
8.992737E-01
1.000000E+00
1.000000E+00
1.000000E+00
8.459025E-01
0.000000E+00
8.992851E-01
1.000000E+00
1.000000E+00
1.000000E+00
1.000000E+00
8.462137E-01
1.000000E+00
9.431096E-01
8.845921E-01
8.455715E-01
9.174981E-01
1.000000E+00
1.000000E+00
1.000000E+00
1.000000E+00
1.000000E+00
5.288064E-01
1.000000E+00
8.454473E-01
1.000000E+00
9.090315E-01
5.288064E-01
7.692904E-01
1.000000E+00
5.288064E-01
1.000000E+00
8.477471E-01
1.000000E+00
9.232481E-01
6.889350E-01
1.000000E+00
1.000000E+00
1.000000E+00
1.000000E+00
8.989598E-01
1.000000E+00
8.994068E-01
9.436302E-01
1.000000E+00
1.000000E+00
8.991675E-01
9.175912E-01
1.000000E+00
1.000000E+00
1.000000E+00
1.000000E+00
8.864506E-01
8.854729E-01
1.000000E+00
1.000000E+00
9.094771E-01
9.091930E-01
1.000000E+00
1.000000E+00
9.391403E-01
1.000000E+00
1.000000E+00
7.883448E-01
8.652970E-01
1.000000E+00
8.994693E-01
1.000000E+00
9.239067E-01
8.383881E-01
9.176784E-01
8.990252E-01
1.000000E+00
8.674803E-01
1.000000E+00
1.000000E+00
1.000000E+00
9.240922E-01
8.992851E-01
0.000000E+00
1.000000E+00
1.000000E+00
1.000000E+00
1.000000E+00
9.241678E-01
1.000000E+00
8.575525E-01
8.535133E-01
7.139140E-01
8.838584E-01
1.000000E+00
1.000000E+00
1.000000E+00
1.000000E+00
1.000000E+00
8.864506E-01
1.000000E+00
8.268690E-01
1.000000E+00
9.434302E-01
8.864506E-01
9.092471E-01
1.000000E+00
8.864506E-01
1.000000E+00
9.245425E-01
1.000000E+00
8.878379E-01
8.989821E-01
1.000000E+00
1.000000E+00
1.000000E+00
   NaN
1.000000E+00
   NaN
1.000000E+00
1.000000E+00
   NaN
   NaN
1.000000E+00
1.000000E+00
1.000000E+00
   NaN
   NaN
   NaN
1.000000E+00
1.000000E+00
   NaN
   NaN
1.000000E+00
1.000000E+00
1.000000E+00
   NaN
1.000000E+00
   NaN
   NaN
1.000000E+00
1.000000E+00
   NaN
1.000000E+00
1.000000E+00
1.000000E+00
1.000000E+00
1.000000E+00
1.000000E+00
1.000000E+00
1.000000E+00
   NaN
   NaN
1.000000E+00
1.000000E+00
1.000000E+00
1.000000E+00
   NaN
   NaN
   NaN
   NaN
1.000000E+00
   NaN
1.000000E+00
1.000000E+00
1.000000E+00
1.000000E+00
   NaN
1.000000E+00
   NaN
   NaN
   NaN
1.000000E+00
   NaN
1.000000E+00
   NaN
1.000000E+00
1.000000E+00
1.000000E+00
   NaN
1.000000E+00
1.000000E+00
1.000000E+00
   NaN
1.000000E+00
1.000000E+00
1.000000E+00
1.000000E+00
   NaN
   NaN
1.000000E+00
   NaN
1.000000E+00
1.000000E+00
   NaN
   NaN
1.000000E+00
1.000000E+00
1.000000E+00
   NaN
   NaN
   NaN
1.000000E+00
1.000000E+00
   NaN
   NaN
1.000000E+00
1.000000E+00
1.000000E+00
   NaN
1.000000E+00
   NaN
   NaN
1.000000E+00
1.000000E+00
   NaN
1.000000E+00
1.000000E+00
1.000000E+00
1.000000E+00
1.000000E+00
1.000000E+00
1.000000E+00
1.000000E+00
   NaN
   NaN
1.000000E+00
1.000000E+00
1.000000E+00
1.000000E+00
   NaN
   NaN
   NaN
   NaN
1.000000E+00
   NaN
1.000000E+00
1.000000E+00
1.000000E+00
1.000000E+00
   NaN
1.000000E+00
   NaN
   NaN
   NaN
1.000000E+00
   NaN
1.000000E+00
   NaN
1.000000E+00
1.000000E+00
1.000000E+00
   NaN
1.000000E+00
1.000000E+00
1.000000E+00
   NaN
1.000000E+00
1.000000E+00
1.000000E+00
1.000000E+00
   NaN
   NaN
1.000000E+00
   NaN
1.000000E+00
1.000000E+00
   NaN
   NaN
1.000000E+00
1.000000E+00
1.000000E+00
   NaN
   NaN
   NaN
1.000000E+00
1.000000E+00
   NaN
   NaN
1.000000E+00
1.000000E+00
1.000000E+00
   NaN
1.000000E+00
   NaN
   NaN
1.000000E+00
1.000000E+00
   NaN
1.000000E+00
1.000000E+00
1.000000E+00
1.000000E+00
1.000000E+00
1.000000E+00
1.000000E+00
1.000000E+00
   NaN
   NaN
1.000000E+00
1.000000E+00
1.000000E+00
1.000000E+00
   NaN
   NaN
   NaN
   NaN
1.000000E+00
   NaN
1.000000E+00
1.000000E+00
1.000000E+00
1.000000E+00
   NaN
1.000000E+00
   NaN
   NaN
   NaN
1.000000E+00
   NaN
1.000000E+00
   NaN
1.000000E+00
1.000000E+00
1.000000E+00
   NaN
1.000000E+00
1.000000E+00
1.000000E+00
   NaN
1.000000E+00
1.000000E+00
1.000000E+00
1.000000E+00
   NaN
   NaN
1.000000E+00
   NaN
1.000000E+00
1.000000E+00
   NaN
   NaN
1.000000E+00
1.000000E+00
1.000000E+00
   NaN
   NaN
   NaN
1.000000E+00
1.000000E+00
   NaN
   NaN
1.000000E+00
1.000000E+00
1.000000E+00
   NaN
1.000000E+00
   NaN
   NaN
1.000000E+00
1.000000E+00
   NaN
1.000000E+00
1.000000E+00
1.000000E+00
1.000000E+00
1.000000E+00
1.000000E+00
1.000000E+00
1.000000E+00
   NaN
   NaN
1.000000E+00
1.000000E+00
1.000000E+00
1.000000E+00
   NaN
   NaN
   NaN
   NaN
1.000000E+00
   NaN
1.000000E+00
1.000000E+00
1.000000E+00
1.000000E+00
   NaN
1.000000E+00
   NaN
   NaN
   NaN
1.000000E+00
   NaN
1.000000E+00
   NaN
1.000000E+00
1.000000E+00
1.000000E+00
   NaN
1.000000E+00
1.000000E+00
1.000000E+00
   NaN
1.000000E+00
1.000000E+00
1.000000E+00
1.000000E+00
   NaN
1.000000E+00
8.454540E-01
1.000000E+00
8.464975E-01
9.301359E-01
1.000000E+00
1.000000E+00
8.459394E-01
8.851650E-01
1.000000E+00
1.000000E+00
1.000000E+00
1.000000E+00
8.141354E-01
1.000000E+00
1.000000E+00
1.000000E+00
8.687741E-01
8.681761E-01
1.000000E+00
1.000000E+00
9.231050E-01
1.000000E+00
1.000000E+00
8.672354E-01
9.240721E-01
1.000000E+00
8.466429E-01
1.000000E+00
8.970693E-01
1.000000E+00
8.853341E-01
8.456070E-01
1.000000E+00
9.241613E-01
1.000000E+00
1.000000E+00
1.000000E+00
8.974084E-01
8.462137E-01
9.241678E-01
1.000000E+00
1.000000E+00
1.000000E+00
1.000000E+00
0.000000E+00
1.000000E+00
9.520053E-01
9.161278E-01
8.972618E-01
9.349759E-01
1.000000E+00
1.000000E+00
1.000000E+00
1.000000E+00
1.000000E+00
8.141354E-01
1.000000E+00
8.972068E-01
1.000000E+00
9.298285E-01
8.141354E-01
8.682901E-01
1.000000E+00
8.141354E-01
1.000000E+00
7.640881E-01
1.000000E+00
9.386013E-01
8.455062E-01
1.000000E+00
1.000000E+00
1.000000E+00
   NaN
1.000000E+00
   NaN
1.000000E+00
1.000000E+00
   NaN
   NaN
1.000000E+00
1.000000E+00
1.000000E+00
   NaN
   NaN
   NaN
1.000000E+00
1.000000E+00
   NaN
   NaN
1.000000E+00
1.000000E+00
1.000000E+00
   NaN
1.000000E+00
   NaN
   NaN
1.000000E+00
1.000000E+00
   NaN
1.000000E+00
1.000000E+00
1.000000E+00
1.000000E+00
1.000000E+00
1.000000E+00
1.000000E+00
1.000000E+00
   NaN
   NaN
1.000000E+00
1.000000E+00
1.000000E+00
1.000000E+00
   NaN
   NaN
   NaN
   NaN
1.000000E+00
   NaN
1.000000E+00
1.000000E+00
1.000000E+00
1.000000E+00
   NaN
1.000000E+00
   NaN
   NaN
   NaN
1.000000E+00
   NaN
1.000000E+00
   NaN
1.000000E+00
1.000000E+00
1.000000E+00
   NaN
1.000000E+00
1.000000E+00
1.000000E+00
   NaN
1.000000E+00
1.000000E+00
1.000000E+00
1.000000E+00
   NaN
1.000000E+00
9.430060E-01
1.000000E+00
9.431485E-01
9.606123E-01
1.000000E+00
1.000000E+00
9.430721E-01
9.494523E-01
1.000000E+00
1.000000E+00
1.000000E+00
1.000000E+00
9.392297E-01
8.713869E-01
1.000000E+00
1.000000E+00
9.465114E-01
9.464123E-01
1.000000E+00
1.000000E+00
8.577641E-01
1.000000E+00
1.000000E+00
8.807554E-01
8.576218E-01
1.000000E+00
9.431685E-01
1.000000E+00
9.519009E-01
8.973879E-01
9.494851E-01
9.430268E-01
9.164325E-01
9.111696E-01
1.000000E+00
1.000000E+00
9.614700E-01
9.519751E-01
9.431096E-01
8.575525E-01
1.000000E+00
1.000000E+00
1.000000E+00
1.000000E+00
9.520053E-01
1.000000E+00
0.000000E+00
9.046531E-01
8.311871E-01
9.188413E-01
1.000000E+00
1.000000E+00
1.000000E+00
1.000000E+00
1.000000E+00
9.392297E-01
1.000000E+00
8.284813E-01
1.000000E+00
9.605148E-01
9.392297E-01
8.802570E-01
1.000000E+00
9.392297E-01
1.000000E+00
9.521557E-01
1.000000E+00
8.752194E-01
9.430131E-01
1.000000E+00
1.000000E+00
1.000000E+00
1.000000E+00
8.841648E-01
1.000000E+00
8.847520E-01
9.393053E-01
1.000000E+00
1.000000E+00
8.844377E-01
9.080082E-01
1.000000E+00
1.000000E+00
1.000000E+00
1.000000E+00
8.674206E-01
9.413535E-01
1.000000E+00
1.000000E+00
8.977802E-01
8.974177E-01
1.000000E+00
1.000000E+00
9.340680E-01
1.000000E+00
1.000000E+00
7.572541E-01
8.533425E-01
1.000000E+00
8.848340E-01
1.000000E+00
9.158083E-01
9.168684E-01
9.081168E-01
8.842508E-01
1.000000E+00
9.348461E-01
1.000000E+00
1.000000E+00
1.000000E+00
9.160354E-01
8.845921E-01
8.535133E-01
1.000000E+00
1.000000E+00
1.000000E+00
1.000000E+00
9.161278E-01
1.000000E+00
9.046531E-01
0.000000E+00
8.067010E-01
9.429917E-01
1.000000E+00
1.000000E+00
1.000000E+00
1.000000E+00
1.000000E+00
8.674206E-01
1.000000E+00
8.066079E-01
1.000000E+00
8.634205E-01
8.674206E-01
8.974867E-01
1.000000E+00
8.674206E-01
1.000000E+00
9.165860E-01
1.000000E+00
8.084648E-01
8.841941E-01
1.000000E+00
1.000000E+00
1.000000E+00
1.000000E+00
8.448054E-01
1.000000E+00
8.458576E-01
9.300037E-01
1.000000E+00
1.000000E+00
8.452949E-01
8.848073E-01
1.000000E+00
1.000000E+00
1.000000E+00
1.000000E+00
8.131965E-01
7.725916E-01
1.000000E+00
1.000000E+00
8.683068E-01
8.677045E-01
1.000000E+00
1.000000E+00
9.229448E-01
1.000000E+00
1.000000E+00
6.744199E-01
8.267052E-01
1.000000E+00
8.460043E-01
1.000000E+00
8.967820E-01
7.817192E-01
8.849775E-01
8.449597E-01
9.333865E-01
8.296508E-01
1.000000E+00
1.000000E+00
1.000000E+00
8.971230E-01
8.455715E-01
7.139140E-01
1.000000E+00
1.000000E+00
1.000000E+00
1.000000E+00
8.972618E-01
1.000000E+00
8.311871E-01
8.067010E-01
0.000000E+00
8.557919E-01
1.000000E+00
1.000000E+00
1.000000E+00
1.000000E+00
1.000000E+00
8.131965E-01
1.000000E+00
7.574433E-01
1.000000E+00
9.296951E-01
8.131965E-01
8.678193E-01
1.000000E+00
8.131965E-01
1.000000E+00
8.979485E-01
1.000000E+00
8.623053E-01
8.448581E-01
1.000000E+00
1.000000E+00
1.000000E+00
1.000000E+00
9.172799E-01
1.000000E+00
9.175798E-01
9.498292E-01
1.000000E+00
1.000000E+00
9.174192E-01
9.301995E-01
1.000000E+00
1.000000E+00
1.000000E+00
1.000000E+00
9.090798E-01
9.518927E-01
1.000000E+00
1.000000E+00
9.244647E-01
9.242670E-01
1.000000E+00
1.000000E+00
9.463034E-01
1.000000E+00
1.000000E+00
9.239574E-01
9.467768E-01
1.000000E+00
9.176217E-01
9.166782E-01
9.347840E-01
9.360276E-01
9.302620E-01
9.173238E-01
1.000000E+00
8.838510E-01
1.000000E+00
1.000000E+00
1.000000E+00
8.524316E-01
9.174981E-01
8.838584E-01
1.000000E+00
1.000000E+00
1.000000E+00
1.000000E+00
9.349759E-01
1.000000E+00
9.188413E-01
9.429917E-01
8.557919E-01
0.000000E+00
1.000000E+00
1.000000E+00
1.000000E+00
1.000000E+00
1.000000E+00
9.090798E-01
1.000000E+00
9.348393E-01
1.000000E+00
8.878471E-01
9.090798E-01
9.243046E-01
1.000000E+00
9.090798E-01
1.000000E+00
9.352516E-01
1.000000E+00
9.543491E-01
9.172949E-01
1.000000E+00
1.000000E+00
1.000000E+00
   NaN
1.000000E+00
   NaN
1.000000E+00
1.000000E+00
   NaN
   NaN
1.000000E+00
1.000000E+00
1.000000E+00
   NaN
   NaN
   NaN
1.000000E+00
1.000000E+00
   NaN
   NaN
1.000000E+00
1.000000E+00
1.000000E+00
   NaN
1.000000E+00
   NaN
   NaN
1.000000E+00
1.000000E+00
   NaN
1.000000E+00
1.000000E+00
1.000000E+00
1.000000E+00
1.000000E+00
1.000000E+00
1.000000E+00
1.000000E+00
   NaN
   NaN
1.000000E+00
1.000000E+00
1.000000E+00
1.000000E+00
   NaN
   NaN
   NaN
   NaN
1.000000E+00
   NaN
1.000000E+00
1.000000E+00
1.000000E+00
1.000000E+00
   NaN
1.000000E+00
   NaN
   NaN
   NaN
1.000000E+00
   NaN
1.000000E+00
   NaN
1.000000E+00
1.000000E+00
1.000000E+00
   NaN
1.000000E+00
1.000000E+00
1.000000E+00
   NaN
1.000000E+00
1.000000E+00
1.000000E+00
1.000000E+00
   NaN
1.000000E+00
1.000000E+00
1.000000E+00
1.000000E+00
1.000000E+00
1.000000E+00
1.000000E+00
1.000000E+00
1.000000E+00
8.461818E-01
1.000000E+00
1.000000E+00
1.000000E+00
1.000000E+00
9.422003E-01
1.000000E+00
1.000000E+00
1.000000E+00
1.000000E+00
7.555851E-01
1.000000E+00
1.000000E+00
1.000000E+00
1.000000E+00
1.000000E+00
1.000000E+00
1.000000E+00
1.000000E+00
1.000000E+00
1.000000E+00
1.000000E+00
1.000000E+00
1.000000E+00
8.705032E-01
1.000000E+00
1.000000E+00
1.000000E+00
9.419808E-01
1.000000E+00
1.000000E+00
1.000000E+00
1.000000E+00
1.000000E+00
1.000000E+00
1.000000E+00
1.000000E+00
1.000000E+00
1.000000E+00
1.000000E+00
1.000000E+00
1.000000E+00
1.000000E+00
0.000000E+00
1.000000E+00
1.000000E+00
1.000000E+00
1.000000E+00
1.000000E+00
1.000000E+00
1.000000E+00
1.000000E+00
1.000000E+00
1.000000E+00
1.000000E+00
1.000000E+00
8.069799E-01
1.000000E+00
1.000000E+00
1.000000E+00
1.000000E+00
1.000000E+00
1.000000E+00
1.000000E+00
   NaN
1.000000E+00
   NaN
1.000000E+00
1.000000E+00
   NaN
   NaN
1.000000E+00
1.000000E+00
1.000000E+00
   NaN
   NaN
   NaN
1.000000E+00
1.000000E+00
   NaN
   NaN
1.000000E+00
1.000000E+00
1.000000E+00
   NaN
1.000000E+00
   NaN
   NaN
1.000000E+00
1.000000E+00
   NaN
1.000000E+00
1.000000E+00
1.000000E+00
1.000000E+00
1.000000E+00
1.000000E+00
1.000000E+00
1.000000E+00
   NaN
   NaN
1.000000E+00
1.000000E+00
1.000000E+00
1.000000E+00
   NaN
   NaN
   NaN
   NaN
1.000000E+00
   NaN
1.000000E+00
1.000000E+00
1.000000E+00
1.000000E+00
   NaN
1.000000E+00
   NaN
   NaN
   NaN
1.000000E+00
   NaN
1.000000E+00
   NaN
1.000000E+00
1.000000E+00
1.000000E+00
   NaN
1.000000E+00
1.000000E+00
1.000000E+00
   NaN
1.000000E+00
1.000000E+00
1.000000E+00
1.000000E+00
   NaN
   NaN
1.000000E+00
   NaN
1.000000E+00
1.000000E+00
   NaN
   NaN
1.000000E+00
1.000000E+00
1.000000E+00
   NaN
   NaN
   NaN
1.000000E+00
1.000000E+00
   NaN
   NaN
1.000000E+00
1.000000E+00
1.000000E+00
   NaN
1.000000E+00
   NaN
   NaN
1.000000E+00
1.000000E+00
   NaN
1.000000E+00
1.000000E+00
1.000000E+00
1.000000E+00
1.000000E+00
1.000000E+00
1.000000E+00
1.000000E+00
   NaN
   NaN
1.000000E+00
1.000000E+00
1.000000E+00
1.000000E+00
   NaN
   NaN
   NaN
   NaN
1.000000E+00
   NaN
1.000000E+00
1.000000E+00
1.000000E+00
1.000000E+00
   NaN
1.000000E+00
   NaN
   NaN
   NaN
1.000000E+00
   NaN
1.000000E+00
   NaN
1.000000E+00
1.000000E+00
1.000000E+00
   NaN
1.000000E+00
1.000000E+00
1.000000E+00
   NaN
1.000000E+00
1.000000E+00
1.000000E+00
1.000000E+00
   NaN
   NaN
1.000000E+00
   NaN
1.000000E+00
1.000000E+00
   NaN
   NaN
1.000000E+00
1.000000E+00
1.000000E+00
   NaN
   NaN
   NaN
1.000000E+00
1.000000E+00
   NaN
   NaN
1.000000E+00
1.000000E+00
1.000000E+00
   NaN
1.000000E+00
   NaN
   NaN
1.000000E+00
1.000000E+00
   NaN
1.000000E+00
1.000000E+00
1.000000E+00
1.000000E+00
1.000000E+00
1.000000E+00
1.000000E+00
1.000000E+00
   NaN
   NaN
1.000000E+00
1.000000E+00
1.000000E+00
1.000000E+00
   NaN
   NaN
   NaN
   NaN
1.000000E+00
   NaN
1.000000E+00
1.000000E+00
1.000000E+00
1.000000E+00
   NaN
1.000000E+00
   NaN
   NaN
   NaN
1.000000E+00
   NaN
1.000000E+00
   NaN
1.000000E+00
1.000000E+00
1.000000E+00
   NaN
1.000000E+00
1.000000E+00
1.000000E+00
   NaN
1.000000E+00
1.000000E+00
1.000000E+00
1.000000E+00
   NaN
1.000000E+00
5.216012E-01
1.000000E+00
5.314602E-01
8.993280E-01
1.000000E+00
1.000000E+00
5.262218E-01
7.689405E-01
1.000000E+00
1.000000E+00
1.000000E+00
1.000000E+00
0.000000E+00
1.000000E+00
1.000000E+00
1.000000E+00
6.913761E-01
6.880478E-01
1.000000E+00
1.000000E+00
8.840511E-01
1.000000E+00
1.000000E+00
6.827281E-01
8.862361E-01
1.000000E+00
5.328129E-01
1.000000E+00
8.125590E-01
1.000000E+00
7.696240E-01
5.230641E-01
1.000000E+00
8.864362E-01
1.000000E+00
1.000000E+00
1.000000E+00
8.136806E-01
5.288064E-01
8.864506E-01
1.000000E+00
1.000000E+00
1.000000E+00
1.000000E+00
8.141354E-01
1.000000E+00
9.392297E-01
8.674206E-01
8.131965E-01
9.090798E-01
1.000000E+00
1.000000E+00
1.000000E+00
1.000000E+00
1.000000E+00
0.000000E+00
1.000000E+00
8.130147E-01
1.000000E+00
8.986884E-01
0.000000E+00
6.886853E-01
1.000000E+00
0.000000E+00
1.000000E+00
8.163706E-01
1.000000E+00
9.160138E-01
5.221010E-01
1.000000E+00
1.000000E+00
1.000000E+00
   NaN
1.000000E+00
   NaN
1.000000E+00
1.000000E+00
   NaN
   NaN
1.000000E+00
1.000000E+00
1.000000E+00
   NaN
   NaN
   NaN
1.000000E+00
1.000000E+00
   NaN
   NaN
1.000000E+00
1.000000E+00
1.000000E+00
   NaN
1.000000E+00
   NaN
   NaN
1.000000E+00
1.000000E+00
   NaN
1.000000E+00
1.000000E+00
1.000000E+00
1.000000E+00
1.000000E+00
1.000000E+00
1.000000E+00
1.000000E+00
   NaN
   NaN
1.000000E+00
1.000000E+00
1.000000E+00
1.000000E+00
   NaN
   NaN
   NaN
   NaN
1.000000E+00
   NaN
1.000000E+00
1.000000E+00
1.000000E+00
1.000000E+00
   NaN
1.000000E+00
   NaN
   NaN
   NaN
1.000000E+00
   NaN
1.000000E+00
   NaN
1.000000E+00
1.000000E+00
1.000000E+00
   NaN
1.000000E+00
1.000000E+00
1.000000E+00
   NaN
1.000000E+00
1.000000E+00
1.000000E+00
1.000000E+00
   NaN
1.000000E+00
8.446800E-01
1.000000E+00
8.457339E-01
9.299782E-01
1.000000E+00
1.000000E+00
8.451702E-01
8.847382E-01
1.000000E+00
1.000000E+00
1.000000E+00
1.000000E+00
8.130147E-01
9.334928E-01
1.000000E+00
1.000000E+00
8.682165E-01
8.676134E-01
8.813400E-01
1.000000E+00
9.229139E-01
1.000000E+00
1.000000E+00
6.741555E-01
8.266304E-01
1.000000E+00
8.458808E-01
1.000000E+00
8.967265E-01
9.001377E-01
8.849086E-01
8.448345E-01
1.000000E+00
9.239754E-01
1.000000E+00
1.000000E+00
1.000000E+00
7.667868E-01
8.454473E-01
8.268690E-01
1.000000E+00
1.000000E+00
1.000000E+00
1.000000E+00
8.972068E-01
1.000000E+00
8.284813E-01
8.066079E-01
7.574433E-01
9.348393E-01
1.000000E+00
1.000000E+00
1.000000E+00
1.000000E+00
1.000000E+00
8.130147E-01
1.000000E+00
0.000000E+00
1.000000E+00
9.296694E-01
8.130147E-01
6.742737E-01
1.000000E+00
8.130147E-01
1.000000E+00
8.978942E-01
1.000000E+00
8.622580E-01
8.447327E-01
1.000000E+00
1.000000E+00
1.000000E+00
   NaN
1.000000E+00
   NaN
1.000000E+00
1.000000E+00
   NaN
   NaN
1.000000E+00
1.000000E+00
1.000000E+00
   NaN
   NaN
   NaN
1.000000E+00
1.000000E+00
   NaN
   NaN
1.000000E+00
1.000000E+00
1.000000E+00
   NaN
1.000000E+00
   NaN
   NaN
1.000000E+00
1.000000E+00
   NaN
1.000000E+00
1.000000E+00
1.000000E+00
1.000000E+00
1.000000E+00
1.000000E+00
1.000000E+00
1.000000E+00
   NaN
   NaN
1.000000E+00
1.000000E+00
1.000000E+00
1.000000E+00
   NaN
   NaN
   NaN
   NaN
1.000000E+00
   NaN
1.000000E+00
1.000000E+00
1.000000E+00
1.000000E+00
   NaN
1.000000E+00
   NaN
   NaN
   NaN
1.000000E+00
   NaN
1.000000E+00
   NaN
1.000000E+00
1.000000E+00
1.000000E+00
   NaN
1.000000E+00
1.000000E+00
1.000000E+00
   NaN
1.000000E+00
1.000000E+00
1.000000E+00
1.000000E+00
   NaN
1.000000E+00
9.087662E-01
1.000000E+00
9.091308E-01
9.468192E-01
1.000000E+00
1.000000E+00
9.089355E-01
9.242334E-01
1.000000E+00
1.000000E+00
1.000000E+00
1.000000E+00
8.986884E-01
1.000000E+00
1.000000E+00
1.000000E+00
9.174286E-01
9.171922E-01
1.000000E+00
1.000000E+00
9.428409E-01
1.000000E+00
1.000000E+00
9.168220E-01
9.433770E-01
1.000000E+00
9.091818E-01
9.089278E-01
9.296050E-01
9.277725E-01
8.253895E-01
9.088195E-01
9.467785E-01
8.724576E-01
1.000000E+00
1.000000E+00
1.000000E+00
8.397557E-01
9.090315E-01
9.434302E-01
1.000000E+00
1.000000E+00
1.000000E+00
1.000000E+00
9.298285E-01
1.000000E+00
9.605148E-01
8.634205E-01
9.296951E-01
8.878471E-01
1.000000E+00
1.000000E+00
1.000000E+00
1.000000E+00
1.000000E+00
8.986884E-01
1.000000E+00
9.296694E-01
1.000000E+00
0.000000E+00
8.986884E-01
9.172372E-01
1.000000E+00
8.986884E-01
1.000000E+00
9.301495E-01
1.000000E+00
9.518705E-01
9.087844E-01
1.000000E+00
1.000000E+00
1.000000E+00
1.000000E+00
5.216012E-01
1.000000E+00
5.314602E-01
8.993280E-01
1.000000E+00
1.000000E+00
5.262218E-01
7.689405E-01
1.000000E+00
1.000000E+00
1.000000E+00
1.000000E+00
0.000000E+00
1.000000E+00
1.000000E+00
1.000000E+00
6.913761E-01
6.880478E-01
1.000000E+00
1.000000E+00
8.840511E-01
1.000000E+00
1.000000E+00
6.827281E-01
8.862361E-01
1.000000E+00
5.328129E-01
1.000000E+00
8.125590E-01
1.000000E+00
7.696240E-01
5.230641E-01
1.000000E+00
8.864362E-01
1.000000E+00
1.000000E+00
1.000000E+00
8.136806E-01
5.288064E-01
8.864506E-01
1.000000E+00
1.000000E+00
1.000000E+00
1.000000E+00
8.141354E-01
1.000000E+00
9.392297E-01
8.674206E-01
8.131965E-01
9.090798E-01
1.000000E+00
1.000000E+00
1.000000E+00
1.000000E+00
1.000000E+00
0.000000E+00
1.000000E+00
8.130147E-01
1.000000E+00
8.986884E-01
0.000000E+00
6.886853E-01
1.000000E+00
0.000000E+00
1.000000E+00
8.163706E-01
1.000000E+00
9.160138E-01
5.221010E-01
1.000000E+00
1.000000E+00
1.000000E+00
1.000000E+00
7.675764E-01
1.000000E+00
7.699285E-01
9.176645E-01
1.000000E+00
1.000000E+00
7.686725E-01
8.470965E-01
1.000000E+00
1.000000E+00
1.000000E+00
1.000000E+00
6.886853E-01
1.000000E+00
1.000000E+00
1.000000E+00
8.165936E-01
8.154233E-01
1.000000E+00
1.000000E+00
9.077208E-01
1.000000E+00
1.000000E+00
8.135739E-01
9.091101E-01
1.000000E+00
7.702551E-01
1.000000E+00
8.675004E-01
1.000000E+00
8.473961E-01
7.679223E-01
1.000000E+00
9.092378E-01
1.000000E+00
1.000000E+00
1.000000E+00
8.680619E-01
7.692904E-01
9.092471E-01
1.000000E+00
1.000000E+00
1.000000E+00
1.000000E+00
8.682901E-01
1.000000E+00
8.802570E-01
8.974867E-01
8.678193E-01
9.243046E-01
1.000000E+00
1.000000E+00
1.000000E+00
1.000000E+00
1.000000E+00
6.886853E-01
1.000000E+00
6.742737E-01
1.000000E+00
9.172372E-01
6.886853E-01
0.000000E+00
1.000000E+00
6.886853E-01
1.000000E+00
8.694165E-01
1.000000E+00
9.291730E-01
7.676945E-01
1.000000E+00
1.000000E+00
1.000000E+00
   NaN
1.000000E+00
   NaN
1.000000E+00
1.000000E+00
   NaN
   NaN
1.000000E+00
1.000000E+00
1.000000E+00
   NaN
   NaN
   NaN
1.000000E+00
1.000000E+00
   NaN
   NaN
1.000000E+00
1.000000E+00
1.000000E+00
   NaN
1.000000E+00
   NaN
   NaN
1.000000E+00
1.000000E+00
   NaN
1.000000E+00
1.000000E+00
1.000000E+00
1.000000E+00
1.000000E+00
1.000000E+00
1.000000E+00
1.000000E+00
   NaN
   NaN
1.000000E+00
1.000000E+00
1.000000E+00
1.000000E+00
   NaN
   NaN
   NaN
   NaN
1.000000E+00
   NaN
1.000000E+00
1.000000E+00
1.000000E+00
1.000000E+00
   NaN
1.000000E+00
   NaN
   NaN
   NaN
1.000000E+00
   NaN
1.000000E+00
   NaN
1.000000E+00
1.000000E+00
1.000000E+00
   NaN
1.000000E+00
1.000000E+00
1.000000E+00
   NaN
1.000000E+00
1.000000E+00
1.000000E+00
1.000000E+00
   NaN
1.000000E+00
5.216012E-01
1.000000E+00
5.314602E-01
8.993280E-01
1.000000E+00
1.000000E+00
5.262218E-01
7.689405E-01
1.000000E+00
1.000000E+00
1.000000E+00
1.000000E+00
0.000000E+00
1.000000E+00
1.000000E+00
1.000000E+00
6.913761E-01
6.880478E-01
1.000000E+00
1.000000E+00
8.840511E-01
1.000000E+00
1.000000E+00
6.827281E-01
8.862361E-01
1.000000E+00
5.328129E-01
1.000000E+00
8.125590E-01
1.000000E+00
7.696240E-01
5.230641E-01
1.000000E+00
8.864362E-01
1.000000E+00
1.000000E+00
1.000000E+00
8.136806E-01
5.288064E-01
8.864506E-01
1.000000E+00
1.000000E+00
1.000000E+00
1.000000E+00
8.141354E-01
1.000000E+00
9.392297E-01
8.674206E-01
8.131965E-01
9.090798E-01
1.000000E+00
1.000000E+00
1.000000E+00
1.000000E+00
1.000000E+00
0.000000E+00
1.000000E+00
8.130147E-01
1.000000E+00
8.986884E-01
0.000000E+00
6.886853E-01
1.000000E+00
0.000000E+00
1.000000E+00
8.163706E-01
1.000000E+00
9.160138E-01
5.221010E-01
1.000000E+00
1.000000E+00
1.000000E+00
1.000000E+00
1.000000E+00
1.000000E+00
1.000000E+00
1.000000E+00
1.000000E+00
1.000000E+00
1.000000E+00
1.000000E+00
8.442065E-01
1.000000E+00
1.000000E+00
1.000000E+00
1.000000E+00
9.419236E-01
1.000000E+00
1.000000E+00
1.000000E+00
1.000000E+00
8.962023E-01
1.000000E+00
1.000000E+00
1.000000E+00
1.000000E+00
1.000000E+00
1.000000E+00
1.000000E+00
1.000000E+00
1.000000E+00
1.000000E+00
1.000000E+00
8.894943E-01
1.000000E+00
8.698385E-01
1.000000E+00
1.000000E+00
1.000000E+00
9.417020E-01
1.000000E+00
1.000000E+00
1.000000E+00
1.000000E+00
1.000000E+00
1.000000E+00
1.000000E+00
1.000000E+00
1.000000E+00
1.000000E+00
1.000000E+00
1.000000E+00
1.000000E+00
1.000000E+00
8.069799E-01
1.000000E+00
1.000000E+00
1.000000E+00
1.000000E+00
1.000000E+00
1.000000E+00
1.000000E+00
1.000000E+00
1.000000E+00
1.000000E+00
1.000000E+00
1.000000E+00
0.000000E+00
1.000000E+00
1.000000E+00
1.000000E+00
1.000000E+00
1.000000E+00
1.000000E+00
1.000000E+00
1.000000E+00
8.470026E-01
1.000000E+00
8.480253E-01
9.304541E-01
1.000000E+00
1.000000E+00
8.474783E-01
8.860222E-01
1.000000E+00
1.000000E+00
1.000000E+00
1.000000E+00
8.163706E-01
1.000000E+00
1.000000E+00
1.000000E+00
8.698923E-01
8.693045E-01
1.000000E+00
1.000000E+00
9.234903E-01
1.000000E+00
1.000000E+00
8.683799E-01
9.244478E-01
1.000000E+00
8.481679E-01
1.000000E+00
8.977585E-01
1.000000E+00
8.861888E-01
8.471525E-01
1.000000E+00
9.245361E-01
1.000000E+00
1.000000E+00
1.000000E+00
8.980931E-01
8.477471E-01
9.245425E-01
1.000000E+00
1.000000E+00
1.000000E+00
1.000000E+00
7.640881E-01
1.000000E+00
9.521557E-01
9.165860E-01
8.979485E-01
9.352516E-01
1.000000E+00
1.000000E+00
1.000000E+00
1.000000E+00
1.000000E+00
8.163706E-01
1.000000E+00
8.978942E-01
1.000000E+00
9.301495E-01
8.163706E-01
8.694165E-01
1.000000E+00
8.163706E-01
1.000000E+00
0.000000E+00
1.000000E+00
9.388472E-01
8.470537E-01
1.000000E+00
1.000000E+00
1.000000E+00
   NaN
1.000000E+00
   NaN
1.000000E+00
1.000000E+00
   NaN
   NaN
1.000000E+00
1.000000E+00
1.000000E+00
   NaN
   NaN
   NaN
1.000000E+00
1.000000E+00
   NaN
   NaN
1.000000E+00
1.000000E+00
1.000000E+00
   NaN
1.000000E+00
   NaN
   NaN
1.000000E+00
1.000000E+00
   NaN
1.000000E+00
1.000000E+00
1.000000E+00
1.000000E+00
1.000000E+00
1.000000E+00
1.000000E+00
1.000000E+00
   NaN
   NaN
1.000000E+00
1.000000E+00
1.000000E+00
1.000000E+00
   NaN
   NaN
   NaN
   NaN
1.000000E+00
   NaN
1.000000E+00
1.000000E+00
1.000000E+00
1.000000E+00
   NaN
1.000000E+00
   NaN
   NaN
   NaN
1.000000E+00
   NaN
1.000000E+00
   NaN
1.000000E+00
1.000000E+00
1.000000E+00
   NaN
1.000000E+00
1.000000E+00
1.000000E+00
   NaN
1.000000E+00
1.000000E+00
1.000000E+00
1.000000E+00
   NaN
1.000000E+00
9.230593E-01
1.000000E+00
9.233188E-01
9.520153E-01
1.000000E+00
1.000000E+00
9.231798E-01
9.343600E-01
1.000000E+00
1.000000E+00
1.000000E+00
1.000000E+00
9.160138E-01
9.525140E-01
1.000000E+00
1.000000E+00
9.293132E-01
9.291400E-01
1.000000E+00
1.000000E+00
8.206133E-01
1.000000E+00
1.000000E+00
7.352864E-01
8.207207E-01
1.000000E+00
9.233552E-01
1.000000E+00
8.647779E-01
9.376429E-01
9.344153E-01
9.230973E-01
9.538086E-01
9.492704E-01
1.000000E+00
1.000000E+00
9.538156E-01
9.385517E-01
9.232481E-01
8.878379E-01
1.000000E+00
1.000000E+00
1.000000E+00
1.000000E+00
9.386013E-01
1.000000E+00
8.752194E-01
8.084648E-01
8.623053E-01
9.543491E-01
1.000000E+00
1.000000E+00
1.000000E+00
1.000000E+00
1.000000E+00
9.160138E-01
1.000000E+00
8.622580E-01
1.000000E+00
9.518705E-01
9.160138E-01
9.291730E-01
1.000000E+00
9.160138E-01
1.000000E+00
9.388472E-01
1.000000E+00
0.000000E+00
9.230723E-01
9.389992E-01
1.000000E+00
1.000000E+00
1.000000E+00
6.858111E-01
1.000000E+00
6.900938E-01
9.093031E-01
1.000000E+00
1.000000E+00
6.878107E-01
8.155111E-01
1.000000E+00
1.000000E+00
1.000000E+00
1.000000E+00
5.221010E-01
1.000000E+00
1.000000E+00
1.000000E+00
7.691961E-01
7.673397E-01
1.000000E+00
1.000000E+00
8.970874E-01
1.000000E+00
1.000000E+00
7.643934E-01
8.988124E-01
1.000000E+00
6.906862E-01
1.000000E+00
8.444186E-01
1.000000E+00
8.159472E-01
6.864427E-01
1.000000E+00
8.989707E-01
1.000000E+00
1.000000E+00
1.000000E+00
8.451922E-01
6.889350E-01
8.989821E-01
1.000000E+00
1.000000E+00
1.000000E+00
1.000000E+00
8.455062E-01
1.000000E+00
9.430131E-01
8.841941E-01
8.448581E-01
9.172949E-01
1.000000E+00
1.000000E+00
1.000000E+00
1.000000E+00
1.000000E+00
5.221010E-01
1.000000E+00
8.447327E-01
1.000000E+00
9.087844E-01
5.221010E-01
7.676945E-01
1.000000E+00
5.221010E-01
1.000000E+00
8.470537E-01
1.000000E+00
9.230723E-01
0.000000E+00
1.000000E+00
1.000000E+00
1.000000E+00
1.000000E+00
1.000000E+00
1.000000E+00
1.000000E+00
1.000000E+00
1.000000E+00
1.000000E+00
1.000000E+00
1.000000E+00
1.000000E+00
1.000000E+00
1.000000E+00
1.000000E+00
1.000000E+00
1.000000E+00
1.000000E+00
1.000000E+00
1.000000E+00
1.000000E+00
1.000000E+00
1.000000E+00
9.248819E-01
1.000000E+00
1.000000E+00
1.000000E+00
1.000000E+00
1.000000E+00
1.000000E+00
1.000000E+00
1.000000E+00
1.000000E+00
1.000000E+00
1.000000E+00
1.000000E+00
1.000000E+00
1.000000E+00
1.000000E+00
1.000000E+00
1.000000E+00
1.000000E+00
1.000000E+00
1.000000E+00
1.000000E+00
1.000000E+00
1.000000E+00
1.000000E+00
1.000000E+00
1.000000E+00
1.000000E+00
1.000000E+00
1.000000E+00
1.000000E+00
1.000000E+00
1.000000E+00
1.000000E+00
1.000000E+00
1.000000E+00
1.000000E+00
1.000000E+00
1.000000E+00
1.000000E+00
1.000000E+00
1.000000E+00
1.000000E+00
1.000000E+00
1.000000E+00
1.000000E+00
1.000000E+00
9.389992E-01
1.000000E+00
0.000000E+00
1.000000E+00
1.000000E+00
1.000000E+00
1.000000E+00
1.000000E+00
1.000000E+00
1.000000E+00
1.000000E+00
1.000000E+00
1.000000E+00
1.000000E+00
1.000000E+00
1.000000E+00
1.000000E+00
1.000000E+00
1.000000E+00
1.000000E+00
1.000000E+00
1.000000E+00
1.000000E+00
1.000000E+00
1.000000E+00
1.000000E+00
1.000000E+00
1.000000E+00
1.000000E+00
1.000000E+00
1.000000E+00
1.000000E+00
1.000000E+00
1.000000E+00
1.000000E+00
1.000000E+00
1.000000E+00
1.000000E+00
1.000000E+00
1.000000E+00
1.000000E+00
1.000000E+00
1.000000E+00
1.000000E+00
1.000000E+00
1.000000E+00
1.000000E+00
1.000000E+00
1.000000E+00
1.000000E+00
1.000000E+00
1.000000E+00
1.000000E+00
1.000000E+00
1.000000E+00
1.000000E+00
1.000000E+00
1.000000E+00
1.000000E+00
1.000000E+00
1.000000E+00
1.000000E+00
1.000000E+00
1.000000E+00
1.000000E+00
1.000000E+00
1.000000E+00
1.000000E+00
1.000000E+00
1.000000E+00
1.000000E+00
1.000000E+00
1.000000E+00
1.000000E+00
1.000000E+00
1.000000E+00
0.000000E+00
1.000000E+00
   NaN
1.000000E+00
   NaN
1.000000E+00
1.000000E+00
   NaN
   NaN
1.000000E+00
1.000000E+00
1.000000E+00
   NaN
   NaN
   NaN
1.000000E+00
1.000000E+00
   NaN
   NaN
1.000000E+00
1.000000E+00
1.000000E+00
   NaN
1.000000E+00
   NaN
   NaN
1.000000E+00
1.000000E+00
   NaN
1.000000E+00
1.000000E+00
1.000000E+00
1.000000E+00
1.000000E+00
1.000000E+00
1.000000E+00
1.000000E+00
   NaN
   NaN
1.000000E+00
1.000000E+00
1.000000E+00
1.000000E+00
   NaN
   NaN
   NaN
   NaN
1.000000E+00
   NaN
1.000000E+00
1.000000E+00
1.000000E+00
1.000000E+00
   NaN
1.000000E+00
   NaN
   NaN
   NaN
1.000000E+00
   NaN
1.000000E+00
   NaN
1.000000E+00
1.000000E+00
1.000000E+00
   NaN
1.000000E+00
1.000000E+00
1.000000E+00
   NaN
1.000000E+00
1.000000E+00
1.000000E+00
1.000000E+00
   NaN
