9.246145E-01
1.000000E+00
1.000000E+00
9.176226E-01
1.000000E+00
1.000000E+00
1.000000E+00
1.000000E+00
9.349130E-01
9.352193E-01
1.000000E+00
1.000000E+00
1.000000E+00
9.502720E-01
9.498872E-01
1.000000E+00
1.000000E+00
9.790872E-01
8.663978E-01
9.526577E-01
9.471245E-01
1.000000E+00
9.178792E-01
9.525570E-01
1.000000E+00
1.000000E+00
9.177912E-01
1.000000E+00
1.000000E+00
1.000000E+00
9.462348E-01
1.000000E+00
9.459884E-01
9.391169E-01
1.000000E+00
9.349182E-01
1.000000E+00
9.490638E-01
9.559499E-01
9.563247E-01
1.000000E+00
1.000000E+00
1.000000E+00
9.490671E-01
9.298187E-01
1.000000E+00
1.000000E+00
1.000000E+00
1.000000E+00
1.000000E+00
1.000000E+00
1.000000E+00
9.461290E-01
9.349437E-01
1.000000E+00
9.429878E-01
9.241358E-01
1.000000E+00
1.000000E+00
9.170506E-01
1.000000E+00
1.000000E+00
1.000000E+00
1.000000E+00
9.345565E-01
1.000000E+00
9.469194E-01
1.000000E+00
1.000000E+00
9.500642E-01
9.496762E-01
9.367754E-01
1.000000E+00
9.303993E-01
9.393224E-01
9.524694E-01
9.468895E-01
1.000000E+00
9.173109E-01
8.977115E-01
1.000000E+00
1.000000E+00
9.172216E-01
1.000000E+00
6.898611E-01
1.000000E+00
1.000000E+00
5.234590E-01
1.000000E+00
1.000000E+00
1.000000E+00
1.000000E+00
8.121455E-01
1.000000E+00
1.000000E+00
1.000000E+00
1.000000E+00
9.006814E-01
8.991346E-01
1.000000E+00
1.000000E+00
9.735287E-01
8.467073E-01
9.097634E-01
8.872805E-01
1.000000E+00
5.319226E-01
9.093966E-01
1.000000E+00
1.000000E+00
5.290478E-01
1.000000E+00
1.000000E+00
1.000000E+00
9.539419E-01
1.000000E+00
9.537612E-01
9.488157E-01
1.000000E+00
9.458803E-01
1.000000E+00
9.560337E-01
9.612610E-01
9.615511E-01
1.000000E+00
1.000000E+00
1.000000E+00
9.560362E-01
9.424000E-01
1.000000E+00
1.000000E+00
1.000000E+00
1.000000E+00
1.000000E+00
1.000000E+00
1.000000E+00
9.538642E-01
9.458980E-01
1.000000E+00
9.515795E-01
8.871456E-01
1.000000E+00
1.000000E+00
8.707187E-01
1.000000E+00
1.000000E+00
1.000000E+00
1.000000E+00
9.087582E-01
1.000000E+00
1.000000E+00
1.000000E+00
1.000000E+00
9.363269E-01
9.356947E-01
1.000000E+00
1.000000E+00
9.769656E-01
9.177637E-01
9.401863E-01
9.310734E-01
1.000000E+00
8.713498E-01
9.400254E-01
1.000000E+00
1.000000E+00
8.711336E-01
1.000000E+00
8.687101E-01
1.000000E+00
1.000000E+00
8.459364E-01
1.000000E+00
1.000000E+00
1.000000E+00
1.000000E+00
8.970732E-01
1.000000E+00
1.000000E+00
1.000000E+00
1.000000E+00
9.308484E-01
9.301021E-01
1.000000E+00
1.000000E+00
9.762860E-01
9.083900E-01
9.353769E-01
9.246077E-01
1.000000E+00
8.468318E-01
9.351890E-01
1.000000E+00
1.000000E+00
8.465252E-01
1.000000E+00
9.302018E-01
1.000000E+00
1.000000E+00
9.242488E-01
1.000000E+00
1.000000E+00
1.000000E+00
1.000000E+00
8.641740E-01
1.000000E+00
1.000000E+00
9.493681E-01
1.000000E+00
9.527661E-01
9.524191E-01
1.000000E+00
1.000000E+00
9.565797E-01
9.432660E-01
9.549237E-01
9.499355E-01
1.000000E+00
9.244659E-01
9.548324E-01
1.000000E+00
1.000000E+00
9.243914E-01
1.000000E+00
9.007199E-01
1.000000E+00
1.000000E+00
8.882258E-01
1.000000E+00
1.000000E+00
1.000000E+00
1.000000E+00
9.178403E-01
1.000000E+00
1.000000E+00
1.000000E+00
1.000000E+00
9.408870E-01
9.403425E-01
1.000000E+00
1.000000E+00
9.775910E-01
9.252147E-01
9.442279E-01
9.363857E-01
1.000000E+00
8.886978E-01
9.440881E-01
1.000000E+00
1.000000E+00
8.885360E-01
1.000000E+00
9.388055E-01
1.000000E+00
9.412875E-01
9.342772E-01
9.420141E-01
1.000000E+00
1.000000E+00
1.000000E+00
8.825802E-01
1.000000E+00
1.000000E+00
9.538116E-01
1.000000E+00
9.568697E-01
9.565806E-01
9.444687E-01
1.000000E+00
9.355696E-01
9.490846E-01
9.586759E-01
9.009704E-01
1.000000E+00
9.344407E-01
9.585991E-01
1.000000E+00
1.000000E+00
9.343846E-01
1.000000E+00
1.000000E+00
1.000000E+00
9.079926E-01
1.000000E+00
9.072687E-01
8.849811E-01
1.000000E+00
8.690169E-01
1.000000E+00
9.159783E-01
9.332031E-01
9.340609E-01
1.000000E+00
1.000000E+00
1.000000E+00
9.159873E-01
8.465813E-01
1.000000E+00
1.000000E+00
1.000000E+00
1.000000E+00
1.000000E+00
1.000000E+00
1.000000E+00
9.076823E-01
8.691203E-01
1.000000E+00
8.980571E-01
7.680666E-01
1.000000E+00
8.324245E-01
6.860949E-01
1.000000E+00
1.000000E+00
1.000000E+00
1.000000E+00
8.440057E-01
1.000000E+00
1.000000E+00
1.000000E+00
1.000000E+00
9.103607E-01
9.091027E-01
8.559738E-01
1.000000E+00
9.742692E-01
8.686058E-01
9.178253E-01
8.995863E-01
1.000000E+00
6.897897E-01
9.175213E-01
1.000000E+00
1.000000E+00
6.885296E-01
1.000000E+00
8.467516E-01
1.000000E+00
1.000000E+00
8.147958E-01
1.000000E+00
1.000000E+00
1.000000E+00
1.000000E+00
8.840480E-01
8.905689E-01
1.000000E+00
1.000000E+00
1.000000E+00
9.252034E-01
9.243295E-01
1.000000E+00
1.000000E+00
9.756559E-01
5.896064E-01
9.304733E-01
8.125277E-01
1.000000E+00
8.160882E-01
8.431481E-01
1.000000E+00
1.000000E+00
8.156461E-01
1.000000E+00
1.000000E+00
1.000000E+00
9.595192E-01
1.000000E+00
9.593797E-01
9.556120E-01
9.175975E-01
9.534211E-01
9.566243E-01
8.669784E-01
8.405280E-01
9.655171E-01
1.000000E+00
1.000000E+00
9.633292E-01
9.184978E-01
9.508659E-01
9.217697E-01
1.000000E+00
1.000000E+00
1.000000E+00
1.000000E+00
1.000000E+00
9.662796E-01
9.594592E-01
9.534342E-01
1.000000E+00
9.577056E-01
8.855377E-01
1.000000E+00
1.000000E+00
8.686042E-01
1.000000E+00
1.000000E+00
1.000000E+00
1.000000E+00
9.077100E-01
1.000000E+00
1.000000E+00
1.000000E+00
1.000000E+00
9.358182E-01
9.351758E-01
1.000000E+00
1.000000E+00
9.768994E-01
8.101841E-01
9.397377E-01
8.436857E-01
1.000000E+00
8.692560E-01
8.655676E-01
1.000000E+00
1.000000E+00
8.690327E-01
1.000000E+00
1.000000E+00
1.000000E+00
8.838565E-01
1.000000E+00
8.827006E-01
8.446136E-01
1.000000E+00
8.139851E-01
1.000000E+00
8.962981E-01
9.213347E-01
9.225218E-01
1.000000E+00
1.000000E+00
1.000000E+00
8.963119E-01
7.652281E-01
9.737875E-01
1.000000E+00
1.000000E+00
1.000000E+00
1.000000E+00
1.000000E+00
1.000000E+00
8.833615E-01
8.141937E-01
1.000000E+00
8.675630E-01
7.665440E-01
1.000000E+00
1.000000E+00
6.832995E-01
1.000000E+00
1.000000E+00
1.000000E+00
1.000000E+00
8.433184E-01
1.000000E+00
1.000000E+00
1.000000E+00
1.000000E+00
9.101342E-01
9.088698E-01
1.000000E+00
1.000000E+00
9.742506E-01
8.681186E-01
9.176350E-01
8.993020E-01
1.000000E+00
6.870600E-01
9.173296E-01
1.000000E+00
1.000000E+00
6.857776E-01
1.000000E+00
9.356540E-01
1.000000E+00
1.000000E+00
9.306282E-01
1.000000E+00
1.000000E+00
8.816819E-01
1.000000E+00
9.433103E-01
1.000000E+00
1.000000E+00
1.000000E+00
1.000000E+00
9.553277E-01
9.550174E-01
1.000000E+00
1.000000E+00
9.800373E-01
9.469217E-01
9.572624E-01
9.528039E-01
9.352711E-01
9.308103E-01
9.571803E-01
1.000000E+00
1.000000E+00
9.307478E-01
1.000000E+00
8.845992E-01
1.000000E+00
8.997197E-01
8.673660E-01
1.000000E+00
1.000000E+00
1.000000E+00
1.000000E+00
9.071009E-01
1.000000E+00
1.000000E+00
9.306030E-01
1.000000E+00
9.355242E-01
9.348759E-01
9.086572E-01
1.000000E+00
9.768614E-01
9.164198E-01
9.394785E-01
9.301318E-01
1.000000E+00
8.680302E-01
9.393138E-01
1.000000E+00
1.000000E+00
8.678027E-01
1.000000E+00
1.000000E+00
1.000000E+00
9.337328E-01
1.000000E+00
9.333581E-01
9.225764E-01
1.000000E+00
9.156566E-01
9.318252E-01
9.379784E-01
9.478962E-01
8.892004E-01
1.000000E+00
1.000000E+00
1.000000E+00
9.379833E-01
9.068887E-01
1.000000E+00
1.000000E+00
1.000000E+00
1.000000E+00
1.000000E+00
1.000000E+00
1.000000E+00
9.335719E-01
9.156995E-01
1.000000E+00
9.287299E-01
1.000000E+00
1.000000E+00
1.000000E+00
1.000000E+00
1.000000E+00
1.000000E+00
1.000000E+00
1.000000E+00
1.000000E+00
1.000000E+00
1.000000E+00
1.000000E+00
1.000000E+00
1.000000E+00
1.000000E+00
1.000000E+00
1.000000E+00
1.000000E+00
1.000000E+00
1.000000E+00
1.000000E+00
1.000000E+00
1.000000E+00
1.000000E+00
1.000000E+00
1.000000E+00
1.000000E+00
1.000000E+00
1.000000E+00
1.000000E+00
9.420286E-01
1.000000E+00
9.417420E-01
9.336668E-01
9.448821E-01
9.286517E-01
9.404484E-01
9.453040E-01
9.009230E-01
9.535892E-01
1.000000E+00
1.000000E+00
1.000000E+00
8.833225E-01
9.224764E-01
9.567288E-01
1.000000E+00
1.000000E+00
1.000000E+00
1.000000E+00
1.000000E+00
9.551813E-01
9.419055E-01
9.286824E-01
1.000000E+00
9.382358E-01
7.705076E-01
1.000000E+00
1.000000E+00
6.905498E-01
1.000000E+00
1.000000E+00
1.000000E+00
1.000000E+00
8.451138E-01
1.000000E+00
1.000000E+00
1.000000E+00
1.000000E+00
9.107277E-01
9.094800E-01
1.000000E+00
1.000000E+00
9.742996E-01
8.693928E-01
9.181338E-01
9.000466E-01
1.000000E+00
6.941410E-01
9.178321E-01
1.000000E+00
1.000000E+00
6.929162E-01
1.000000E+00
8.171419E-01
1.000000E+00
1.000000E+00
7.697346E-01
1.000000E+00
1.000000E+00
1.000000E+00
1.000000E+00
8.678582E-01
1.000000E+00
1.000000E+00
1.000000E+00
1.000000E+00
9.187848E-01
9.177535E-01
1.000000E+00
1.000000E+00
9.750132E-01
8.859466E-01
9.249606E-01
9.100391E-01
1.000000E+00
7.717290E-01
9.247072E-01
1.000000E+00
1.000000E+00
7.710475E-01
1.000000E+00
1.000000E+00
1.000000E+00
9.072896E-01
1.000000E+00
9.065545E-01
8.838804E-01
9.193703E-01
8.675875E-01
1.000000E+00
9.153924E-01
8.522803E-01
9.337006E-01
1.000000E+00
1.000000E+00
1.000000E+00
9.154015E-01
8.446166E-01
9.752512E-01
1.000000E+00
1.000000E+00
1.000000E+00
1.000000E+00
1.000000E+00
1.000000E+00
9.069745E-01
8.676932E-01
1.000000E+00
8.971934E-01
8.482680E-01
1.000000E+00
8.759862E-01
8.170061E-01
1.000000E+00
1.000000E+00
1.000000E+00
1.000000E+00
8.849183E-01
1.000000E+00
1.000000E+00
1.000000E+00
1.000000E+00
9.255665E-01
9.247011E-01
8.893724E-01
1.000000E+00
9.756945E-01
8.988844E-01
9.307871E-01
9.182859E-01
1.000000E+00
8.182679E-01
9.305716E-01
1.000000E+00
1.000000E+00
8.178362E-01
1.000000E+00
