1.000000E+00
9.523762E-01
9.094268E-01
9.598785E-01
9.400386E-01
9.352045E-01
9.548399E-01
9.440995E-01
9.586054E-01
1.000000E+00
9.175462E-01
8.440248E-01
1.000000E+00
9.395877E-01
1.000000E+00
9.173546E-01
9.571870E-01
9.393273E-01
1.000000E+00
1.000000E+00
1.000000E+00
9.178569E-01
9.247280E-01
1.000000E+00
9.305893E-01
0.000000E+00
1.000000E+00
1.000000E+00
9.673309E-01
1.000000E+00
1.000000E+00
1.000000E+00
1.000000E+00
1.000000E+00
9.494104E-01
1.000000E+00
1.000000E+00
9.361845E-01
1.000000E+00
9.428841E-01
1.000000E+00
1.000000E+00
1.000000E+00
9.583136E-01
1.000000E+00
8.667515E-01
1.000000E+00
1.000000E+00
8.870356E-01
1.000000E+00
1.000000E+00
0.000000E+00
9.087349E-01
1.000000E+00
9.397362E-01
8.534357E-01
9.546686E-01
9.438368E-01
9.584615E-01
9.341531E-01
9.169733E-01
9.298644E-01
9.293661E-01
9.392807E-01
1.000000E+00
8.120759E-01
9.570331E-01
9.390176E-01
1.000000E+00
1.000000E+00
9.550263E-01
9.172882E-01
9.242508E-01
1.000000E+00
9.301837E-01
1.000000E+00
9.087349E-01
0.000000E+00
1.000000E+00
8.493208E-01
8.145528E-01
9.173735E-01
8.725815E-01
9.291632E-01
1.000000E+00
5.208940E-01
7.674954E-01
1.000000E+00
8.464406E-01
1.000000E+00
5.143514E-01
9.249059E-01
8.447468E-01
1.000000E+00
1.000000E+00
1.000000E+00
5.311948E-01
6.917728E-01
1.000000E+00
7.709683E-01
9.673309E-01
1.000000E+00
1.000000E+00
0.000000E+00
1.000000E+00
9.510056E-01
1.000000E+00
1.000000E+00
1.000000E+00
9.562922E-01
1.000000E+00
1.000000E+00
9.727621E-01
1.000000E+00
9.515047E-01
1.000000E+00
1.000000E+00
1.000000E+00
9.631009E-01
1.000000E+00
9.658241E-01
1.000000E+00
1.000000E+00
9.561342E-01
1.000000E+00
1.000000E+00
9.397362E-01
8.493208E-01
1.000000E+00
0.000000E+00
9.093299E-01
9.436279E-01
9.258423E-01
9.493763E-01
1.000000E+00
8.705307E-01
8.993722E-01
1.000000E+00
9.176870E-01
1.000000E+00
8.700576E-01
9.472386E-01
9.172028E-01
1.000000E+00
1.000000E+00
1.000000E+00
8.712949E-01
8.873998E-01
1.000000E+00
9.000282E-01
1.000000E+00
8.534357E-01
8.145528E-01
9.510056E-01
9.093299E-01
0.000000E+00
8.611450E-01
9.183041E-01
9.459732E-01
9.008055E-01
8.456693E-01
8.849697E-01
1.000000E+00
9.082948E-01
1.000000E+00
8.449967E-01
9.435315E-01
9.076934E-01
1.000000E+00
1.000000E+00
1.000000E+00
8.467540E-01
8.690539E-01
1.000000E+00
8.858262E-01
1.000000E+00
9.546686E-01
9.173735E-01
1.000000E+00
9.436279E-01
8.611450E-01
0.000000E+00
9.472318E-01
9.147287E-01
1.000000E+00
9.241843E-01
9.350803E-01
1.000000E+00
9.432295E-01
1.000000E+00
9.240223E-01
9.590487E-01
8.750207E-01
9.519400E-01
1.000000E+00
1.000000E+00
9.244470E-01
9.302991E-01
1.000000E+00
9.353540E-01
1.000000E+00
9.438368E-01
8.725815E-01
1.000000E+00
9.258423E-01
9.183041E-01
9.472318E-01
0.000000E+00
9.523017E-01
1.000000E+00
8.880852E-01
9.103070E-01
1.000000E+00
9.251513E-01
1.000000E+00
8.877319E-01
9.504086E-01
9.247512E-01
1.000000E+00
1.000000E+00
1.000000E+00
8.886567E-01
9.009166E-01
1.000000E+00
9.108286E-01
1.000000E+00
9.584615E-01
9.291632E-01
1.000000E+00
9.493763E-01
9.459732E-01
9.147287E-01
9.523017E-01
0.000000E+00
1.000000E+00
8.521480E-01
9.425880E-01
1.000000E+00
9.490552E-01
1.000000E+00
9.341068E-01
9.621693E-01
8.192302E-01
9.086864E-01
1.000000E+00
9.603566E-01
9.344264E-01
9.388802E-01
1.000000E+00
8.726990E-01
9.494104E-01
9.341531E-01
1.000000E+00
9.562922E-01
1.000000E+00
9.008055E-01
1.000000E+00
1.000000E+00
1.000000E+00
0.000000E+00
1.000000E+00
1.000000E+00
9.613461E-01
1.000000E+00
8.977251E-01
1.000000E+00
1.000000E+00
1.000000E+00
9.384916E-01
1.000000E+00
9.457035E-01
1.000000E+00
1.000000E+00
9.163446E-01
1.000000E+00
1.000000E+00
9.169733E-01
5.208940E-01
1.000000E+00
8.705307E-01
8.456693E-01
9.241843E-01
8.880852E-01
8.521480E-01
1.000000E+00
0.000000E+00
8.144097E-01
1.000000E+00
8.684099E-01
1.000000E+00
6.821686E-01
9.305741E-01
6.759524E-01
1.000000E+00
1.000000E+00
1.000000E+00
6.894702E-01
7.691374E-01
1.000000E+00
5.219602E-01
1.000000E+00
9.298644E-01
7.674954E-01
1.000000E+00
8.993722E-01
8.849697E-01
9.350803E-01
9.103070E-01
9.425880E-01
1.000000E+00
8.144097E-01
0.000000E+00
1.000000E+00
7.618804E-01
1.000000E+00
8.134361E-01
9.398229E-01
8.973525E-01
1.000000E+00
1.000000E+00
1.000000E+00
8.159760E-01
8.472198E-01
1.000000E+00
8.695743E-01
9.361845E-01
9.293661E-01
1.000000E+00
9.727621E-01
1.000000E+00
1.000000E+00
1.000000E+00
1.000000E+00
1.000000E+00
9.613461E-01
1.000000E+00
1.000000E+00
0.000000E+00
1.000000E+00
9.091594E-01
9.515839E-01
1.000000E+00
1.000000E+00
9.667689E-01
1.000000E+00
8.975316E-01
1.000000E+00
1.000000E+00
9.173535E-01
1.000000E+00
1.000000E+00
9.392807E-01
8.464406E-01
1.000000E+00
9.176870E-01
9.082948E-01
9.432295E-01
9.251513E-01
9.490552E-01
1.000000E+00
8.684099E-01
7.618804E-01
1.000000E+00
0.000000E+00
1.000000E+00
8.679212E-01
9.468898E-01
9.163406E-01
1.000000E+00
1.000000E+00
1.000000E+00
8.691993E-01
8.857991E-01
1.000000E+00
8.987685E-01
9.428841E-01
1.000000E+00
1.000000E+00
9.515047E-01
1.000000E+00
1.000000E+00
1.000000E+00
1.000000E+00
1.000000E+00
8.977251E-01
1.000000E+00
1.000000E+00
9.091594E-01
1.000000E+00
0.000000E+00
1.000000E+00
1.000000E+00
1.000000E+00
9.285678E-01
1.000000E+00
9.381140E-01
1.000000E+00
1.000000E+00
8.968556E-01
1.000000E+00
1.000000E+00
8.120759E-01
5.143514E-01
1.000000E+00
8.700576E-01
8.449967E-01
9.240223E-01
8.877319E-01
9.341068E-01
1.000000E+00
6.821686E-01
8.134361E-01
9.515839E-01
8.679212E-01
1.000000E+00
0.000000E+00
9.304383E-01
8.666701E-01
1.000000E+00
1.000000E+00
1.000000E+00
6.867348E-01
7.676289E-01
1.000000E+00
8.156787E-01
1.000000E+00
9.570331E-01
9.249059E-01
1.000000E+00
9.472386E-01
9.435315E-01
9.590487E-01
9.504086E-01
9.621693E-01
1.000000E+00
9.305741E-01
9.398229E-01
1.000000E+00
9.468898E-01
1.000000E+00
9.304383E-01
0.000000E+00
9.466886E-01
1.000000E+00
1.000000E+00
1.000000E+00
9.307944E-01
9.357367E-01
1.000000E+00
9.400581E-01
1.000000E+00
9.390176E-01
8.447468E-01
1.000000E+00
9.172028E-01
9.076934E-01
8.750207E-01
9.247512E-01
8.192302E-01
1.000000E+00
6.759524E-01
8.973525E-01
1.000000E+00
9.163406E-01
1.000000E+00
8.666701E-01
9.466886E-01
0.000000E+00
9.353454E-01
1.000000E+00
1.000000E+00
8.679724E-01
8.848649E-01
1.000000E+00
7.606420E-01
9.583136E-01
1.000000E+00
1.000000E+00
9.631009E-01
1.000000E+00
1.000000E+00
9.519400E-01
1.000000E+00
9.086864E-01
9.384916E-01
1.000000E+00
1.000000E+00
9.667689E-01
1.000000E+00
9.285678E-01
1.000000E+00
1.000000E+00
9.353454E-01
0.000000E+00
1.000000E+00
9.067310E-01
1.000000E+00
1.000000E+00
9.381782E-01
1.000000E+00
1.000000E+00
1.000000E+00
1.000000E+00
1.000000E+00
1.000000E+00
1.000000E+00
1.000000E+00
1.000000E+00
1.000000E+00
1.000000E+00
1.000000E+00
1.000000E+00
1.000000E+00
1.000000E+00
1.000000E+00
1.000000E+00
1.000000E+00
1.000000E+00
1.000000E+00
0.000000E+00
1.000000E+00
1.000000E+00
1.000000E+00
1.000000E+00
1.000000E+00
8.667515E-01
9.550263E-01
1.000000E+00
9.658241E-01
1.000000E+00
1.000000E+00
1.000000E+00
1.000000E+00
9.603566E-01
9.457035E-01
1.000000E+00
1.000000E+00
8.975316E-01
1.000000E+00
9.381140E-01
1.000000E+00
1.000000E+00
1.000000E+00
9.067310E-01
1.000000E+00
0.000000E+00
1.000000E+00
1.000000E+00
9.454595E-01
1.000000E+00
1.000000E+00
9.172882E-01
5.311948E-01
1.000000E+00
8.712949E-01
8.467540E-01
9.244470E-01
8.886567E-01
9.344264E-01
1.000000E+00
6.894702E-01
8.159760E-01
1.000000E+00
8.691993E-01
1.000000E+00
6.867348E-01
9.307944E-01
8.679724E-01
1.000000E+00
1.000000E+00
1.000000E+00
0.000000E+00
7.715561E-01
1.000000E+00
8.181583E-01
1.000000E+00
9.242508E-01
6.917728E-01
1.000000E+00
8.873998E-01
8.690539E-01
9.302991E-01
9.009166E-01
9.388802E-01
1.000000E+00
7.691374E-01
8.472198E-01
1.000000E+00
8.857991E-01
1.000000E+00
7.676289E-01
9.357367E-01
8.848649E-01
1.000000E+00
1.000000E+00
1.000000E+00
7.715561E-01
0.000000E+00
1.000000E+00
8.487271E-01
8.870356E-01
1.000000E+00
1.000000E+00
9.561342E-01
1.000000E+00
1.000000E+00
1.000000E+00
1.000000E+00
1.000000E+00
9.163446E-01
1.000000E+00
1.000000E+00
9.173535E-01
1.000000E+00
8.968556E-01
1.000000E+00
1.000000E+00
1.000000E+00
9.381782E-01
1.000000E+00
9.454595E-01
1.000000E+00
1.000000E+00
0.000000E+00
1.000000E+00
1.000000E+00
9.301837E-01
7.709683E-01
1.000000E+00
9.000282E-01
8.858262E-01
9.353540E-01
9.108286E-01
8.726990E-01
1.000000E+00
5.219602E-01
8.695743E-01
1.000000E+00
8.987685E-01
1.000000E+00
8.156787E-01
9.400581E-01
7.606420E-01
1.000000E+00
1.000000E+00
1.000000E+00
8.181583E-01
8.487271E-01
1.000000E+00
0.000000E+00
