8.833765E-01
8.663433E-01
9.063456E-01
9.231849E-01
1.000000E+00
1.000000E+00
1.000000E+00
1.000000E+00
1.000000E+00
1.000000E+00
1.000000E+00
1.000000E+00
1.000000E+00
1.000000E+00
1.000000E+00
1.000000E+00
8.971119E-01
1.000000E+00
8.433536E-01
1.000000E+00
8.828642E-01
1.000000E+00
1.000000E+00
9.360745E-01
1.000000E+00
9.074394E-01
1.000000E+00
1.000000E+00
1.000000E+00
9.350600E-01
1.000000E+00
1.000000E+00
1.000000E+00
1.000000E+00
7.580318E-01
9.468926E-01
8.965126E-01
8.148163E-01
7.678359E-01
9.490786E-01
8.984124E-01
1.000000E+00
1.000000E+00
1.000000E+00
1.000000E+00
1.000000E+00
1.000000E+00
1.000000E+00
1.000000E+00
1.000000E+00
1.000000E+00
1.000000E+00
1.000000E+00
8.472054E-01
1.000000E+00
6.884003E-01
1.000000E+00
8.135214E-01
1.000000E+00
1.000000E+00
1.000000E+00
1.000000E+00
8.689243E-01
1.000000E+00
1.000000E+00
1.000000E+00
9.181955E-01
1.000000E+00
1.000000E+00
1.000000E+00
1.000000E+00
9.157320E-01
1.000000E+00
8.458802E-01
8.447928E-01
8.130930E-01
9.516466E-01
9.081446E-01
1.000000E+00
1.000000E+00
1.000000E+00
1.000000E+00
1.000000E+00
1.000000E+00
1.000000E+00
1.000000E+00
1.000000E+00
1.000000E+00
1.000000E+00
1.000000E+00
8.682076E-01
1.000000E+00
7.648278E-01
1.000000E+00
8.438842E-01
1.000000E+00
1.000000E+00
1.000000E+00
1.000000E+00
8.846882E-01
1.000000E+00
1.000000E+00
1.000000E+00
9.246263E-01
1.000000E+00
1.000000E+00
1.000000E+00
1.000000E+00
8.235655E-01
1.000000E+00
8.672228E-01
1.000000E+00
1.000000E+00
1.000000E+00
1.000000E+00
1.000000E+00
1.000000E+00
1.000000E+00
1.000000E+00
1.000000E+00
1.000000E+00
1.000000E+00
1.000000E+00
1.000000E+00
   NaN
   NaN
1.000000E+00
1.000000E+00
   NaN
1.000000E+00
   NaN
1.000000E+00
1.000000E+00
   NaN
1.000000E+00
   NaN
1.000000E+00
   NaN
   NaN
   NaN
1.000000E+00
1.000000E+00
   NaN
1.000000E+00
1.000000E+00
1.000000E+00
1.000000E+00
1.000000E+00
9.072903E-01
8.968393E-01
9.149818E-01
9.343403E-01
9.389371E-01
1.000000E+00
1.000000E+00
1.000000E+00
1.000000E+00
1.000000E+00
1.000000E+00
1.000000E+00
1.000000E+00
1.000000E+00
1.000000E+00
1.000000E+00
9.161851E-01
1.000000E+00
8.836609E-01
1.000000E+00
7.874929E-01
1.000000E+00
1.000000E+00
8.794678E-01
1.000000E+00
9.231685E-01
1.000000E+00
1.000000E+00
1.000000E+00
9.432160E-01
9.534330E-01
1.000000E+00
1.000000E+00
1.000000E+00
7.955565E-01
9.522858E-01
8.096149E-01
8.855262E-01
8.691592E-01
9.059852E-01
9.241234E-01
1.000000E+00
1.000000E+00
1.000000E+00
1.000000E+00
1.000000E+00
1.000000E+00
1.000000E+00
1.000000E+00
1.000000E+00
1.000000E+00
1.000000E+00
1.000000E+00
8.987886E-01
1.000000E+00
8.472075E-01
1.000000E+00
8.850327E-01
1.000000E+00
1.000000E+00
1.000000E+00
1.000000E+00
9.087987E-01
1.000000E+00
1.000000E+00
1.000000E+00
8.531488E-01
1.000000E+00
1.000000E+00
1.000000E+00
1.000000E+00
9.342213E-01
1.000000E+00
8.982088E-01
8.975965E-01
8.846937E-01
9.112016E-01
9.296219E-01
1.000000E+00
1.000000E+00
9.456359E-01
1.000000E+00
1.000000E+00
1.000000E+00
1.000000E+00
1.000000E+00
1.000000E+00
1.000000E+00
1.000000E+00
1.000000E+00
9.083409E-01
1.000000E+00
8.679781E-01
1.000000E+00
8.972018E-01
1.000000E+00
1.000000E+00
9.404372E-01
1.000000E+00
9.166280E-01
1.000000E+00
1.000000E+00
1.000000E+00
9.397210E-01
1.000000E+00
1.000000E+00
1.000000E+00
1.000000E+00
8.657811E-01
9.499388E-01
9.078656E-01
8.691851E-01
8.473665E-01
9.543013E-01
9.172738E-01
1.000000E+00
1.000000E+00
1.000000E+00
1.000000E+00
1.000000E+00
1.000000E+00
1.000000E+00
1.000000E+00
1.000000E+00
1.000000E+00
1.000000E+00
1.000000E+00
8.862224E-01
1.000000E+00
8.166346E-01
1.000000E+00
8.685402E-01
1.000000E+00
1.000000E+00
1.000000E+00
1.000000E+00
8.987190E-01
1.000000E+00
1.000000E+00
1.000000E+00
9.308849E-01
1.000000E+00
1.000000E+00
1.000000E+00
1.000000E+00
9.291345E-01
1.000000E+00
8.854892E-01
1.000000E+00
1.000000E+00
1.000000E+00
1.000000E+00
9.376490E-01
8.961295E-01
9.512417E-01
9.342040E-01
1.000000E+00
1.000000E+00
9.416641E-01
9.281077E-01
8.659604E-01
1.000000E+00
1.000000E+00
9.223985E-01
1.000000E+00
1.000000E+00
1.000000E+00
1.000000E+00
1.000000E+00
8.831471E-01
1.000000E+00
9.415726E-01
1.000000E+00
1.000000E+00
1.000000E+00
1.000000E+00
1.000000E+00
1.000000E+00
9.537160E-01
1.000000E+00
8.659604E-01
9.338970E-01
1.000000E+00
9.508570E-01
1.000000E+00
8.477876E-01
8.174190E-01
9.519412E-01
9.092019E-01
1.000000E+00
1.000000E+00
1.000000E+00
1.000000E+00
1.000000E+00
1.000000E+00
1.000000E+00
1.000000E+00
1.000000E+00
1.000000E+00
1.000000E+00
1.000000E+00
8.703733E-01
1.000000E+00
7.716358E-01
1.000000E+00
8.469139E-01
1.000000E+00
1.000000E+00
1.000000E+00
1.000000E+00
8.863495E-01
1.000000E+00
1.000000E+00
1.000000E+00
9.253397E-01
1.000000E+00
1.000000E+00
1.000000E+00
1.000000E+00
9.232930E-01
1.000000E+00
8.694207E-01
1.000000E+00
1.000000E+00
1.000000E+00
1.000000E+00
9.149206E-01
8.128342E-01
9.383660E-01
9.083743E-01
1.000000E+00
1.000000E+00
9.222249E-01
8.961059E-01
6.851347E-01
1.000000E+00
1.000000E+00
8.837456E-01
1.000000E+00
1.000000E+00
1.000000E+00
1.000000E+00
1.000000E+00
7.659861E-01
1.000000E+00
9.220622E-01
1.000000E+00
1.000000E+00
1.000000E+00
1.000000E+00
1.000000E+00
1.000000E+00
9.422673E-01
1.000000E+00
6.851347E-01
9.077778E-01
1.000000E+00
9.377499E-01
1.000000E+00
1.000000E+00
1.000000E+00
1.000000E+00
1.000000E+00
9.146807E-01
8.116695E-01
9.382402E-01
9.080961E-01
1.000000E+00
1.000000E+00
9.220245E-01
8.957480E-01
6.818246E-01
1.000000E+00
1.000000E+00
8.832973E-01
1.000000E+00
1.000000E+00
1.000000E+00
1.000000E+00
1.000000E+00
7.641626E-01
1.000000E+00
9.218610E-01
1.000000E+00
1.000000E+00
1.000000E+00
1.000000E+00
1.000000E+00
1.000000E+00
9.421569E-01
1.000000E+00
6.818246E-01
9.074960E-01
1.000000E+00
9.376216E-01
1.000000E+00
9.295033E-01
9.236193E-01
8.825683E-01
9.463195E-01
9.492569E-01
1.000000E+00
9.584301E-01
1.000000E+00
1.000000E+00
1.000000E+00
1.000000E+00
1.000000E+00
1.000000E+00
1.000000E+00
1.000000E+00
1.000000E+00
9.347674E-01
1.000000E+00
9.166268E-01
1.000000E+00
9.293165E-01
1.000000E+00
1.000000E+00
9.524763E-01
1.000000E+00
9.390771E-01
1.000000E+00
1.000000E+00
1.000000E+00
9.524020E-01
9.601946E-01
1.000000E+00
1.000000E+00
9.468698E-01
8.960276E-01
9.132814E-01
9.345270E-01
8.839238E-01
8.670617E-01
9.058304E-01
9.234228E-01
9.306376E-01
1.000000E+00
9.467114E-01
1.000000E+00
1.000000E+00
1.000000E+00
1.000000E+00
1.000000E+00
1.000000E+00
1.000000E+00
1.000000E+00
1.000000E+00
8.975381E-01
1.000000E+00
8.443395E-01
1.000000E+00
8.834164E-01
1.000000E+00
1.000000E+00
1.000000E+00
1.000000E+00
9.077846E-01
1.000000E+00
1.000000E+00
1.000000E+00
9.352301E-01
9.495768E-01
1.000000E+00
1.000000E+00
9.260989E-01
9.336953E-01
9.462642E-01
8.969439E-01
8.690642E-01
8.472020E-01
9.542866E-01
9.172255E-01
1.000000E+00
1.000000E+00
1.000000E+00
1.000000E+00
1.000000E+00
1.000000E+00
1.000000E+00
1.000000E+00
1.000000E+00
1.000000E+00
1.000000E+00
1.000000E+00
8.861310E-01
1.000000E+00
8.163971E-01
1.000000E+00
8.684182E-01
1.000000E+00
1.000000E+00
1.000000E+00
1.000000E+00
8.986466E-01
1.000000E+00
1.000000E+00
1.000000E+00
9.308512E-01
1.000000E+00
1.000000E+00
1.000000E+00
1.000000E+00
9.290991E-01
1.000000E+00
8.853966E-01
1.000000E+00
1.000000E+00
1.000000E+00
1.000000E+00
1.000000E+00
1.000000E+00
1.000000E+00
1.000000E+00
1.000000E+00
1.000000E+00
1.000000E+00
1.000000E+00
1.000000E+00
1.000000E+00
1.000000E+00
1.000000E+00
1.000000E+00
1.000000E+00
1.000000E+00
1.000000E+00
1.000000E+00
1.000000E+00
1.000000E+00
1.000000E+00
1.000000E+00
1.000000E+00
1.000000E+00
1.000000E+00
1.000000E+00
1.000000E+00
1.000000E+00
1.000000E+00
1.000000E+00
1.000000E+00
1.000000E+00
1.000000E+00
1.000000E+00
9.299481E-01
9.241412E-01
9.649285E-01
8.814819E-01
1.000000E+00
1.000000E+00
1.000000E+00
1.000000E+00
1.000000E+00
1.000000E+00
1.000000E+00
1.000000E+00
1.000000E+00
1.000000E+00
1.000000E+00
1.000000E+00
9.351484E-01
1.000000E+00
9.172482E-01
1.000000E+00
9.297636E-01
1.000000E+00
1.000000E+00
1.000000E+00
1.000000E+00
9.394096E-01
1.000000E+00
1.000000E+00
1.000000E+00
9.526052E-01
1.000000E+00
1.000000E+00
1.000000E+00
1.000000E+00
9.517886E-01
1.000000E+00
9.349108E-01
9.748279E-01
9.741159E-01
7.880457E-01
9.773603E-01
9.772546E-01
1.000000E+00
9.564738E-01
1.000000E+00
1.000000E+00
1.000000E+00
1.000000E+00
1.000000E+00
1.000000E+00
1.000000E+00
1.000000E+00
1.000000E+00
9.755329E-01
1.000000E+00
9.733587E-01
1.000000E+00
9.748041E-01
1.000000E+00
1.000000E+00
9.780800E-01
1.000000E+00
9.761653E-01
1.000000E+00
1.000000E+00
1.000000E+00
9.785181E-01
9.110575E-01
1.000000E+00
1.000000E+00
9.767871E-01
9.290802E-01
9.578772E-01
9.754992E-01
8.330010E-01
1.000000E+00
1.000000E+00
1.000000E+00
9.218891E-01
8.435409E-01
9.421075E-01
9.164058E-01
1.000000E+00
1.000000E+00
8.394218E-01
9.063124E-01
7.632884E-01
1.000000E+00
1.000000E+00
8.963775E-01
1.000000E+00
1.000000E+00
1.000000E+00
1.000000E+00
1.000000E+00
8.120950E-01
1.000000E+00
8.401738E-01
1.000000E+00
8.759351E-01
1.000000E+00
1.000000E+00
1.000000E+00
1.000000E+00
9.455628E-01
1.000000E+00
7.632884E-01
9.159096E-01
1.000000E+00
9.415643E-01
1.000000E+00
9.176553E-01
9.095131E-01
9.620956E-01
9.397145E-01
1.000000E+00
1.000000E+00
1.000000E+00
9.367913E-01
1.000000E+00
1.000000E+00
9.450610E-01
1.000000E+00
1.000000E+00
1.000000E+00
1.000000E+00
1.000000E+00
9.247485E-01
1.000000E+00
8.995305E-01
1.000000E+00
9.174002E-01
1.000000E+00
1.000000E+00
1.000000E+00
1.000000E+00
9.304261E-01
1.000000E+00
1.000000E+00
1.000000E+00
9.472805E-01
1.000000E+00
1.000000E+00
1.000000E+00
1.000000E+00
8.798070E-01
1.000000E+00
9.244284E-01
8.157485E-01
3.517663E-01
9.491494E-01
8.986936E-01
1.000000E+00
1.000000E+00
1.000000E+00
1.000000E+00
1.000000E+00
1.000000E+00
1.000000E+00
1.000000E+00
1.000000E+00
1.000000E+00
1.000000E+00
1.000000E+00
8.478406E-01
1.000000E+00
6.910306E-01
1.000000E+00
8.144666E-01
1.000000E+00
1.000000E+00
1.000000E+00
1.000000E+00
8.693920E-01
1.000000E+00
1.000000E+00
1.000000E+00
9.183779E-01
1.000000E+00
1.000000E+00
1.000000E+00
1.000000E+00
9.159256E-01
1.000000E+00
8.465264E-01
8.165055E-01
7.704848E-01
9.492072E-01
8.989229E-01
1.000000E+00
1.000000E+00
1.000000E+00
1.000000E+00
1.000000E+00
1.000000E+00
1.000000E+00
1.000000E+00
1.000000E+00
1.000000E+00
1.000000E+00
1.000000E+00
8.483573E-01
1.000000E+00
6.931535E-01
1.000000E+00
8.152342E-01
1.000000E+00
1.000000E+00
1.000000E+00
1.000000E+00
8.697729E-01
1.000000E+00
1.000000E+00
1.000000E+00
9.185268E-01
1.000000E+00
1.000000E+00
1.000000E+00
1.000000E+00
9.160835E-01
1.000000E+00
8.470520E-01
8.852001E-01
8.687331E-01
9.058786E-01
9.239803E-01
1.000000E+00
1.000000E+00
1.000000E+00
1.000000E+00
1.000000E+00
1.000000E+00
1.000000E+00
1.000000E+00
1.000000E+00
1.000000E+00
1.000000E+00
1.000000E+00
8.985339E-01
1.000000E+00
8.466261E-01
1.000000E+00
8.847038E-01
1.000000E+00
1.000000E+00
1.000000E+00
1.000000E+00
9.085919E-01
1.000000E+00
1.000000E+00
1.000000E+00
9.356294E-01
1.000000E+00
1.000000E+00
1.000000E+00
1.000000E+00
9.341137E-01
1.000000E+00
8.979511E-01
8.842605E-01
8.675031E-01
9.562902E-01
9.235694E-01
9.303142E-01
1.000000E+00
1.000000E+00
1.000000E+00
1.000000E+00
1.000000E+00
1.000000E+00
1.000000E+00
1.000000E+00
1.000000E+00
1.000000E+00
1.000000E+00
8.978005E-01
1.000000E+00
8.449443E-01
1.000000E+00
7.270302E-01
1.000000E+00
1.000000E+00
9.350291E-01
1.000000E+00
7.891061E-01
1.000000E+00
1.000000E+00
1.000000E+00
9.353350E-01
1.000000E+00
1.000000E+00
1.000000E+00
1.000000E+00
8.534195E-01
1.000000E+00
7.624815E-01
1.000000E+00
1.000000E+00
1.000000E+00
1.000000E+00
1.000000E+00
1.000000E+00
1.000000E+00
1.000000E+00
1.000000E+00
1.000000E+00
1.000000E+00
1.000000E+00
1.000000E+00
   NaN
   NaN
1.000000E+00
1.000000E+00
   NaN
1.000000E+00
   NaN
1.000000E+00
1.000000E+00
   NaN
1.000000E+00
   NaN
1.000000E+00
   NaN
   NaN
   NaN
1.000000E+00
1.000000E+00
   NaN
1.000000E+00
1.000000E+00
1.000000E+00
1.000000E+00
1.000000E+00
9.104436E-01
1.000000E+00
1.000000E+00
1.000000E+00
9.451796E-01
9.154728E-01
9.559713E-01
9.425341E-01
1.000000E+00
1.000000E+00
8.871933E-01
9.379377E-01
8.965191E-01
1.000000E+00
1.000000E+00
9.337287E-01
1.000000E+00
1.000000E+00
1.000000E+00
1.000000E+00
1.000000E+00
9.070711E-01
1.000000E+00
8.195677E-01
1.000000E+00
9.244621E-01
1.000000E+00
1.000000E+00
1.000000E+00
1.000000E+00
9.579988E-01
1.000000E+00
8.965191E-01
9.423001E-01
1.000000E+00
9.556578E-01
1.000000E+00
9.343216E-01
9.292434E-01
8.409899E-01
9.491596E-01
9.516803E-01
1.000000E+00
9.600706E-01
1.000000E+00
1.000000E+00
1.000000E+00
1.000000E+00
1.000000E+00
1.000000E+00
1.000000E+00
1.000000E+00
1.000000E+00
9.389141E-01
1.000000E+00
9.232829E-01
1.000000E+00
9.341594E-01
1.000000E+00
1.000000E+00
9.546352E-01
1.000000E+00
9.427093E-01
1.000000E+00
1.000000E+00
1.000000E+00
9.546484E-01
9.617013E-01
1.000000E+00
1.000000E+00
9.495206E-01
8.402792E-01
8.681210E-01
9.387034E-01
9.085999E-01
8.984582E-01
9.602843E-01
9.349999E-01
1.000000E+00
1.000000E+00
1.000000E+00
1.000000E+00
1.000000E+00
1.000000E+00
1.000000E+00
1.000000E+00
1.000000E+00
1.000000E+00
1.000000E+00
1.000000E+00
9.172569E-01
1.000000E+00
8.857157E-01
1.000000E+00
9.082856E-01
1.000000E+00
1.000000E+00
1.000000E+00
1.000000E+00
9.240701E-01
1.000000E+00
1.000000E+00
1.000000E+00
9.437100E-01
1.000000E+00
1.000000E+00
1.000000E+00
1.000000E+00
8.721872E-01
1.000000E+00
9.168698E-01
1.000000E+00
1.000000E+00
1.000000E+00
1.000000E+00
1.000000E+00
1.000000E+00
1.000000E+00
1.000000E+00
1.000000E+00
1.000000E+00
1.000000E+00
1.000000E+00
1.000000E+00
   NaN
   NaN
1.000000E+00
1.000000E+00
   NaN
1.000000E+00
   NaN
1.000000E+00
1.000000E+00
   NaN
1.000000E+00
   NaN
1.000000E+00
   NaN
   NaN
   NaN
1.000000E+00
1.000000E+00
   NaN
1.000000E+00
1.000000E+00
1.000000E+00
1.000000E+00
1.000000E+00
8.671872E-01
8.446397E-01
9.008951E-01
9.164793E-01
9.252948E-01
1.000000E+00
9.436133E-01
1.000000E+00
1.000000E+00
1.000000E+00
1.000000E+00
1.000000E+00
1.000000E+00
1.000000E+00
1.000000E+00
1.000000E+00
8.847141E-01
1.000000E+00
8.126850E-01
1.000000E+00
8.665225E-01
1.000000E+00
1.000000E+00
1.000000E+00
1.000000E+00
7.621552E-01
1.000000E+00
1.000000E+00
1.000000E+00
9.303312E-01
9.468115E-01
1.000000E+00
1.000000E+00
9.200033E-01
9.285523E-01
9.431123E-01
8.839613E-01
9.517448E-01
9.490586E-01
7.884566E-01
9.602651E-01
9.196550E-01
1.000000E+00
9.312312E-01
1.000000E+00
1.000000E+00
1.000000E+00
1.000000E+00
9.579869E-01
1.000000E+00
1.000000E+00
1.000000E+00
1.000000E+00
8.979484E-01
1.000000E+00
9.460403E-01
1.000000E+00
9.516573E-01
1.000000E+00
1.000000E+00
9.634151E-01
1.000000E+00
9.564313E-01
1.000000E+00
1.000000E+00
1.000000E+00
9.636989E-01
9.680835E-01
1.000000E+00
1.000000E+00
9.600499E-01
9.220222E-01
8.933247E-01
9.541527E-01
8.984523E-01
8.857776E-01
9.584815E-01
9.300272E-01
1.000000E+00
1.000000E+00
1.000000E+00
1.000000E+00
1.000000E+00
1.000000E+00
9.378547E-01
1.000000E+00
1.000000E+00
1.000000E+00
1.000000E+00
1.000000E+00
9.090271E-01
1.000000E+00
8.693971E-01
1.000000E+00
8.980642E-01
1.000000E+00
1.000000E+00
1.000000E+00
1.000000E+00
9.171961E-01
1.000000E+00
1.000000E+00
1.000000E+00
9.400185E-01
1.000000E+00
1.000000E+00
1.000000E+00
1.000000E+00
8.630109E-01
1.000000E+00
9.085589E-01
1.000000E+00
1.000000E+00
1.000000E+00
1.000000E+00
9.538291E-01
9.344168E-01
9.617295E-01
9.519667E-01
1.000000E+00
1.000000E+00
9.560681E-01
9.487971E-01
9.235527E-01
1.000000E+00
1.000000E+00
9.459657E-01
1.000000E+00
1.000000E+00
1.000000E+00
1.000000E+00
1.000000E+00
9.294691E-01
1.000000E+00
9.560163E-01
1.000000E+00
1.000000E+00
1.000000E+00
1.000000E+00
1.000000E+00
1.000000E+00
9.632706E-01
1.000000E+00
9.235527E-01
9.518033E-01
1.000000E+00
9.614928E-01
1.000000E+00
8.484896E-01
8.184281E-01
9.520114E-01
9.094521E-01
1.000000E+00
1.000000E+00
1.000000E+00
1.000000E+00
1.000000E+00
1.000000E+00
1.000000E+00
1.000000E+00
1.000000E+00
1.000000E+00
1.000000E+00
1.000000E+00
8.708828E-01
1.000000E+00
7.732123E-01
1.000000E+00
8.476239E-01
1.000000E+00
1.000000E+00
1.000000E+00
1.000000E+00
8.867413E-01
1.000000E+00
1.000000E+00
1.000000E+00
9.255090E-01
1.000000E+00
1.000000E+00
1.000000E+00
1.000000E+00
9.234717E-01
1.000000E+00
8.699377E-01
1.000000E+00
1.000000E+00
9.537058E-01
1.000000E+00
9.331400E-01
8.829828E-01
9.485271E-01
9.291627E-01
1.000000E+00
1.000000E+00
9.377353E-01
9.220460E-01
8.432320E-01
1.000000E+00
1.000000E+00
9.152881E-01
1.000000E+00
1.000000E+00
1.000000E+00
1.000000E+00
1.000000E+00
8.662412E-01
1.000000E+00
9.376311E-01
1.000000E+00
1.000000E+00
1.000000E+00
1.000000E+00
1.000000E+00
1.000000E+00
9.512768E-01
1.000000E+00
8.432320E-01
9.288067E-01
1.000000E+00
9.480981E-01
1.000000E+00
9.665691E-01
9.653016E-01
8.349531E-01
9.708931E-01
9.711351E-01
1.000000E+00
9.163487E-01
1.000000E+00
1.000000E+00
1.000000E+00
1.000000E+00
1.000000E+00
1.000000E+00
1.000000E+00
1.000000E+00
1.000000E+00
9.678013E-01
1.000000E+00
9.639272E-01
1.000000E+00
9.665272E-01
1.000000E+00
1.000000E+00
1.000000E+00
1.000000E+00
9.688877E-01
1.000000E+00
1.000000E+00
1.000000E+00
9.727793E-01
9.750370E-01
1.000000E+00
1.000000E+00
9.703780E-01
9.725119E-01
9.468146E-01
9.677429E-01
9.424987E-01
9.386434E-01
9.325591E-01
9.542011E-01
9.559657E-01
1.000000E+00
1.000000E+00
1.000000E+00
1.000000E+00
1.000000E+00
1.000000E+00
9.515573E-01
1.000000E+00
1.000000E+00
1.000000E+00
9.470134E-01
9.460498E-01
1.000000E+00
9.342111E-01
1.000000E+00
9.423745E-01
1.000000E+00
1.000000E+00
1.000000E+00
1.000000E+00
8.885784E-01
1.000000E+00
1.000000E+00
1.000000E+00
9.587035E-01
1.000000E+00
1.000000E+00
1.000000E+00
1.000000E+00
9.580849E-01
1.000000E+00
9.458855E-01
1.000000E+00
1.000000E+00
1.000000E+00
1.000000E+00
1.000000E+00
1.000000E+00
1.000000E+00
1.000000E+00
1.000000E+00
1.000000E+00
1.000000E+00
8.751920E-01
1.000000E+00
1.000000E+00
1.000000E+00
1.000000E+00
1.000000E+00
1.000000E+00
1.000000E+00
1.000000E+00
1.000000E+00
1.000000E+00
1.000000E+00
1.000000E+00
1.000000E+00
1.000000E+00
1.000000E+00
1.000000E+00
1.000000E+00
1.000000E+00
1.000000E+00
1.000000E+00
1.000000E+00
1.000000E+00
1.000000E+00
1.000000E+00
1.000000E+00
1.000000E+00
1.000000E+00
1.000000E+00
1.000000E+00
1.000000E+00
1.000000E+00
1.000000E+00
1.000000E+00
1.000000E+00
1.000000E+00
1.000000E+00
1.000000E+00
1.000000E+00
   NaN
   NaN
1.000000E+00
1.000000E+00
   NaN
1.000000E+00
   NaN
1.000000E+00
1.000000E+00
   NaN
1.000000E+00
   NaN
1.000000E+00
   NaN
   NaN
   NaN
1.000000E+00
1.000000E+00
   NaN
1.000000E+00
1.000000E+00
1.000000E+00
1.000000E+00
1.000000E+00
8.473295E-01
8.167595E-01
9.518956E-01
9.090391E-01
1.000000E+00
1.000000E+00
1.000000E+00
1.000000E+00
1.000000E+00
1.000000E+00
1.000000E+00
1.000000E+00
1.000000E+00
1.000000E+00
1.000000E+00
1.000000E+00
8.700412E-01
1.000000E+00
7.706031E-01
1.000000E+00
8.464505E-01
1.000000E+00
1.000000E+00
1.000000E+00
1.000000E+00
8.860943E-01
1.000000E+00
1.000000E+00
1.000000E+00
9.252296E-01
1.000000E+00
1.000000E+00
1.000000E+00
1.000000E+00
9.231769E-01
1.000000E+00
8.690837E-01
1.000000E+00
1.000000E+00
1.000000E+00
1.000000E+00
1.000000E+00
1.000000E+00
1.000000E+00
1.000000E+00
1.000000E+00
1.000000E+00
1.000000E+00
1.000000E+00
1.000000E+00
   NaN
   NaN
1.000000E+00
1.000000E+00
   NaN
1.000000E+00
   NaN
1.000000E+00
1.000000E+00
   NaN
1.000000E+00
   NaN
1.000000E+00
   NaN
   NaN
   NaN
1.000000E+00
1.000000E+00
   NaN
1.000000E+00
1.000000E+00
1.000000E+00
1.000000E+00
1.000000E+00
9.426945E-01
9.388663E-01
8.541453E-01
9.543254E-01
1.000000E+00
1.000000E+00
1.000000E+00
1.000000E+00
1.000000E+00
1.000000E+00
1.000000E+00
1.000000E+00
1.000000E+00
1.000000E+00
1.000000E+00
1.000000E+00
9.462222E-01
1.000000E+00
9.344673E-01
1.000000E+00
9.425711E-01
1.000000E+00
1.000000E+00
9.586508E-01
1.000000E+00
9.491857E-01
1.000000E+00
1.000000E+00
1.000000E+00
9.588046E-01
1.000000E+00
1.000000E+00
1.000000E+00
1.000000E+00
9.108671E-01
9.634648E-01
9.460590E-01
8.700060E-01
8.484829E-01
9.544019E-01
9.176028E-01
1.000000E+00
1.000000E+00
1.000000E+00
1.000000E+00
1.000000E+00
1.000000E+00
1.000000E+00
1.000000E+00
1.000000E+00
1.000000E+00
1.000000E+00
1.000000E+00
8.868440E-01
1.000000E+00
8.182435E-01
1.000000E+00
8.693692E-01
1.000000E+00
1.000000E+00
1.000000E+00
1.000000E+00
8.992118E-01
1.000000E+00
1.000000E+00
1.000000E+00
9.311147E-01
1.000000E+00
1.000000E+00
1.000000E+00
1.000000E+00
9.293761E-01
1.000000E+00
8.861188E-01
1.000000E+00
1.000000E+00
1.000000E+00
1.000000E+00
9.219264E-01
8.436904E-01
9.421280E-01
9.164485E-01
1.000000E+00
1.000000E+00
9.281211E-01
9.063660E-01
7.636305E-01
1.000000E+00
1.000000E+00
8.964431E-01
1.000000E+00
1.000000E+00
1.000000E+00
1.000000E+00
1.000000E+00
8.123106E-01
1.000000E+00
9.279822E-01
1.000000E+00
1.000000E+00
1.000000E+00
1.000000E+00
1.000000E+00
1.000000E+00
9.455809E-01
1.000000E+00
7.636305E-01
9.159528E-01
1.000000E+00
9.415852E-01
1.000000E+00
1.000000E+00
1.000000E+00
9.546193E-01
1.000000E+00
9.330394E-01
8.826744E-01
9.484675E-01
9.290498E-01
1.000000E+00
1.000000E+00
8.622809E-01
9.219093E-01
8.426782E-01
1.000000E+00
1.000000E+00
9.151266E-01
1.000000E+00
1.000000E+00
1.000000E+00
1.000000E+00
1.000000E+00
8.658382E-01
1.000000E+00
8.656529E-01
1.000000E+00
1.000000E+00
1.000000E+00
1.000000E+00
1.000000E+00
1.000000E+00
9.512234E-01
1.000000E+00
8.426782E-01
9.286927E-01
9.313075E-01
8.894824E-01
1.000000E+00
1.000000E+00
1.000000E+00
1.000000E+00
1.000000E+00
1.000000E+00
1.000000E+00
1.000000E+00
1.000000E+00
1.000000E+00
1.000000E+00
1.000000E+00
1.000000E+00
1.000000E+00
   NaN
   NaN
1.000000E+00
1.000000E+00
   NaN
1.000000E+00
   NaN
1.000000E+00
1.000000E+00
   NaN
1.000000E+00
   NaN
1.000000E+00
   NaN
   NaN
   NaN
1.000000E+00
1.000000E+00
   NaN
1.000000E+00
1.000000E+00
1.000000E+00
1.000000E+00
1.000000E+00
