8.836269E-01
7.560067E-01
1.000000E+00
8.424146E-01
9.161681E-01
8.289149E-01
9.077269E-01
9.175272E-01
8.975701E-01
1.000000E+00
1.000000E+00
8.751945E-01
9.153119E-01
9.076668E-01
1.000000E+00
8.727789E-01
9.233887E-01
1.000000E+00
9.347985E-01
8.839957E-01
8.842963E-01
9.159933E-01
8.037128E-01
1.000000E+00
1.000000E+00
7.214230E-01
8.401174E-01
1.000000E+00
9.067373E-01
9.108630E-01
8.254951E-01
1.000000E+00
8.978885E-01
1.000000E+00
9.697935E-01
9.514184E-01
1.000000E+00
1.000000E+00
7.562161E-01
1.000000E+00
8.313403E-01
9.081361E-01
8.892526E-01
9.123362E-01
1.000000E+00
0.000000E+00
8.452359E-01
1.000000E+00
9.074486E-01
8.857674E-01
8.977897E-01
8.695000E-01
1.000000E+00
8.482139E-01
1.000000E+00
1.000000E+00
9.295949E-01
7.197240E-01
6.796119E-01
8.304377E-01
9.300385E-01
9.456510E-01
1.000000E+00
9.177802E-01
8.163727E-01
8.171246E-01
8.854428E-01
8.845071E-01
1.000000E+00
1.000000E+00
9.344011E-01
9.087537E-01
1.000000E+00
8.675119E-01
9.517877E-01
8.986422E-01
1.000000E+00
8.489119E-01
1.000000E+00
9.665897E-01
9.425597E-01
1.000000E+00
1.000000E+00
8.477583E-01
1.000000E+00
9.427551E-01
8.703170E-01
1.000000E+00
1.000000E+00
1.000000E+00
8.452359E-01
0.000000E+00
1.000000E+00
9.155959E-01
8.979282E-01
7.863797E-01
8.851340E-01
8.999398E-01
8.689586E-01
1.000000E+00
8.306931E-01
9.344110E-01
8.966562E-01
8.850408E-01
1.000000E+00
9.347962E-01
9.474554E-01
1.000000E+00
9.242738E-01
8.458876E-01
8.464176E-01
8.976691E-01
8.969231E-01
1.000000E+00
1.000000E+00
8.627645E-01
8.088972E-01
1.000000E+00
8.835964E-01
9.540959E-01
7.876269E-01
9.347045E-01
8.694792E-01
1.000000E+00
9.677147E-01
8.801581E-01
1.000000E+00
1.000000E+00
8.686192E-01
1.000000E+00
9.459803E-01
8.857674E-01
1.000000E+00
1.000000E+00
1.000000E+00
1.000000E+00
1.000000E+00
   NaN
1.000000E+00
1.000000E+00
1.000000E+00
1.000000E+00
1.000000E+00
1.000000E+00
1.000000E+00
1.000000E+00
1.000000E+00
1.000000E+00
1.000000E+00
1.000000E+00
1.000000E+00
1.000000E+00
1.000000E+00
1.000000E+00
1.000000E+00
1.000000E+00
1.000000E+00
1.000000E+00
   NaN
1.000000E+00
1.000000E+00
1.000000E+00
   NaN
1.000000E+00
1.000000E+00
1.000000E+00
1.000000E+00
1.000000E+00
1.000000E+00
1.000000E+00
1.000000E+00
1.000000E+00
   NaN
1.000000E+00
   NaN
1.000000E+00
1.000000E+00
1.000000E+00
1.000000E+00
   NaN
9.074486E-01
9.155959E-01
1.000000E+00
0.000000E+00
9.292806E-01
8.556931E-01
9.233667E-01
1.000000E+00
9.164894E-01
1.000000E+00
1.000000E+00
8.900748E-01
9.286723E-01
9.233252E-01
1.000000E+00
9.491867E-01
9.276661E-01
1.000000E+00
9.430162E-01
9.076821E-01
9.078725E-01
9.291563E-01
8.414308E-01
1.000000E+00
1.000000E+00
8.959137E-01
9.388217E-01
1.000000E+00
9.226854E-01
9.187211E-01
9.344364E-01
1.000000E+00
9.167012E-01
1.000000E+00
9.716852E-01
9.561321E-01
1.000000E+00
1.000000E+00
9.163517E-01
1.000000E+00
9.065278E-01
9.236491E-01
1.000000E+00
9.261206E-01
1.000000E+00
8.857674E-01
8.979282E-01
1.000000E+00
9.292806E-01
0.000000E+00
9.237766E-01
9.090778E-01
1.000000E+00
8.992321E-01
1.000000E+00
1.000000E+00
9.429845E-01
9.164513E-01
9.090194E-01
1.000000E+00
9.432758E-01
9.509715E-01
1.000000E+00
9.354760E-01
8.861228E-01
8.864125E-01
6.772496E-01
9.166258E-01
1.000000E+00
1.000000E+00
9.461779E-01
9.300451E-01
1.000000E+00
9.081171E-01
9.104924E-01
9.242517E-01
1.000000E+00
8.995402E-01
9.117770E-01
9.360314E-01
9.517955E-01
1.000000E+00
1.000000E+00
8.990315E-01
1.000000E+00
8.287646E-01
9.094751E-01
1.000000E+00
1.000000E+00
1.000000E+00
8.977897E-01
7.863797E-01
1.000000E+00
8.556931E-01
9.237766E-01
0.000000E+00
9.168613E-01
9.234612E-01
9.087047E-01
1.000000E+00
7.447769E-01
8.836719E-01
9.230694E-01
9.168125E-01
1.000000E+00
9.464061E-01
9.259773E-01
1.000000E+00
9.394958E-01
8.980743E-01
8.983064E-01
9.236321E-01
9.232175E-01
1.000000E+00
1.000000E+00
8.901907E-01
9.347455E-01
1.000000E+00
9.160588E-01
8.626860E-01
9.297323E-01
9.456116E-01
9.089577E-01
1.000000E+00
9.357016E-01
8.993990E-01
1.000000E+00
1.000000E+00
9.085401E-01
1.000000E+00
8.423806E-01
9.171936E-01
1.000000E+00
9.203379E-01
1.000000E+00
8.695000E-01
8.851340E-01
1.000000E+00
9.233667E-01
9.090778E-01
9.168613E-01
0.000000E+00
1.000000E+00
8.867826E-01
1.000000E+00
1.000000E+00
9.392018E-01
9.080699E-01
8.989912E-01
1.000000E+00
9.395329E-01
9.761844E-01
1.000000E+00
9.305886E-01
8.699636E-01
8.703412E-01
9.088722E-01
9.082812E-01
1.000000E+00
1.000000E+00
9.428196E-01
9.242636E-01
1.000000E+00
8.978778E-01
9.564951E-01
9.174262E-01
1.000000E+00
8.871714E-01
1.000000E+00
9.314724E-01
8.895039E-01
1.000000E+00
1.000000E+00
8.865293E-01
1.000000E+00
9.492724E-01
8.995526E-01
1.000000E+00
1.000000E+00
1.000000E+00
1.000000E+00
8.999398E-01
1.000000E+00
1.000000E+00
1.000000E+00
9.234612E-01
1.000000E+00
0.000000E+00
1.000000E+00
8.962272E-01
7.594197E-01
1.000000E+00
1.000000E+00
1.000000E+00
1.000000E+00
1.000000E+00
1.000000E+00
9.064111E-01
1.000000E+00
1.000000E+00
1.000000E+00
1.000000E+00
1.000000E+00
1.000000E+00
9.379810E-01
1.000000E+00
1.000000E+00
1.000000E+00
1.000000E+00
1.000000E+00
1.000000E+00
8.887607E-01
1.000000E+00
9.221143E-01
1.000000E+00
9.502853E-01
1.000000E+00
1.000000E+00
1.000000E+00
1.000000E+00
1.000000E+00
1.000000E+00
7.882066E-01
9.219779E-01
1.000000E+00
8.482139E-01
8.689586E-01
1.000000E+00
9.164894E-01
8.992321E-01
9.087047E-01
8.867826E-01
1.000000E+00
0.000000E+00
1.000000E+00
1.000000E+00
9.349519E-01
8.979926E-01
8.866921E-01
1.000000E+00
9.353307E-01
9.755589E-01
1.000000E+00
9.249939E-01
8.488407E-01
8.493506E-01
8.989795E-01
8.982527E-01
1.000000E+00
1.000000E+00
9.390759E-01
9.175535E-01
1.000000E+00
8.852891E-01
9.543615E-01
9.093855E-01
1.000000E+00
8.716036E-01
1.000000E+00
9.678463E-01
9.461761E-01
1.000000E+00
1.000000E+00
8.707714E-01
1.000000E+00
9.463477E-01
8.873980E-01
1.000000E+00
1.000000E+00
1.000000E+00
1.000000E+00
1.000000E+00
1.000000E+00
1.000000E+00
1.000000E+00
1.000000E+00
1.000000E+00
8.962272E-01
1.000000E+00
0.000000E+00
8.119906E-01
1.000000E+00
1.000000E+00
1.000000E+00
1.000000E+00
1.000000E+00
1.000000E+00
8.437625E-01
1.000000E+00
1.000000E+00
1.000000E+00
1.000000E+00
1.000000E+00
1.000000E+00
9.155376E-01
1.000000E+00
1.000000E+00
1.000000E+00
1.000000E+00
1.000000E+00
1.000000E+00
9.344557E-01
1.000000E+00
8.831068E-01
1.000000E+00
1.000000E+00
1.000000E+00
1.000000E+00
1.000000E+00
1.000000E+00
1.000000E+00
1.000000E+00
8.439116E-01
7.225687E-01
1.000000E+00
1.000000E+00
8.306931E-01
1.000000E+00
1.000000E+00
1.000000E+00
7.447769E-01
1.000000E+00
7.594197E-01
1.000000E+00
8.119906E-01
0.000000E+00
1.000000E+00
1.000000E+00
1.000000E+00
1.000000E+00
1.000000E+00
1.000000E+00
8.429518E-01
1.000000E+00
1.000000E+00
1.000000E+00
1.000000E+00
1.000000E+00
1.000000E+00
9.153012E-01
1.000000E+00
1.000000E+00
1.000000E+00
1.000000E+00
9.460788E-01
1.000000E+00
8.548605E-01
1.000000E+00
8.826535E-01
1.000000E+00
9.376062E-01
1.000000E+00
1.000000E+00
1.000000E+00
1.000000E+00
1.000000E+00
1.000000E+00
8.431024E-01
8.823435E-01
1.000000E+00
9.295949E-01
9.344110E-01
1.000000E+00
8.900748E-01
9.429845E-01
8.836719E-01
9.392018E-01
1.000000E+00
9.349519E-01
1.000000E+00
1.000000E+00
0.000000E+00
8.745591E-01
9.391757E-01
1.000000E+00
9.566698E-01
9.334144E-01
1.000000E+00
9.522617E-01
9.297301E-01
9.298404E-01
8.706561E-01
9.426723E-01
1.000000E+00
1.000000E+00
8.590469E-01
9.493527E-01
1.000000E+00
8.656465E-01
8.872917E-01
9.463838E-01
1.000000E+00
9.350804E-01
1.000000E+00
9.454926E-01
9.618239E-01
1.000000E+00
1.000000E+00
9.348684E-01
1.000000E+00
9.191270E-01
9.393797E-01
1.000000E+00
9.404979E-01
1.000000E+00
7.197240E-01
8.966562E-01
1.000000E+00
9.286723E-01
9.164513E-01
9.230694E-01
9.080699E-01
1.000000E+00
8.979926E-01
1.000000E+00
1.000000E+00
8.745591E-01
0.000000E+00
7.881315E-01
1.000000E+00
9.428851E-01
9.510127E-01
1.000000E+00
9.349700E-01
8.845373E-01
8.848350E-01
9.162777E-01
9.157791E-01
1.000000E+00
1.000000E+00
8.820586E-01
9.294500E-01
1.000000E+00
7.885756E-01
9.103674E-01
9.235534E-01
1.000000E+00
8.983083E-01
1.000000E+00
9.360323E-01
8.932631E-01
1.000000E+00
1.000000E+00
8.977870E-01
1.000000E+00
9.516530E-01
9.084761E-01
8.859161E-01
1.000000E+00
1.000000E+00
6.796119E-01
8.850408E-01
1.000000E+00
9.233252E-01
9.090194E-01
9.168125E-01
8.989912E-01
1.000000E+00
8.866921E-01
1.000000E+00
1.000000E+00
9.391757E-01
7.881315E-01
0.000000E+00
8.739107E-01
9.395071E-01
9.486253E-01
1.000000E+00
9.305546E-01
8.698442E-01
8.702225E-01
9.088136E-01
9.082218E-01
1.000000E+00
1.000000E+00
9.427965E-01
9.242232E-01
1.000000E+00
8.978042E-01
9.564818E-01
9.173781E-01
1.000000E+00
8.870815E-01
1.000000E+00
9.689134E-01
9.491008E-01
1.000000E+00
1.000000E+00
8.864384E-01
1.000000E+00
9.492543E-01
8.994813E-01
1.000000E+00
1.000000E+00
1.000000E+00
8.304377E-01
1.000000E+00
1.000000E+00
1.000000E+00
1.000000E+00
1.000000E+00
1.000000E+00
1.000000E+00
1.000000E+00
1.000000E+00
1.000000E+00
1.000000E+00
1.000000E+00
8.739107E-01
0.000000E+00
1.000000E+00
9.730422E-01
1.000000E+00
1.000000E+00
1.000000E+00
1.000000E+00
1.000000E+00
1.000000E+00
1.000000E+00
1.000000E+00
1.000000E+00
1.000000E+00
1.000000E+00
1.000000E+00
1.000000E+00
1.000000E+00
1.000000E+00
1.000000E+00
1.000000E+00
1.000000E+00
1.000000E+00
1.000000E+00
1.000000E+00
1.000000E+00
1.000000E+00
1.000000E+00
1.000000E+00
1.000000E+00
1.000000E+00
1.000000E+00
9.300385E-01
9.347962E-01
1.000000E+00
9.491867E-01
9.432758E-01
9.464061E-01
9.395329E-01
1.000000E+00
9.353307E-01
1.000000E+00
1.000000E+00
9.566698E-01
9.428851E-01
9.395071E-01
1.000000E+00
0.000000E+00
9.794324E-01
1.000000E+00
8.931380E-01
9.301720E-01
9.302810E-01
9.431958E-01
9.429667E-01
1.000000E+00
1.000000E+00
9.585393E-01
9.495826E-01
1.000000E+00
9.391095E-01
9.662352E-01
8.818781E-01
1.000000E+00
9.354578E-01
1.000000E+00
9.742308E-01
9.619547E-01
1.000000E+00
1.000000E+00
9.352482E-01
1.000000E+00
9.174821E-01
9.397089E-01
1.000000E+00
1.000000E+00
1.000000E+00
9.456510E-01
9.474554E-01
1.000000E+00
9.276661E-01
9.509715E-01
9.259773E-01
9.761844E-01
1.000000E+00
9.755589E-01
1.000000E+00
1.000000E+00
9.334144E-01
9.510127E-01
9.486253E-01
9.730422E-01
9.794324E-01
0.000000E+00
1.000000E+00
9.784895E-01
9.748569E-01
9.748710E-01
9.509426E-01
9.767361E-01
1.000000E+00
1.000000E+00
8.563886E-01
9.528025E-01
1.000000E+00
9.497099E-01
8.730369E-01
9.516055E-01
1.000000E+00
9.755771E-01
9.488320E-01
9.309776E-01
9.593187E-01
1.000000E+00
1.000000E+00
9.755471E-01
1.000000E+00
8.900287E-01
9.762118E-01
1.000000E+00
9.758364E-01
1.000000E+00
1.000000E+00
1.000000E+00
1.000000E+00
1.000000E+00
1.000000E+00
1.000000E+00
1.000000E+00
9.064111E-01
1.000000E+00
8.437625E-01
8.429518E-01
1.000000E+00
1.000000E+00
1.000000E+00
1.000000E+00
1.000000E+00
1.000000E+00
0.000000E+00
9.175212E-01
1.000000E+00
1.000000E+00
1.000000E+00
1.000000E+00
1.000000E+00
7.111160E-01
1.000000E+00
1.000000E+00
1.000000E+00
1.000000E+00
1.000000E+00
9.001363E-01
9.386708E-01
1.000000E+00
8.958703E-01
1.000000E+00
1.000000E+00
1.000000E+00
1.000000E+00
1.000000E+00
1.000000E+00
1.000000E+00
1.000000E+00
8.658657E-01
7.578894E-01
1.000000E+00
9.177802E-01
9.242738E-01
1.000000E+00
9.430162E-01
9.354760E-01
9.394958E-01
9.305886E-01
1.000000E+00
9.249939E-01
1.000000E+00
1.000000E+00
9.522617E-01
9.349700E-01
9.305546E-01
1.000000E+00
8.931380E-01
9.784895E-01
9.175212E-01
0.000000E+00
9.179645E-01
9.181149E-01
9.353725E-01
9.350758E-01
1.000000E+00
9.420082E-01
9.545210E-01
9.435136E-01
1.000000E+00
9.300302E-01
9.636173E-01
8.654799E-01
1.000000E+00
9.251647E-01
1.000000E+00
9.400049E-01
9.585980E-01
1.000000E+00
1.000000E+00
9.248828E-01
1.000000E+00
9.586996E-01
9.308205E-01
1.000000E+00
9.292332E-01
1.000000E+00
8.163727E-01
8.458876E-01
1.000000E+00
9.076821E-01
8.861228E-01
8.980743E-01
8.699636E-01
1.000000E+00
8.488407E-01
1.000000E+00
1.000000E+00
9.297301E-01
8.845373E-01
8.698442E-01
1.000000E+00
9.301720E-01
9.748569E-01
1.000000E+00
9.179645E-01
0.000000E+00
5.091783E-01
8.858002E-01
8.848704E-01
1.000000E+00
1.000000E+00
9.345184E-01
9.089807E-01
1.000000E+00
8.679897E-01
9.518511E-01
8.989221E-01
1.000000E+00
8.495330E-01
1.000000E+00
9.666202E-01
9.426497E-01
1.000000E+00
1.000000E+00
8.483889E-01
1.000000E+00
9.428445E-01
8.707749E-01
1.000000E+00
1.000000E+00
1.000000E+00
8.171246E-01
8.464176E-01
1.000000E+00
9.078725E-01
8.864125E-01
8.983064E-01
8.703412E-01
1.000000E+00
8.493506E-01
1.000000E+00
1.000000E+00
9.298404E-01
8.848350E-01
8.702225E-01
1.000000E+00
9.302810E-01
9.748710E-01
1.000000E+00
9.181149E-01
5.091783E-01
0.000000E+00
8.860915E-01
8.851664E-01
1.000000E+00
1.000000E+00
9.346143E-01
9.091658E-01
1.000000E+00
8.683788E-01
9.519030E-01
8.991504E-01
1.000000E+00
8.500383E-01
1.000000E+00
9.666451E-01
9.427232E-01
1.000000E+00
1.000000E+00
8.489019E-01
1.000000E+00
9.429175E-01
8.711477E-01
1.000000E+00
1.000000E+00
1.000000E+00
8.854428E-01
8.976691E-01
1.000000E+00
9.291563E-01
6.772496E-01
9.236321E-01
9.088722E-01
1.000000E+00
8.989795E-01
1.000000E+00
1.000000E+00
8.706561E-01
9.162777E-01
9.088136E-01
1.000000E+00
9.431958E-01
9.509426E-01
1.000000E+00
9.353725E-01
8.858002E-01
8.860915E-01
0.000000E+00
9.164530E-01
1.000000E+00
1.000000E+00
9.461059E-01
9.299235E-01
1.000000E+00
9.079072E-01
8.559523E-01
9.241091E-01
1.000000E+00
8.992892E-01
9.115945E-01
9.359820E-01
9.517378E-01
1.000000E+00
1.000000E+00
8.987780E-01
1.000000E+00
7.552819E-01
9.092714E-01
1.000000E+00
1.000000E+00
1.000000E+00
8.845071E-01
8.969231E-01
1.000000E+00
8.414308E-01
9.166258E-01
9.232175E-01
9.082812E-01
1.000000E+00
8.982527E-01
1.000000E+00
1.000000E+00
9.426723E-01
9.157791E-01
9.082218E-01
1.000000E+00
9.429667E-01
9.767361E-01
1.000000E+00
9.350758E-01
8.848704E-01
8.851664E-01
9.164530E-01
0.000000E+00
1.000000E+00
1.000000E+00
8.788357E-01
9.295745E-01
1.000000E+00
7.873415E-01
9.583014E-01
9.236996E-01
1.000000E+00
8.985668E-01
1.000000E+00
9.698532E-01
8.944354E-01
1.000000E+00
1.000000E+00
7.580507E-01
1.000000E+00
9.517115E-01
9.086855E-01
1.000000E+00
1.000000E+00
1.000000E+00
1.000000E+00
1.000000E+00
   NaN
1.000000E+00
1.000000E+00
1.000000E+00
1.000000E+00
1.000000E+00
1.000000E+00
1.000000E+00
1.000000E+00
1.000000E+00
1.000000E+00
1.000000E+00
1.000000E+00
1.000000E+00
1.000000E+00
1.000000E+00
1.000000E+00
1.000000E+00
1.000000E+00
1.000000E+00
1.000000E+00
   NaN
1.000000E+00
1.000000E+00
1.000000E+00
   NaN
1.000000E+00
1.000000E+00
1.000000E+00
1.000000E+00
1.000000E+00
1.000000E+00
1.000000E+00
1.000000E+00
1.000000E+00
   NaN
1.000000E+00
   NaN
1.000000E+00
1.000000E+00
1.000000E+00
1.000000E+00
   NaN
1.000000E+00
1.000000E+00
1.000000E+00
1.000000E+00
1.000000E+00
1.000000E+00
1.000000E+00
9.379810E-01
1.000000E+00
9.155376E-01
9.153012E-01
1.000000E+00
1.000000E+00
1.000000E+00
1.000000E+00
1.000000E+00
1.000000E+00
7.111160E-01
9.420082E-01
1.000000E+00
1.000000E+00
1.000000E+00
1.000000E+00
1.000000E+00
0.000000E+00
1.000000E+00
1.000000E+00
1.000000E+00
1.000000E+00
1.000000E+00
9.339199E-01
9.540114E-01
1.000000E+00
9.335216E-01
1.000000E+00
1.000000E+00
1.000000E+00
1.000000E+00
1.000000E+00
1.000000E+00
1.000000E+00
1.000000E+00
9.224463E-01
8.522364E-01
1.000000E+00
9.344011E-01
8.627645E-01
1.000000E+00
8.959137E-01
9.461779E-01
8.901907E-01
9.428196E-01
1.000000E+00
9.390759E-01
1.000000E+00
1.000000E+00
8.590469E-01
8.820586E-01
9.427965E-01
1.000000E+00
9.585393E-01
8.563886E-01
1.000000E+00
9.545210E-01
9.345184E-01
9.346143E-01
9.461059E-01
8.788357E-01
1.000000E+00
1.000000E+00
0.000000E+00
8.940999E-01
1.000000E+00
8.742132E-01
8.914107E-01
8.878769E-01
1.000000E+00
9.391887E-01
9.412997E-01
9.469581E-01
9.632826E-01
1.000000E+00
1.000000E+00
8.622717E-01
1.000000E+00
9.223324E-01
9.429770E-01
1.000000E+00
9.438440E-01
1.000000E+00
9.087537E-01
8.088972E-01
1.000000E+00
9.388217E-01
9.300451E-01
9.347455E-01
9.242636E-01
1.000000E+00
9.175535E-01
1.000000E+00
1.000000E+00
9.493527E-01
9.294500E-01
9.242232E-01
1.000000E+00
9.495826E-01
9.528025E-01
1.000000E+00
9.435136E-01
9.089807E-01
9.091658E-01
9.299235E-01
9.295745E-01
1.000000E+00
1.000000E+00
8.940999E-01
0.000000E+00
1.000000E+00
9.235983E-01
9.619518E-01
8.543295E-01
1.000000E+00
9.177599E-01
1.000000E+00
9.718086E-01
9.564275E-01
8.903603E-01
1.000000E+00
9.174193E-01
1.000000E+00
9.565400E-01
9.245395E-01
1.000000E+00
1.000000E+00
1.000000E+00
1.000000E+00
1.000000E+00
   NaN
1.000000E+00
1.000000E+00
1.000000E+00
1.000000E+00
1.000000E+00
1.000000E+00
1.000000E+00
1.000000E+00
1.000000E+00
1.000000E+00
1.000000E+00
1.000000E+00
1.000000E+00
1.000000E+00
1.000000E+00
1.000000E+00
1.000000E+00
1.000000E+00
1.000000E+00
1.000000E+00
   NaN
1.000000E+00
1.000000E+00
1.000000E+00
   NaN
1.000000E+00
1.000000E+00
1.000000E+00
1.000000E+00
1.000000E+00
1.000000E+00
1.000000E+00
1.000000E+00
1.000000E+00
   NaN
1.000000E+00
   NaN
1.000000E+00
1.000000E+00
1.000000E+00
1.000000E+00
   NaN
8.675119E-01
8.835964E-01
1.000000E+00
9.226854E-01
9.081171E-01
9.160588E-01
8.978778E-01
1.000000E+00
8.852891E-01
1.000000E+00
1.000000E+00
8.656465E-01
7.885756E-01
8.978042E-01
1.000000E+00
9.391095E-01
9.497099E-01
1.000000E+00
9.300302E-01
8.679897E-01
8.683788E-01
9.079072E-01
7.873415E-01
1.000000E+00
1.000000E+00
8.742132E-01
9.235983E-01
1.000000E+00
0.000000E+00
8.471036E-01
9.166347E-01
1.000000E+00
8.856883E-01
1.000000E+00
9.337927E-01
8.880878E-01
1.000000E+00
1.000000E+00
8.850292E-01
1.000000E+00
9.489748E-01
8.983788E-01
1.000000E+00
1.000000E+00
1.000000E+00
9.517877E-01
9.540959E-01
1.000000E+00
9.187211E-01
9.104924E-01
8.626860E-01
9.564951E-01
1.000000E+00
9.543615E-01
1.000000E+00
9.460788E-01
8.872917E-01
9.103674E-01
9.564818E-01
1.000000E+00
9.662352E-01
8.730369E-01
1.000000E+00
9.636173E-01
9.518511E-01
9.519030E-01
8.559523E-01
9.583014E-01
1.000000E+00
1.000000E+00
8.914107E-01
9.619518E-01
1.000000E+00
8.471036E-01
0.000000E+00
9.603004E-01
1.000000E+00
9.544248E-01
9.558339E-01
9.006936E-01
8.982142E-01
1.000000E+00
1.000000E+00
9.543204E-01
1.000000E+00
8.158508E-01
9.565863E-01
1.000000E+00
9.567056E-01
1.000000E+00
8.986422E-01
7.876269E-01
1.000000E+00
9.344364E-01
9.242517E-01
9.297323E-01
9.174262E-01
1.000000E+00
9.093855E-01
1.000000E+00
1.000000E+00
9.463838E-01
9.235534E-01
9.173781E-01
1.000000E+00
8.818781E-01
9.516055E-01
9.001363E-01
8.654799E-01
8.989221E-01
8.991504E-01
9.241091E-01
9.236996E-01
1.000000E+00
9.339199E-01
8.878769E-01
8.543295E-01
1.000000E+00
9.166347E-01
9.603004E-01
0.000000E+00
1.000000E+00
9.096348E-01
1.000000E+00
9.709120E-01
9.542479E-01
1.000000E+00
1.000000E+00
9.092234E-01
1.000000E+00
9.543720E-01
9.177541E-01
1.000000E+00
9.168070E-01
1.000000E+00
1.000000E+00
9.347045E-01
1.000000E+00
1.000000E+00
1.000000E+00
9.456116E-01
1.000000E+00
8.887607E-01
1.000000E+00
9.344557E-01
8.548605E-01
1.000000E+00
1.000000E+00
1.000000E+00
1.000000E+00
1.000000E+00
1.000000E+00
9.386708E-01
1.000000E+00
1.000000E+00
1.000000E+00
1.000000E+00
1.000000E+00
1.000000E+00
9.540114E-01
1.000000E+00
1.000000E+00
1.000000E+00
1.000000E+00
1.000000E+00
1.000000E+00
0.000000E+00
1.000000E+00
9.458281E-01
1.000000E+00
9.606853E-01
1.000000E+00
1.000000E+00
1.000000E+00
1.000000E+00
1.000000E+00
1.000000E+00
9.386938E-01
9.457621E-01
1.000000E+00
8.489119E-01
8.694792E-01
1.000000E+00
9.167012E-01
8.995402E-01
9.089577E-01
8.871714E-01
1.000000E+00
8.716036E-01
1.000000E+00
1.000000E+00
9.350804E-01
8.983083E-01
8.870815E-01
1.000000E+00
9.354578E-01
9.755771E-01
1.000000E+00
9.251647E-01
8.495330E-01
8.500383E-01
8.992892E-01
8.985668E-01
1.000000E+00
1.000000E+00
9.391887E-01
9.177599E-01
1.000000E+00
8.856883E-01
9.544248E-01
9.096348E-01
1.000000E+00
0.000000E+00
1.000000E+00
9.678778E-01
9.462641E-01
1.000000E+00
1.000000E+00
8.712778E-01
1.000000E+00
9.464351E-01
8.877826E-01
1.000000E+00
1.000000E+00
1.000000E+00
1.000000E+00
1.000000E+00
1.000000E+00
1.000000E+00
9.117770E-01
1.000000E+00
1.000000E+00
9.221143E-01
1.000000E+00
8.831068E-01
8.826535E-01
1.000000E+00
1.000000E+00
1.000000E+00
1.000000E+00
1.000000E+00
9.488320E-01
8.958703E-01
1.000000E+00
1.000000E+00
1.000000E+00
9.115945E-01
1.000000E+00
1.000000E+00
9.335216E-01
9.412997E-01
1.000000E+00
1.000000E+00
1.000000E+00
9.558339E-01
1.000000E+00
9.458281E-01
1.000000E+00
0.000000E+00
9.680607E-01
1.000000E+00
1.000000E+00
1.000000E+00
1.000000E+00
1.000000E+00
9.488618E-01
1.000000E+00
8.959365E-01
9.147866E-01
1.000000E+00
9.665897E-01
9.677147E-01
1.000000E+00
9.716852E-01
9.360314E-01
9.357016E-01
9.314724E-01
1.000000E+00
9.678463E-01
1.000000E+00
1.000000E+00
9.454926E-01
9.360323E-01
9.689134E-01
1.000000E+00
9.742308E-01
9.309776E-01
1.000000E+00
9.400049E-01
9.666202E-01
9.666451E-01
9.359820E-01
9.698532E-01
1.000000E+00
1.000000E+00
9.469581E-01
9.718086E-01
1.000000E+00
9.337927E-01
9.006936E-01
9.709120E-01
1.000000E+00
9.678778E-01
9.680607E-01
0.000000E+00
9.761461E-01
1.000000E+00
1.000000E+00
9.678259E-01
1.000000E+00
9.496544E-01
9.689668E-01
1.000000E+00
1.000000E+00
1.000000E+00
9.425597E-01
8.801581E-01
1.000000E+00
9.561321E-01
9.517955E-01
8.993990E-01
8.895039E-01
9.502853E-01
9.461761E-01
1.000000E+00
9.376062E-01
9.618239E-01
8.932631E-01
9.491008E-01
1.000000E+00
9.619547E-01
9.593187E-01
1.000000E+00
9.585980E-01
9.426497E-01
9.427232E-01
9.517378E-01
8.944354E-01
1.000000E+00
1.000000E+00
9.632826E-01
9.564275E-01
1.000000E+00
8.880878E-01
8.982142E-01
9.542479E-01
9.606853E-01
9.462641E-01
1.000000E+00
9.761461E-01
0.000000E+00
1.000000E+00
1.000000E+00
9.461189E-01
1.000000E+00
9.274074E-01
9.492437E-01
1.000000E+00
1.000000E+00
1.000000E+00
1.000000E+00
1.000000E+00
1.000000E+00
1.000000E+00
1.000000E+00
1.000000E+00
1.000000E+00
1.000000E+00
1.000000E+00
1.000000E+00
1.000000E+00
1.000000E+00
1.000000E+00
1.000000E+00
1.000000E+00
1.000000E+00
1.000000E+00
1.000000E+00
1.000000E+00
1.000000E+00
1.000000E+00
1.000000E+00
1.000000E+00
1.000000E+00
1.000000E+00
1.000000E+00
8.903603E-01
1.000000E+00
1.000000E+00
1.000000E+00
1.000000E+00
1.000000E+00
1.000000E+00
1.000000E+00
1.000000E+00
1.000000E+00
0.000000E+00
1.000000E+00
1.000000E+00
1.000000E+00
1.000000E+00
1.000000E+00
1.000000E+00
1.000000E+00
1.000000E+00
1.000000E+00
1.000000E+00
   NaN
1.000000E+00
1.000000E+00
1.000000E+00
1.000000E+00
1.000000E+00
1.000000E+00
1.000000E+00
1.000000E+00
1.000000E+00
1.000000E+00
1.000000E+00
1.000000E+00
1.000000E+00
1.000000E+00
1.000000E+00
1.000000E+00
1.000000E+00
1.000000E+00
1.000000E+00
1.000000E+00
   NaN
1.000000E+00
1.000000E+00
1.000000E+00
   NaN
1.000000E+00
1.000000E+00
1.000000E+00
1.000000E+00
1.000000E+00
1.000000E+00
1.000000E+00
1.000000E+00
1.000000E+00
   NaN
1.000000E+00
   NaN
1.000000E+00
1.000000E+00
1.000000E+00
1.000000E+00
   NaN
8.477583E-01
8.686192E-01
1.000000E+00
9.163517E-01
8.990315E-01
9.085401E-01
8.865293E-01
1.000000E+00
8.707714E-01
1.000000E+00
1.000000E+00
9.348684E-01
8.977870E-01
8.864384E-01
1.000000E+00
9.352482E-01
9.755471E-01
1.000000E+00
9.248828E-01
8.483889E-01
8.489019E-01
8.987780E-01
7.580507E-01
1.000000E+00
1.000000E+00
8.622717E-01
9.174193E-01
1.000000E+00
8.850292E-01
9.543204E-01
9.092234E-01
1.000000E+00
8.712778E-01
1.000000E+00
9.678259E-01
9.461189E-01
1.000000E+00
1.000000E+00
0.000000E+00
1.000000E+00
9.462909E-01
8.871475E-01
1.000000E+00
1.000000E+00
1.000000E+00
1.000000E+00
1.000000E+00
   NaN
1.000000E+00
1.000000E+00
1.000000E+00
1.000000E+00
1.000000E+00
1.000000E+00
1.000000E+00
1.000000E+00
1.000000E+00
1.000000E+00
1.000000E+00
1.000000E+00
1.000000E+00
1.000000E+00
1.000000E+00
1.000000E+00
1.000000E+00
1.000000E+00
1.000000E+00
1.000000E+00
   NaN
1.000000E+00
1.000000E+00
1.000000E+00
   NaN
1.000000E+00
1.000000E+00
1.000000E+00
1.000000E+00
1.000000E+00
1.000000E+00
1.000000E+00
1.000000E+00
1.000000E+00
   NaN
1.000000E+00
   NaN
1.000000E+00
1.000000E+00
1.000000E+00
1.000000E+00
   NaN
9.427551E-01
9.459803E-01
1.000000E+00
9.065278E-01
8.287646E-01
8.423806E-01
9.492724E-01
1.000000E+00
9.463477E-01
1.000000E+00
1.000000E+00
9.191270E-01
9.516530E-01
9.492543E-01
1.000000E+00
9.174821E-01
8.900287E-01
1.000000E+00
9.586996E-01
9.428445E-01
9.429175E-01
7.552819E-01
9.517115E-01
1.000000E+00
1.000000E+00
9.223324E-01
9.565400E-01
1.000000E+00
9.489748E-01
8.158508E-01
9.543720E-01
1.000000E+00
9.464351E-01
9.488618E-01
9.496544E-01
9.274074E-01
1.000000E+00
1.000000E+00
9.462909E-01
1.000000E+00
0.000000E+00
9.493963E-01
1.000000E+00
9.498704E-01
1.000000E+00
8.703170E-01
8.857674E-01
1.000000E+00
9.236491E-01
9.094751E-01
9.171936E-01
8.995526E-01
1.000000E+00
8.873980E-01
1.000000E+00
1.000000E+00
9.393797E-01
9.084761E-01
8.994813E-01
1.000000E+00
9.397089E-01
9.762118E-01
1.000000E+00
9.308205E-01
8.707749E-01
8.711477E-01
9.092714E-01
9.086855E-01
1.000000E+00
1.000000E+00
9.429770E-01
9.245395E-01
1.000000E+00
8.983788E-01
9.565863E-01
9.177541E-01
1.000000E+00
8.877826E-01
1.000000E+00
9.689668E-01
9.492437E-01
1.000000E+00
1.000000E+00
8.871475E-01
1.000000E+00
9.493963E-01
0.000000E+00
1.000000E+00
1.000000E+00
1.000000E+00
1.000000E+00
1.000000E+00
1.000000E+00
1.000000E+00
1.000000E+00
1.000000E+00
1.000000E+00
7.882066E-01
1.000000E+00
8.439116E-01
8.431024E-01
1.000000E+00
8.859161E-01
1.000000E+00
1.000000E+00
1.000000E+00
1.000000E+00
8.658657E-01
1.000000E+00
1.000000E+00
1.000000E+00
1.000000E+00
1.000000E+00
1.000000E+00
9.224463E-01
1.000000E+00
1.000000E+00
1.000000E+00
1.000000E+00
1.000000E+00
1.000000E+00
9.386938E-01
1.000000E+00
8.959365E-01
1.000000E+00
1.000000E+00
1.000000E+00
1.000000E+00
1.000000E+00
1.000000E+00
1.000000E+00
1.000000E+00
0.000000E+00
8.956927E-01
1.000000E+00
1.000000E+00
1.000000E+00
1.000000E+00
9.261206E-01
1.000000E+00
9.203379E-01
1.000000E+00
9.219779E-01
1.000000E+00
7.225687E-01
8.823435E-01
9.404979E-01
1.000000E+00
1.000000E+00
1.000000E+00
1.000000E+00
9.758364E-01
7.578894E-01
9.292332E-01
1.000000E+00
1.000000E+00
1.000000E+00
1.000000E+00
1.000000E+00
8.522364E-01
9.438440E-01
1.000000E+00
1.000000E+00
1.000000E+00
9.567056E-01
9.168070E-01
9.457621E-01
1.000000E+00
9.147866E-01
1.000000E+00
1.000000E+00
1.000000E+00
1.000000E+00
1.000000E+00
1.000000E+00
9.498704E-01
1.000000E+00
8.956927E-01
0.000000E+00
1.000000E+00
1.000000E+00
1.000000E+00
   NaN
1.000000E+00
1.000000E+00
1.000000E+00
1.000000E+00
1.000000E+00
1.000000E+00
1.000000E+00
1.000000E+00
1.000000E+00
1.000000E+00
1.000000E+00
1.000000E+00
1.000000E+00
1.000000E+00
1.000000E+00
1.000000E+00
1.000000E+00
1.000000E+00
1.000000E+00
1.000000E+00
   NaN
1.000000E+00
1.000000E+00
1.000000E+00
   NaN
1.000000E+00
1.000000E+00
1.000000E+00
1.000000E+00
1.000000E+00
1.000000E+00
1.000000E+00
1.000000E+00
1.000000E+00
   NaN
1.000000E+00
   NaN
1.000000E+00
1.000000E+00
1.000000E+00
1.000000E+00
   NaN
