8.666890E-01
8.958259E-01
8.128380E-01
8.662681E-01
8.123148E-01
8.833054E-01
9.062827E-01
8.661527E-01
8.831133E-01
1.000000E+00
9.221652E-01
1.000000E+00
8.132217E-01
8.671472E-01
8.441768E-01
8.442236E-01
6.843824E-01
7.653224E-01
7.653224E-01
1.000000E+00
8.442572E-01
1.000000E+00
8.668682E-01
8.959284E-01
8.668838E-01
6.843824E-01
1.000000E+00
9.067196E-01
1.000000E+00
6.843824E-01
1.000000E+00
8.130058E-01
7.644993E-01
7.641559E-01
8.662602E-01
9.071983E-01
8.069616E-01
8.959980E-01
7.640151E-01
8.128380E-01
1.000000E+00
6.843824E-01
8.654618E-01
8.962462E-01
8.654562E-01
6.843824E-01
8.831165E-01
8.838415E-01
1.000000E+00
8.110343E-01
6.843824E-01
8.663086E-01
1.000000E+00
9.329178E-01
1.000000E+00
7.560764E-01
8.124527E-01
8.830915E-01
7.653224E-01
1.000000E+00
8.094535E-01
1.000000E+00
1.000000E+00
8.439312E-01
0.000000E+00
9.149934E-01
8.667987E-01
8.962884E-01
8.665340E-01
9.068368E-01
9.220872E-01
8.962190E-01
9.067144E-01
1.000000E+00
9.333875E-01
1.000000E+00
6.743087E-01
8.968179E-01
8.834771E-01
8.835032E-01
8.124835E-01
8.443735E-01
8.443735E-01
1.000000E+00
8.835221E-01
1.000000E+00
8.966497E-01
9.150616E-01
8.966590E-01
8.124835E-01
1.000000E+00
9.223894E-01
1.000000E+00
8.124835E-01
1.000000E+00
8.668838E-01
8.440119E-01
8.438613E-01
8.962836E-01
9.227211E-01
8.387991E-01
9.151080E-01
8.437996E-01
8.667987E-01
1.000000E+00
8.124835E-01
8.958041E-01
9.152735E-01
8.958007E-01
8.124835E-01
9.067164E-01
9.071788E-01
1.000000E+00
8.658877E-01
8.124835E-01
8.963127E-01
1.000000E+00
9.414230E-01
1.000000E+00
9.151169E-01
8.666037E-01
9.067005E-01
8.443735E-01
1.000000E+00
8.650934E-01
1.000000E+00
1.000000E+00
8.833398E-01
9.149934E-01
0.000000E+00
8.958929E-01
9.148224E-01
8.957312E-01
8.217266E-01
8.555923E-01
9.147756E-01
9.219836E-01
1.000000E+00
9.415555E-01
1.000000E+00
8.960118E-01
9.151799E-01
9.063676E-01
9.063845E-01
8.654272E-01
8.826800E-01
8.826800E-01
1.000000E+00
9.063966E-01
1.000000E+00
9.150663E-01
8.396119E-01
9.150726E-01
8.654272E-01
1.000000E+00
9.332573E-01
1.000000E+00
8.654272E-01
1.000000E+00
8.959449E-01
8.824747E-01
8.823892E-01
9.148192E-01
9.335026E-01
8.612832E-01
9.279421E-01
8.823542E-01
8.958929E-01
9.242646E-01
8.654272E-01
9.144960E-01
9.280614E-01
9.144938E-01
8.654272E-01
9.219851E-01
9.223087E-01
8.579582E-01
8.953372E-01
8.654272E-01
9.148389E-01
1.000000E+00
8.865249E-01
1.000000E+00
8.397077E-01
8.957738E-01
9.219739E-01
8.826800E-01
1.000000E+00
7.634726E-01
1.000000E+00
1.000000E+00
9.062790E-01
8.667987E-01
8.958929E-01
0.000000E+00
8.663786E-01
8.125323E-01
8.833895E-01
9.063370E-01
8.662633E-01
8.831977E-01
1.000000E+00
9.222027E-01
1.000000E+00
8.134371E-01
8.672562E-01
8.443268E-01
8.443735E-01
6.849970E-01
7.656624E-01
7.656624E-01
1.000000E+00
8.444070E-01
1.000000E+00
6.765254E-01
8.959953E-01
8.669932E-01
6.849970E-01
1.000000E+00
9.067734E-01
1.000000E+00
6.849970E-01
1.000000E+00
8.132217E-01
7.648416E-01
7.644993E-01
8.663707E-01
9.072515E-01
9.157707E-01
8.960648E-01
7.643588E-01
5.121564E-01
1.000000E+00
6.849970E-01
8.655736E-01
8.963127E-01
8.655680E-01
6.849970E-01
8.832009E-01
7.236542E-01
1.000000E+00
8.112547E-01
6.849970E-01
8.664190E-01
1.000000E+00
9.329456E-01
1.000000E+00
8.960781E-01
8.126698E-01
8.831759E-01
7.656624E-01
1.000000E+00
8.096777E-01
1.000000E+00
1.000000E+00
8.440817E-01
8.962884E-01
9.148224E-01
8.663786E-01
0.000000E+00
8.661121E-01
7.861582E-01
9.219436E-01
8.959641E-01
9.065085E-01
1.000000E+00
9.332826E-01
1.000000E+00
8.665743E-01
8.965659E-01
8.831557E-01
8.831820E-01
8.116497E-01
8.437996E-01
8.437996E-01
1.000000E+00
8.832009E-01
8.562896E-01
8.963969E-01
9.148909E-01
8.964063E-01
8.116497E-01
1.000000E+00
9.222470E-01
1.000000E+00
8.116497E-01
1.000000E+00
8.664641E-01
8.434353E-01
8.432837E-01
8.960290E-01
9.225798E-01
9.286073E-01
9.149375E-01
8.432215E-01
8.663786E-01
1.000000E+00
8.116497E-01
8.955471E-01
9.151037E-01
8.955438E-01
8.116497E-01
9.065106E-01
9.069749E-01
1.000000E+00
8.654618E-01
8.116497E-01
8.960583E-01
1.000000E+00
9.413419E-01
1.000000E+00
9.149464E-01
8.661823E-01
9.064946E-01
8.437996E-01
1.000000E+00
8.646624E-01
1.000000E+00
1.000000E+00
8.830176E-01
8.665340E-01
8.957312E-01
8.125323E-01
8.661121E-01
0.000000E+00
8.831866E-01
9.062061E-01
8.659964E-01
8.829941E-01
1.000000E+00
9.221124E-01
1.000000E+00
8.129172E-01
8.669932E-01
8.439650E-01
8.440119E-01
6.835121E-01
7.648416E-01
7.648416E-01
1.000000E+00
8.440456E-01
1.000000E+00
8.667136E-01
7.556075E-01
8.667292E-01
6.835121E-01
1.000000E+00
9.066438E-01
1.000000E+00
6.835121E-01
1.000000E+00
8.127006E-01
7.640151E-01
7.636703E-01
8.661042E-01
9.071232E-01
9.156649E-01
8.959037E-01
7.635289E-01
8.125323E-01
1.000000E+00
6.835121E-01
8.653039E-01
8.961523E-01
8.652983E-01
6.835121E-01
8.829974E-01
8.837238E-01
1.000000E+00
8.107226E-01
6.835121E-01
8.661527E-01
1.000000E+00
9.328786E-01
1.000000E+00
8.959170E-01
8.121457E-01
8.829723E-01
7.648416E-01
1.000000E+00
8.091366E-01
1.000000E+00
1.000000E+00
8.437187E-01
9.068368E-01
8.217266E-01
8.833895E-01
7.861582E-01
8.831866E-01
0.000000E+00
8.366323E-01
9.065752E-01
9.151671E-01
1.000000E+00
8.628772E-01
1.000000E+00
8.835386E-01
9.070608E-01
8.963744E-01
8.963951E-01
8.437740E-01
6.730542E-01
8.665556E-01
1.000000E+00
8.964099E-01
1.000000E+00
9.069243E-01
9.221266E-01
9.069319E-01
8.437740E-01
1.000000E+00
9.283306E-01
1.000000E+00
8.437740E-01
1.000000E+00
8.834547E-01
8.662898E-01
8.661792E-01
7.865651E-01
9.286135E-01
9.337694E-01
9.221656E-01
8.661339E-01
8.833895E-01
1.000000E+00
8.437740E-01
9.062391E-01
9.223047E-01
7.855722E-01
8.437740E-01
9.151688E-01
9.155514E-01
1.000000E+00
8.826919E-01
8.437740E-01
9.066511E-01
1.000000E+00
9.448722E-01
1.000000E+00
9.221731E-01
8.832400E-01
8.079848E-01
8.665556E-01
1.000000E+00
8.820846E-01
1.000000E+00
1.000000E+00
8.962658E-01
9.220872E-01
8.555923E-01
9.063370E-01
9.219436E-01
9.062061E-01
8.366323E-01
0.000000E+00
9.219043E-01
9.280000E-01
1.000000E+00
8.779395E-01
1.000000E+00
9.064332E-01
8.221633E-01
9.149019E-01
9.149158E-01
8.823806E-01
8.957766E-01
8.957766E-01
1.000000E+00
9.149258E-01
1.000000E+00
9.221485E-01
9.330762E-01
9.221538E-01
8.823806E-01
1.000000E+00
9.377101E-01
1.000000E+00
8.823806E-01
1.000000E+00
9.063790E-01
8.956145E-01
8.955471E-01
9.219409E-01
8.617639E-01
9.418597E-01
9.331050E-01
8.955195E-01
9.063370E-01
1.000000E+00
8.823806E-01
9.216696E-01
9.332078E-01
9.216677E-01
8.823806E-01
9.280013E-01
9.282770E-01
1.000000E+00
9.058874E-01
8.823806E-01
9.219574E-01
1.000000E+00
9.505946E-01
1.000000E+00
9.331105E-01
9.062406E-01
9.279918E-01
8.957766E-01
1.000000E+00
7.899415E-01
1.000000E+00
1.000000E+00
8.071713E-01
8.962190E-01
9.147756E-01
8.662633E-01
8.959641E-01
8.659964E-01
9.065752E-01
9.219043E-01
0.000000E+00
9.064521E-01
1.000000E+00
8.530154E-01
1.000000E+00
8.664594E-01
8.964969E-01
8.830676E-01
8.830939E-01
8.114207E-01
8.436421E-01
8.436421E-01
1.000000E+00
8.831129E-01
1.000000E+00
8.963276E-01
8.085017E-01
8.963371E-01
8.114207E-01
1.000000E+00
9.222080E-01
1.000000E+00
8.114207E-01
1.000000E+00
8.663490E-01
8.432771E-01
8.431251E-01
8.959593E-01
9.225411E-01
9.285744E-01
8.086169E-01
8.430628E-01
8.662633E-01
7.979899E-01
8.114207E-01
8.954767E-01
9.150571E-01
7.595812E-01
8.114207E-01
9.064542E-01
9.069191E-01
1.000000E+00
8.653449E-01
8.114207E-01
7.609112E-01
1.000000E+00
8.719415E-01
1.000000E+00
9.148998E-01
8.660667E-01
9.064381E-01
8.436421E-01
1.000000E+00
8.645442E-01
8.599216E-01
1.000000E+00
8.829293E-01
9.067144E-01
9.219836E-01
8.831977E-01
9.065085E-01
8.829941E-01
9.151671E-01
9.280000E-01
9.064521E-01
0.000000E+00
1.000000E+00
8.626278E-01
1.000000E+00
8.833472E-01
9.069390E-01
8.962229E-01
8.962437E-01
8.434295E-01
8.663043E-01
8.663043E-01
1.000000E+00
8.962586E-01
1.000000E+00
9.068022E-01
9.220411E-01
9.068098E-01
8.434295E-01
1.000000E+00
8.399342E-01
1.000000E+00
8.434295E-01
1.000000E+00
8.832630E-01
8.660376E-01
8.659266E-01
9.065046E-01
9.285417E-01
9.337076E-01
9.220802E-01
8.658810E-01
8.831977E-01
1.000000E+00
8.434295E-01
9.061151E-01
9.222196E-01
9.061124E-01
8.434295E-01
9.150674E-01
9.154508E-01
1.000000E+00
8.824977E-01
8.434295E-01
9.065283E-01
1.000000E+00
8.792061E-01
1.000000E+00
8.238837E-01
8.830477E-01
8.063925E-01
8.663043E-01
1.000000E+00
8.818884E-01
1.000000E+00
1.000000E+00
8.961141E-01
1.000000E+00
1.000000E+00
1.000000E+00
1.000000E+00
1.000000E+00
1.000000E+00
1.000000E+00
1.000000E+00
1.000000E+00
0.000000E+00
1.000000E+00
1.000000E+00
1.000000E+00
1.000000E+00
1.000000E+00
1.000000E+00
1.000000E+00
1.000000E+00
1.000000E+00
1.000000E+00
8.881161E-01
1.000000E+00
1.000000E+00
1.000000E+00
1.000000E+00
1.000000E+00
1.000000E+00
9.231117E-01
9.170261E-01
1.000000E+00
1.000000E+00
1.000000E+00
1.000000E+00
1.000000E+00
1.000000E+00
1.000000E+00
1.000000E+00
1.000000E+00
1.000000E+00
1.000000E+00
1.000000E+00
1.000000E+00
1.000000E+00
1.000000E+00
1.000000E+00
1.000000E+00
1.000000E+00
1.000000E+00
1.000000E+00
8.742797E-01
1.000000E+00
1.000000E+00
1.000000E+00
1.000000E+00
1.000000E+00
1.000000E+00
1.000000E+00
1.000000E+00
1.000000E+00
9.002795E-01
1.000000E+00
1.000000E+00
1.000000E+00
1.000000E+00
9.333875E-01
9.415555E-01
9.222027E-01
9.332826E-01
9.221124E-01
8.628772E-01
8.779395E-01
8.530154E-01
8.626278E-01
1.000000E+00
0.000000E+00
1.000000E+00
9.222690E-01
9.335021E-01
8.379505E-01
9.282146E-01
9.063612E-01
9.150535E-01
9.150535E-01
1.000000E+00
9.282217E-01
1.000000E+00
9.334323E-01
8.725647E-01
9.334362E-01
9.063612E-01
1.000000E+00
8.799499E-01
1.000000E+00
9.063612E-01
1.000000E+00
9.222317E-01
9.149459E-01
9.149011E-01
7.554643E-01
9.453152E-01
9.483927E-01
8.726157E-01
9.148828E-01
8.220601E-01
1.000000E+00
9.063612E-01
9.330825E-01
9.416881E-01
7.578812E-01
9.063612E-01
9.377586E-01
9.379648E-01
1.000000E+00
9.218928E-01
9.063612E-01
8.531072E-01
1.000000E+00
8.468951E-01
1.000000E+00
9.416139E-01
9.221362E-01
7.750071E-01
9.150535E-01
1.000000E+00
9.216240E-01
9.184917E-01
1.000000E+00
9.281525E-01
1.000000E+00
1.000000E+00
1.000000E+00
1.000000E+00
1.000000E+00
1.000000E+00
1.000000E+00
1.000000E+00
1.000000E+00
1.000000E+00
1.000000E+00
0.000000E+00
1.000000E+00
1.000000E+00
1.000000E+00
1.000000E+00
1.000000E+00
1.000000E+00
1.000000E+00
1.000000E+00
1.000000E+00
8.085295E-01
1.000000E+00
1.000000E+00
1.000000E+00
1.000000E+00
8.094531E-01
1.000000E+00
7.538134E-01
1.000000E+00
1.000000E+00
1.000000E+00
1.000000E+00
1.000000E+00
1.000000E+00
1.000000E+00
1.000000E+00
1.000000E+00
1.000000E+00
1.000000E+00
1.000000E+00
1.000000E+00
1.000000E+00
1.000000E+00
1.000000E+00
1.000000E+00
1.000000E+00
1.000000E+00
1.000000E+00
1.000000E+00
1.000000E+00
1.000000E+00
6.783998E-01
1.000000E+00
1.000000E+00
1.000000E+00
1.000000E+00
1.000000E+00
1.000000E+00
1.000000E+00
1.000000E+00
1.000000E+00
7.596694E-01
1.000000E+00
6.743087E-01
8.960118E-01
8.134371E-01
8.665743E-01
8.129172E-01
8.835386E-01
9.064332E-01
8.664594E-01
8.833472E-01
1.000000E+00
9.222690E-01
1.000000E+00
0.000000E+00
8.674493E-01
8.445924E-01
8.446388E-01
6.860824E-01
7.662636E-01
7.662636E-01
1.000000E+00
8.446723E-01
1.000000E+00
8.671716E-01
8.961139E-01
8.671871E-01
6.860824E-01
1.000000E+00
9.068687E-01
1.000000E+00
6.860824E-01
1.000000E+00
8.136038E-01
7.654470E-01
7.651065E-01
8.665664E-01
9.073458E-01
9.158485E-01
8.961833E-01
7.649667E-01
8.134371E-01
1.000000E+00
6.860824E-01
8.657716E-01
8.964306E-01
8.657660E-01
6.860824E-01
8.833505E-01
8.840725E-01
1.000000E+00
8.116450E-01
6.860824E-01
8.666146E-01
1.000000E+00
9.329949E-01
1.000000E+00
8.961965E-01
8.130542E-01
8.833256E-01
7.662636E-01
1.000000E+00
8.100745E-01
1.000000E+00
1.000000E+00
8.443481E-01
8.968179E-01
9.151799E-01
8.672562E-01
8.965659E-01
8.669932E-01
9.070608E-01
8.221633E-01
8.964969E-01
9.069390E-01
1.000000E+00
9.335021E-01
1.000000E+00
8.674493E-01
0.000000E+00
8.838273E-01
8.838533E-01
8.133888E-01
8.449975E-01
8.449975E-01
1.000000E+00
8.838720E-01
1.000000E+00
8.969253E-01
9.152478E-01
8.969346E-01
8.133888E-01
1.000000E+00
9.225449E-01
1.000000E+00
8.133888E-01
1.000000E+00
8.673406E-01
8.446388E-01
8.444895E-01
8.965612E-01
9.228752E-01
9.288586E-01
9.152940E-01
8.444283E-01
8.672562E-01
1.000000E+00
8.133888E-01
8.960842E-01
9.154588E-01
8.960809E-01
8.133888E-01
9.069410E-01
9.074011E-01
1.000000E+00
8.663514E-01
8.133888E-01
8.965901E-01
1.000000E+00
9.415117E-01
1.000000E+00
9.153029E-01
8.670625E-01
9.069252E-01
8.449975E-01
1.000000E+00
8.655626E-01
1.000000E+00
1.000000E+00
8.836909E-01
8.834771E-01
9.063676E-01
8.443268E-01
8.831557E-01
8.439650E-01
8.963744E-01
9.149019E-01
8.830676E-01
8.962229E-01
1.000000E+00
8.379505E-01
1.000000E+00
8.445924E-01
8.838273E-01
0.000000E+00
8.666703E-01
7.646583E-01
8.128012E-01
8.128012E-01
1.000000E+00
8.666950E-01
1.000000E+00
8.836141E-01
9.064504E-01
8.836260E-01
7.646583E-01
1.000000E+00
9.152623E-01
1.000000E+00
7.646583E-01
1.000000E+00
8.444429E-01
8.122778E-01
8.120597E-01
7.215417E-01
9.156574E-01
9.227616E-01
9.065067E-01
8.119703E-01
8.443268E-01
1.000000E+00
7.646583E-01
8.825406E-01
9.067073E-01
8.825363E-01
7.646583E-01
8.962255E-01
8.967974E-01
1.000000E+00
8.430810E-01
7.646583E-01
8.831866E-01
1.000000E+00
9.374524E-01
1.000000E+00
9.065174E-01
8.440603E-01
8.962058E-01
8.128012E-01
1.000000E+00
8.419925E-01
1.000000E+00
1.000000E+00
8.664562E-01
8.835032E-01
9.063845E-01
8.443735E-01
8.831820E-01
8.440119E-01
8.963951E-01
9.149158E-01
8.830939E-01
8.962437E-01
1.000000E+00
9.282146E-01
1.000000E+00
8.446388E-01
8.838533E-01
8.666703E-01
0.000000E+00
7.647649E-01
8.128687E-01
8.128687E-01
1.000000E+00
8.667292E-01
1.000000E+00
8.836402E-01
9.064672E-01
8.836520E-01
7.647649E-01
1.000000E+00
9.152761E-01
1.000000E+00
7.647649E-01
1.000000E+00
8.444895E-01
8.123456E-01
8.121277E-01
8.831759E-01
9.156711E-01
9.227730E-01
9.065235E-01
8.120383E-01
8.443735E-01
1.000000E+00
7.647649E-01
8.825672E-01
7.845193E-01
8.825629E-01
7.647649E-01
8.962462E-01
8.968179E-01
1.000000E+00
8.431284E-01
7.647649E-01
8.832129E-01
1.000000E+00
9.374600E-01
1.000000E+00
9.065342E-01
8.441071E-01
8.962265E-01
8.128687E-01
1.000000E+00
8.420405E-01
8.300056E-01
1.000000E+00
8.664906E-01
8.124835E-01
8.654272E-01
6.849970E-01
8.116497E-01
6.835121E-01
8.437740E-01
8.823806E-01
8.114207E-01
8.434295E-01
1.000000E+00
9.063612E-01
1.000000E+00
6.860824E-01
8.133888E-01
7.646583E-01
7.647649E-01
0.000000E+00
5.221655E-01
5.221655E-01
1.000000E+00
7.648416E-01
1.000000E+00
8.128380E-01
8.655982E-01
8.128687E-01
0.000000E+00
1.000000E+00
8.830680E-01
1.000000E+00
0.000000E+00
1.000000E+00
6.854720E-01
5.187403E-01
5.173043E-01
8.116340E-01
8.838191E-01
8.968836E-01
8.657143E-01
5.167139E-01
6.849970E-01
1.000000E+00
0.000000E+00
8.100463E-01
8.661278E-01
8.100351E-01
0.000000E+00
8.434353E-01
8.447334E-01
1.000000E+00
6.798539E-01
0.000000E+00
8.117300E-01
1.000000E+00
9.214990E-01
1.000000E+00
8.657365E-01
6.839040E-01
8.433905E-01
5.221655E-01
1.000000E+00
6.752901E-01
1.000000E+00
1.000000E+00
7.640976E-01
8.443735E-01
8.826800E-01
7.656624E-01
8.437996E-01
7.648416E-01
6.730542E-01
8.957766E-01
8.436421E-01
8.663043E-01
1.000000E+00
9.150535E-01
1.000000E+00
7.662636E-01
8.449975E-01
8.128012E-01
8.128687E-01
5.221655E-01
0.000000E+00
6.860824E-01
1.000000E+00
8.129172E-01
1.000000E+00
8.446177E-01
8.828100E-01
8.446388E-01
5.221655E-01
1.000000E+00
8.963167E-01
1.000000E+00
5.221655E-01
1.000000E+00
7.659254E-01
6.846077E-01
6.839916E-01
8.437888E-01
8.969077E-01
9.073264E-01
8.828983E-01
6.837387E-01
7.656624E-01
1.000000E+00
5.221655E-01
8.426984E-01
8.832129E-01
8.426908E-01
5.221655E-01
8.663086E-01
8.672562E-01
1.000000E+00
7.628280E-01
5.221655E-01
8.438548E-01
1.000000E+00
9.277011E-01
1.000000E+00
8.829151E-01
7.650581E-01
8.662759E-01
6.860824E-01
1.000000E+00
7.603325E-01
1.000000E+00
1.000000E+00
8.124466E-01
8.443735E-01
8.826800E-01
7.656624E-01
8.437996E-01
7.648416E-01
8.665556E-01
8.957766E-01
8.436421E-01
8.663043E-01
1.000000E+00
9.150535E-01
1.000000E+00
7.662636E-01
8.449975E-01
8.128012E-01
8.128687E-01
5.221655E-01
6.860824E-01
0.000000E+00
1.000000E+00
8.129172E-01
1.000000E+00
8.446177E-01
8.828100E-01
8.446388E-01
5.221655E-01
1.000000E+00
8.963167E-01
1.000000E+00
5.221655E-01
1.000000E+00
7.659254E-01
6.846077E-01
6.839916E-01
8.437888E-01
8.969077E-01
9.073264E-01
8.828983E-01
6.837387E-01
7.656624E-01
1.000000E+00
5.221655E-01
8.426984E-01
8.832129E-01
8.426908E-01
5.221655E-01
8.663086E-01
8.672562E-01
1.000000E+00
7.628280E-01
5.221655E-01
8.438548E-01
1.000000E+00
9.277011E-01
1.000000E+00
8.829151E-01
7.650581E-01
8.662759E-01
6.860824E-01
1.000000E+00
7.603325E-01
1.000000E+00
1.000000E+00
8.124466E-01
1.000000E+00
1.000000E+00
1.000000E+00
1.000000E+00
1.000000E+00
1.000000E+00
1.000000E+00
1.000000E+00
1.000000E+00
1.000000E+00
1.000000E+00
1.000000E+00
1.000000E+00
1.000000E+00
1.000000E+00
1.000000E+00
1.000000E+00
1.000000E+00
1.000000E+00
   NaN
1.000000E+00
1.000000E+00
1.000000E+00
1.000000E+00
1.000000E+00
1.000000E+00
1.000000E+00
1.000000E+00
1.000000E+00
1.000000E+00
   NaN
1.000000E+00
1.000000E+00
1.000000E+00
1.000000E+00
1.000000E+00
1.000000E+00
1.000000E+00
1.000000E+00
1.000000E+00
1.000000E+00
1.000000E+00
1.000000E+00
1.000000E+00
1.000000E+00
1.000000E+00
1.000000E+00
1.000000E+00
1.000000E+00
1.000000E+00
1.000000E+00
1.000000E+00
1.000000E+00
1.000000E+00
   NaN
1.000000E+00
1.000000E+00
1.000000E+00
1.000000E+00
1.000000E+00
1.000000E+00
1.000000E+00
1.000000E+00
1.000000E+00
8.835221E-01
9.063966E-01
8.444070E-01
8.832009E-01
8.440456E-01
8.964099E-01
9.149258E-01
8.831129E-01
8.962586E-01
8.881161E-01
9.282217E-01
1.000000E+00
8.446723E-01
8.838720E-01
8.666950E-01
8.667292E-01
7.648416E-01
8.129172E-01
8.129172E-01
1.000000E+00
0.000000E+00
1.000000E+00
8.836589E-01
9.064794E-01
8.836708E-01
7.648416E-01
1.000000E+00
9.152861E-01
1.000000E+00
7.648416E-01
1.000000E+00
8.445230E-01
5.113690E-01
8.121766E-01
8.831949E-01
9.156810E-01
9.227813E-01
7.840352E-01
8.120873E-01
8.444070E-01
1.000000E+00
7.648416E-01
8.825863E-01
9.067361E-01
8.825820E-01
7.648416E-01
8.962612E-01
8.968326E-01
1.000000E+00
8.431625E-01
7.648416E-01
8.832318E-01
1.000000E+00
9.374654E-01
1.000000E+00
9.065464E-01
8.441408E-01
8.962415E-01
8.129172E-01
8.742457E-01
8.420751E-01
1.000000E+00
1.000000E+00
8.665153E-01
1.000000E+00
1.000000E+00
1.000000E+00
8.562896E-01
1.000000E+00
1.000000E+00
1.000000E+00
1.000000E+00
1.000000E+00
1.000000E+00
1.000000E+00
8.085295E-01
1.000000E+00
1.000000E+00
1.000000E+00
1.000000E+00
1.000000E+00
1.000000E+00
1.000000E+00
1.000000E+00
1.000000E+00
0.000000E+00
1.000000E+00
1.000000E+00
1.000000E+00
1.000000E+00
8.095922E-01
1.000000E+00
8.944986E-01
1.000000E+00
1.000000E+00
1.000000E+00
1.000000E+00
1.000000E+00
1.000000E+00
1.000000E+00
1.000000E+00
1.000000E+00
1.000000E+00
1.000000E+00
1.000000E+00
1.000000E+00
1.000000E+00
1.000000E+00
1.000000E+00
1.000000E+00
1.000000E+00
1.000000E+00
1.000000E+00
1.000000E+00
1.000000E+00
1.000000E+00
6.787958E-01
1.000000E+00
1.000000E+00
1.000000E+00
1.000000E+00
1.000000E+00
1.000000E+00
1.000000E+00
1.000000E+00
1.000000E+00
7.598906E-01
1.000000E+00
8.966497E-01
9.150663E-01
6.765254E-01
8.963969E-01
8.667136E-01
9.069243E-01
9.221485E-01
8.963276E-01
9.068022E-01
1.000000E+00
9.334323E-01
1.000000E+00
8.671716E-01
8.969253E-01
8.836141E-01
8.836402E-01
8.128380E-01
8.446177E-01
8.446177E-01
1.000000E+00
8.836589E-01
1.000000E+00
0.000000E+00
8.054674E-01
8.967668E-01
8.128380E-01
1.000000E+00
9.224502E-01
1.000000E+00
8.128380E-01
1.000000E+00
8.670625E-01
8.442572E-01
8.441071E-01
8.963921E-01
9.227813E-01
9.287787E-01
9.151807E-01
8.440456E-01
6.765254E-01
1.000000E+00
8.128380E-01
8.959136E-01
9.153459E-01
8.959103E-01
8.128380E-01
9.068042E-01
7.854192E-01
1.000000E+00
8.660691E-01
8.128380E-01
8.964212E-01
1.000000E+00
9.414577E-01
1.000000E+00
9.151896E-01
8.667832E-01
9.067883E-01
8.446177E-01
1.000000E+00
8.652770E-01
1.000000E+00
1.000000E+00
8.834771E-01
9.150616E-01
8.396119E-01
8.959953E-01
9.148909E-01
7.556075E-01
9.221266E-01
9.330762E-01
8.085017E-01
9.220411E-01
1.000000E+00
8.725647E-01
1.000000E+00
8.961139E-01
9.152478E-01
9.064504E-01
9.064672E-01
8.655982E-01
8.828100E-01
8.828100E-01
1.000000E+00
9.064794E-01
1.000000E+00
8.054674E-01
0.000000E+00
9.151407E-01
8.655982E-01
1.000000E+00
9.332993E-01
1.000000E+00
8.655982E-01
1.000000E+00
8.960471E-01
8.826051E-01
8.825198E-01
9.148877E-01
8.505419E-01
9.380351E-01
8.404801E-01
8.824849E-01
8.959953E-01
9.243160E-01
8.655982E-01
9.145651E-01
9.281102E-01
8.078067E-01
8.655982E-01
8.222803E-01
9.223657E-01
8.581387E-01
8.954407E-01
8.655982E-01
8.086576E-01
1.000000E+00
8.182426E-01
1.000000E+00
8.398258E-01
8.958764E-01
9.220314E-01
8.828100E-01
1.000000E+00
8.949585E-01
8.910479E-01
1.000000E+00
9.063619E-01
8.966590E-01
9.150726E-01
8.669932E-01
8.964063E-01
8.667292E-01
9.069319E-01
9.221538E-01
8.963371E-01
9.068098E-01
1.000000E+00
9.334362E-01
1.000000E+00
8.671871E-01
8.969346E-01
8.836260E-01
8.836520E-01
8.128687E-01
8.446388E-01
8.446388E-01
1.000000E+00
8.836708E-01
1.000000E+00
8.967668E-01
9.151407E-01
0.000000E+00
8.128687E-01
1.000000E+00
9.224555E-01
7.985260E-01
8.128687E-01
1.000000E+00
8.670780E-01
8.442785E-01
8.441285E-01
8.964016E-01
8.256060E-01
9.287832E-01
8.050653E-01
8.440669E-01
8.669932E-01
6.623871E-01
8.128687E-01
8.959231E-01
9.153522E-01
8.959198E-01
8.128687E-01
9.068118E-01
9.072732E-01
1.000000E+00
8.660848E-01
8.128687E-01
8.964306E-01
1.000000E+00
9.414607E-01
1.000000E+00
9.151959E-01
8.667987E-01
9.067960E-01
8.446388E-01
1.000000E+00
8.652929E-01
1.000000E+00
1.000000E+00
8.834890E-01
8.124835E-01
8.654272E-01
6.849970E-01
8.116497E-01
6.835121E-01
8.437740E-01
8.823806E-01
8.114207E-01
8.434295E-01
1.000000E+00
9.063612E-01
1.000000E+00
6.860824E-01
8.133888E-01
7.646583E-01
7.647649E-01
0.000000E+00
5.221655E-01
5.221655E-01
1.000000E+00
7.648416E-01
1.000000E+00
8.128380E-01
8.655982E-01
8.128687E-01
0.000000E+00
1.000000E+00
8.830680E-01
1.000000E+00
0.000000E+00
1.000000E+00
6.854720E-01
5.187403E-01
5.173043E-01
8.116340E-01
8.838191E-01
8.968836E-01
8.657143E-01
5.167139E-01
6.849970E-01
1.000000E+00
0.000000E+00
8.100463E-01
8.661278E-01
8.100351E-01
0.000000E+00
8.434353E-01
8.447334E-01
1.000000E+00
6.798539E-01
0.000000E+00
8.117300E-01
1.000000E+00
9.214990E-01
1.000000E+00
8.657365E-01
6.839040E-01
8.433905E-01
5.221655E-01
1.000000E+00
6.752901E-01
1.000000E+00
1.000000E+00
7.640976E-01
1.000000E+00
1.000000E+00
1.000000E+00
1.000000E+00
1.000000E+00
1.000000E+00
1.000000E+00
1.000000E+00
1.000000E+00
1.000000E+00
1.000000E+00
8.094531E-01
1.000000E+00
1.000000E+00
1.000000E+00
1.000000E+00
1.000000E+00
1.000000E+00
1.000000E+00
1.000000E+00
1.000000E+00
8.095922E-01
1.000000E+00
1.000000E+00
1.000000E+00
1.000000E+00
0.000000E+00
1.000000E+00
8.947796E-01
1.000000E+00
1.000000E+00
1.000000E+00
1.000000E+00
1.000000E+00
1.000000E+00
1.000000E+00
1.000000E+00
1.000000E+00
1.000000E+00
1.000000E+00
1.000000E+00
1.000000E+00
1.000000E+00
1.000000E+00
1.000000E+00
1.000000E+00
1.000000E+00
1.000000E+00
1.000000E+00
1.000000E+00
1.000000E+00
1.000000E+00
6.813866E-01
1.000000E+00
1.000000E+00
1.000000E+00
1.000000E+00
1.000000E+00
1.000000E+00
1.000000E+00
1.000000E+00
1.000000E+00
7.613413E-01
1.000000E+00
9.223894E-01
9.332573E-01
9.067734E-01
9.222470E-01
9.066438E-01
9.283306E-01
9.377101E-01
9.222080E-01
8.399342E-01
9.231117E-01
8.799499E-01
1.000000E+00
9.068687E-01
9.225449E-01
9.152623E-01
9.152761E-01
8.830680E-01
8.963167E-01
8.963167E-01
1.000000E+00
9.152861E-01
1.000000E+00
9.224502E-01
9.332993E-01
9.224555E-01
8.830680E-01
1.000000E+00
0.000000E+00
8.447193E-01
8.830680E-01
1.000000E+00
9.068150E-01
8.961563E-01
8.960896E-01
8.239837E-01
9.381159E-01
9.420282E-01
8.510101E-01
8.960623E-01
9.067734E-01
1.000000E+00
8.830680E-01
9.219751E-01
8.502646E-01
9.219732E-01
8.830680E-01
9.282594E-01
8.383228E-01
1.000000E+00
9.063280E-01
8.830680E-01
9.222607E-01
1.000000E+00
8.928066E-01
1.000000E+00
9.333334E-01
9.066779E-01
9.282500E-01
8.963167E-01
9.157497E-01
9.059412E-01
1.000000E+00
8.877611E-01
9.151897E-01
1.000000E+00
1.000000E+00
1.000000E+00
1.000000E+00
1.000000E+00
1.000000E+00
1.000000E+00
1.000000E+00
1.000000E+00
9.170261E-01
1.000000E+00
7.538134E-01
1.000000E+00
1.000000E+00
1.000000E+00
1.000000E+00
1.000000E+00
1.000000E+00
1.000000E+00
1.000000E+00
1.000000E+00
8.944986E-01
1.000000E+00
1.000000E+00
7.985260E-01
1.000000E+00
8.947796E-01
8.447193E-01
0.000000E+00
1.000000E+00
1.000000E+00
1.000000E+00
1.000000E+00
1.000000E+00
1.000000E+00
9.288500E-01
1.000000E+00
9.217556E-01
1.000000E+00
1.000000E+00
9.235404E-01
1.000000E+00
1.000000E+00
9.214057E-01
1.000000E+00
1.000000E+00
1.000000E+00
1.000000E+00
1.000000E+00
1.000000E+00
1.000000E+00
1.000000E+00
8.642275E-01
1.000000E+00
1.000000E+00
1.000000E+00
1.000000E+00
1.000000E+00
1.000000E+00
9.084757E-01
1.000000E+00
1.000000E+00
8.811893E-01
1.000000E+00
8.124835E-01
8.654272E-01
6.849970E-01
8.116497E-01
6.835121E-01
8.437740E-01
8.823806E-01
8.114207E-01
8.434295E-01
1.000000E+00
9.063612E-01
1.000000E+00
6.860824E-01
8.133888E-01
7.646583E-01
7.647649E-01
0.000000E+00
5.221655E-01
5.221655E-01
1.000000E+00
7.648416E-01
1.000000E+00
8.128380E-01
8.655982E-01
8.128687E-01
0.000000E+00
1.000000E+00
8.830680E-01
1.000000E+00
0.000000E+00
1.000000E+00
6.854720E-01
5.187403E-01
5.173043E-01
8.116340E-01
8.838191E-01
8.968836E-01
8.657143E-01
5.167139E-01
6.849970E-01
1.000000E+00
0.000000E+00
8.100463E-01
8.661278E-01
8.100351E-01
0.000000E+00
8.434353E-01
8.447334E-01
1.000000E+00
6.798539E-01
0.000000E+00
8.117300E-01
1.000000E+00
9.214990E-01
1.000000E+00
8.657365E-01
6.839040E-01
8.433905E-01
5.221655E-01
1.000000E+00
6.752901E-01
1.000000E+00
1.000000E+00
7.640976E-01
1.000000E+00
1.000000E+00
1.000000E+00
1.000000E+00
1.000000E+00
1.000000E+00
1.000000E+00
1.000000E+00
1.000000E+00
1.000000E+00
1.000000E+00
1.000000E+00
1.000000E+00
1.000000E+00
1.000000E+00
1.000000E+00
1.000000E+00
1.000000E+00
1.000000E+00
   NaN
1.000000E+00
1.000000E+00
1.000000E+00
1.000000E+00
1.000000E+00
1.000000E+00
1.000000E+00
1.000000E+00
1.000000E+00
1.000000E+00
   NaN
1.000000E+00
1.000000E+00
1.000000E+00
1.000000E+00
1.000000E+00
1.000000E+00
1.000000E+00
1.000000E+00
1.000000E+00
1.000000E+00
1.000000E+00
1.000000E+00
1.000000E+00
1.000000E+00
1.000000E+00
1.000000E+00
1.000000E+00
1.000000E+00
1.000000E+00
1.000000E+00
1.000000E+00
1.000000E+00
1.000000E+00
   NaN
1.000000E+00
1.000000E+00
1.000000E+00
1.000000E+00
1.000000E+00
1.000000E+00
1.000000E+00
1.000000E+00
1.000000E+00
8.668838E-01
8.959449E-01
8.132217E-01
8.664641E-01
8.127006E-01
8.834547E-01
9.063790E-01
8.663490E-01
8.832630E-01
1.000000E+00
9.222317E-01
1.000000E+00
8.136038E-01
8.673406E-01
8.444429E-01
8.444895E-01
6.854720E-01
7.659254E-01
7.659254E-01
1.000000E+00
8.445230E-01
1.000000E+00
8.670625E-01
8.960471E-01
8.670780E-01
6.854720E-01
1.000000E+00
9.068150E-01
1.000000E+00
6.854720E-01
1.000000E+00
0.000000E+00
7.651065E-01
7.647649E-01
8.664562E-01
9.072927E-01
9.158047E-01
8.961166E-01
7.646248E-01
8.132217E-01
8.874470E-01
6.854720E-01
8.656601E-01
8.963643E-01
8.656546E-01
6.854720E-01
8.832663E-01
8.839894E-01
1.000000E+00
8.114254E-01
6.854720E-01
8.665045E-01
1.000000E+00
9.329671E-01
1.000000E+00
8.961299E-01
8.128380E-01
8.832413E-01
7.659254E-01
1.000000E+00
8.098512E-01
1.000000E+00
1.000000E+00
8.441981E-01
8.440119E-01
8.824747E-01
7.648416E-01
8.434353E-01
7.640151E-01
8.662898E-01
8.956145E-01
8.432771E-01
8.660376E-01
1.000000E+00
9.149459E-01
1.000000E+00
7.654470E-01
8.446388E-01
8.122778E-01
8.123456E-01
5.187403E-01
6.846077E-01
6.846077E-01
1.000000E+00
5.113690E-01
1.000000E+00
8.442572E-01
8.826051E-01
8.442785E-01
5.187403E-01
1.000000E+00
8.961563E-01
1.000000E+00
5.187403E-01
1.000000E+00
7.651065E-01
0.000000E+00
6.824972E-01
8.434245E-01
8.967492E-01
9.071983E-01
7.209704E-01
6.822419E-01
7.648416E-01
1.000000E+00
5.187403E-01
8.423290E-01
8.830094E-01
8.423213E-01
5.187403E-01
8.660418E-01
8.669932E-01
1.000000E+00
7.619872E-01
5.187403E-01
8.434908E-01
1.000000E+00
9.276231E-01
1.000000E+00
8.827106E-01
7.642330E-01
8.660090E-01
6.846077E-01
1.000000E+00
7.594739E-01
1.000000E+00
1.000000E+00
8.119212E-01
8.438613E-01
8.823892E-01
7.644993E-01
8.432837E-01
7.636703E-01
8.661792E-01
8.955471E-01
8.431251E-01
8.659266E-01
1.000000E+00
9.149011E-01
1.000000E+00
7.651065E-01
8.444895E-01
8.120597E-01
8.121277E-01
5.173043E-01
6.839916E-01
6.839916E-01
1.000000E+00
8.121766E-01
1.000000E+00
8.441071E-01
8.825198E-01
8.441285E-01
5.173043E-01
1.000000E+00
8.960896E-01
1.000000E+00
5.173043E-01
1.000000E+00
7.647649E-01
6.824972E-01
0.000000E+00
8.432728E-01
8.966832E-01
7.863740E-01
8.826086E-01
6.816165E-01
7.644993E-01
1.000000E+00
5.173043E-01
8.421752E-01
8.829247E-01
8.421675E-01
5.173043E-01
8.659308E-01
8.668838E-01
1.000000E+00
7.616364E-01
5.173043E-01
8.433392E-01
1.000000E+00
9.275907E-01
1.000000E+00
8.826255E-01
7.638889E-01
8.658979E-01
6.839916E-01
1.000000E+00
7.591157E-01
1.000000E+00
1.000000E+00
8.117023E-01
8.962836E-01
9.148192E-01
8.663707E-01
8.960290E-01
8.661042E-01
7.865651E-01
9.219409E-01
8.959593E-01
9.065046E-01
1.000000E+00
7.554643E-01
1.000000E+00
8.665664E-01
8.965612E-01
7.215417E-01
8.831759E-01
8.116340E-01
8.437888E-01
8.437888E-01
1.000000E+00
8.831949E-01
1.000000E+00
8.963921E-01
9.148877E-01
8.964016E-01
8.116340E-01
1.000000E+00
8.239837E-01
1.000000E+00
8.116340E-01
1.000000E+00
8.664562E-01
8.434245E-01
8.432728E-01
0.000000E+00
9.225772E-01
9.286051E-01
8.057713E-01
8.432106E-01
8.663707E-01
1.000000E+00
8.116340E-01
8.955423E-01
9.151005E-01
7.580632E-01
8.116340E-01
9.065067E-01
9.069711E-01
1.000000E+00
8.654537E-01
8.116340E-01
8.960535E-01
1.000000E+00
9.413404E-01
1.000000E+00
9.149432E-01
8.661744E-01
7.862178E-01
8.437888E-01
1.000000E+00
8.646543E-01
1.000000E+00
8.302626E-01
8.830116E-01
9.227211E-01
9.335026E-01
9.072515E-01
9.225798E-01
9.071232E-01
9.286135E-01
8.617639E-01
9.225411E-01
9.285417E-01
1.000000E+00
9.453152E-01
1.000000E+00
9.073458E-01
9.228752E-01
9.156574E-01
9.156711E-01
8.838191E-01
8.969077E-01
8.969077E-01
1.000000E+00
9.156810E-01
1.000000E+00
9.227813E-01
8.505419E-01
8.256060E-01
8.838191E-01
1.000000E+00
9.381159E-01
9.288500E-01
8.838191E-01
1.000000E+00
9.072927E-01
8.967492E-01
8.966832E-01
9.225772E-01
0.000000E+00
9.422134E-01
9.335728E-01
8.966562E-01
9.072515E-01
9.290118E-01
8.838191E-01
9.223102E-01
9.336742E-01
9.223084E-01
8.838191E-01
8.383465E-01
9.288145E-01
1.000000E+00
9.068107E-01
8.838191E-01
9.225934E-01
1.000000E+00
9.508502E-01
1.000000E+00
9.335782E-01
9.071570E-01
8.377669E-01
8.969077E-01
1.000000E+00
9.064279E-01
1.000000E+00
1.000000E+00
9.155855E-01
8.387991E-01
8.612832E-01
9.157707E-01
9.286073E-01
9.156649E-01
9.337694E-01
9.418597E-01
9.285744E-01
9.337076E-01
1.000000E+00
9.483927E-01
1.000000E+00
9.158485E-01
9.288586E-01
9.227616E-01
9.227730E-01
8.968836E-01
9.073264E-01
9.073264E-01
1.000000E+00
9.227813E-01
1.000000E+00
9.287787E-01
9.380351E-01
9.287832E-01
8.968836E-01
1.000000E+00
9.420282E-01
1.000000E+00
8.968836E-01
1.000000E+00
9.158047E-01
9.071983E-01
7.863740E-01
9.286051E-01
9.422134E-01
0.000000E+00
9.380598E-01
9.071232E-01
9.157707E-01
1.000000E+00
8.968836E-01
9.283782E-01
9.381479E-01
9.283766E-01
8.968836E-01
9.337086E-01
8.510008E-01
1.000000E+00
9.154073E-01
8.968836E-01
8.379770E-01
1.000000E+00
9.533505E-01
1.000000E+00
8.618033E-01
9.156928E-01
9.337006E-01
9.073264E-01
1.000000E+00
9.150920E-01
1.000000E+00
1.000000E+00
9.227013E-01
9.151080E-01
9.279421E-01
8.960648E-01
9.149375E-01
8.959037E-01
9.221656E-01
9.331050E-01
8.086169E-01
9.220802E-01
1.000000E+00
8.726157E-01
1.000000E+00
8.961833E-01
9.152940E-01
9.065067E-01
9.065235E-01
8.657143E-01
8.828983E-01
8.828983E-01
1.000000E+00
7.840352E-01
1.000000E+00
9.151807E-01
8.404801E-01
8.050653E-01
8.657143E-01
1.000000E+00
8.510101E-01
9.217556E-01
8.657143E-01
1.000000E+00
8.961166E-01
7.209704E-01
8.826086E-01
8.057713E-01
9.335728E-01
9.380598E-01
0.000000E+00
8.825737E-01
8.960648E-01
1.000000E+00
8.657143E-01
9.146120E-01
9.281435E-01
8.079227E-01
8.657143E-01
9.220817E-01
9.224045E-01
1.000000E+00
8.955110E-01
8.657143E-01
8.087726E-01
1.000000E+00
8.167610E-01
1.000000E+00
9.280309E-01
8.959461E-01
9.220705E-01
8.828983E-01
1.000000E+00
8.950295E-01
8.911207E-01
8.731140E-01
9.064183E-01
8.437996E-01
8.823542E-01
7.643588E-01
8.432215E-01
7.635289E-01
8.661339E-01
8.955195E-01
8.430628E-01
8.658810E-01
1.000000E+00
9.148828E-01
1.000000E+00
7.649667E-01
8.444283E-01
8.119703E-01
8.120383E-01
5.167139E-01
6.837387E-01
6.837387E-01
1.000000E+00
8.120873E-01
1.000000E+00
8.440456E-01
8.824849E-01
8.440669E-01
5.167139E-01
1.000000E+00
8.960623E-01
1.000000E+00
5.167139E-01
1.000000E+00
7.646248E-01
6.822419E-01
6.816165E-01
8.432106E-01
8.966562E-01
9.071232E-01
8.825737E-01
0.000000E+00
7.643588E-01
1.000000E+00
5.167139E-01
8.421121E-01
8.828900E-01
8.421044E-01
5.167139E-01
8.658853E-01
8.668389E-01
1.000000E+00
7.614926E-01
5.167139E-01
8.432771E-01
1.000000E+00
9.275775E-01
1.000000E+00
8.825906E-01
7.637477E-01
8.658524E-01
6.837387E-01
1.000000E+00
3.281208E-01
1.000000E+00
1.000000E+00
8.116125E-01
8.667987E-01
8.958929E-01
5.121564E-01
8.663786E-01
8.125323E-01
8.833895E-01
9.063370E-01
8.662633E-01
8.831977E-01
1.000000E+00
8.220601E-01
1.000000E+00
8.134371E-01
8.672562E-01
8.443268E-01
8.443735E-01
6.849970E-01
7.656624E-01
7.656624E-01
1.000000E+00
8.444070E-01
1.000000E+00
6.765254E-01
8.959953E-01
8.669932E-01
6.849970E-01
1.000000E+00
9.067734E-01
1.000000E+00
6.849970E-01
1.000000E+00
8.132217E-01
7.648416E-01
7.644993E-01
8.663707E-01
9.072515E-01
9.157707E-01
8.960648E-01
7.643588E-01
0.000000E+00
1.000000E+00
6.849970E-01
8.655736E-01
8.963127E-01
8.655680E-01
6.849970E-01
8.832009E-01
7.236542E-01
1.000000E+00
8.112547E-01
6.849970E-01
8.664190E-01
1.000000E+00
9.329456E-01
1.000000E+00
8.960781E-01
8.126698E-01
8.831759E-01
7.656624E-01
1.000000E+00
8.096777E-01
1.000000E+00
1.000000E+00
8.440817E-01
1.000000E+00
9.242646E-01
1.000000E+00
1.000000E+00
1.000000E+00
1.000000E+00
1.000000E+00
7.979899E-01
1.000000E+00
1.000000E+00
1.000000E+00
1.000000E+00
1.000000E+00
1.000000E+00
1.000000E+00
1.000000E+00
1.000000E+00
1.000000E+00
1.000000E+00
1.000000E+00
1.000000E+00
1.000000E+00
1.000000E+00
9.243160E-01
6.623871E-01
1.000000E+00
1.000000E+00
1.000000E+00
9.235404E-01
1.000000E+00
1.000000E+00
8.874470E-01
1.000000E+00
1.000000E+00
1.000000E+00
9.290118E-01
1.000000E+00
1.000000E+00
1.000000E+00
1.000000E+00
0.000000E+00
1.000000E+00
1.000000E+00
1.000000E+00
1.000000E+00
1.000000E+00
1.000000E+00
1.000000E+00
8.604071E-01
1.000000E+00
1.000000E+00
1.000000E+00
1.000000E+00
9.451530E-01
1.000000E+00
9.243575E-01
1.000000E+00
1.000000E+00
1.000000E+00
1.000000E+00
1.000000E+00
1.000000E+00
1.000000E+00
1.000000E+00
8.124835E-01
8.654272E-01
6.849970E-01
8.116497E-01
6.835121E-01
8.437740E-01
8.823806E-01
8.114207E-01
8.434295E-01
1.000000E+00
9.063612E-01
1.000000E+00
6.860824E-01
8.133888E-01
7.646583E-01
7.647649E-01
0.000000E+00
5.221655E-01
5.221655E-01
1.000000E+00
7.648416E-01
1.000000E+00
8.128380E-01
8.655982E-01
8.128687E-01
0.000000E+00
1.000000E+00
8.830680E-01
1.000000E+00
0.000000E+00
1.000000E+00
6.854720E-01
5.187403E-01
5.173043E-01
8.116340E-01
8.838191E-01
8.968836E-01
8.657143E-01
5.167139E-01
6.849970E-01
1.000000E+00
0.000000E+00
8.100463E-01
8.661278E-01
8.100351E-01
0.000000E+00
8.434353E-01
8.447334E-01
1.000000E+00
6.798539E-01
0.000000E+00
8.117300E-01
1.000000E+00
9.214990E-01
1.000000E+00
8.657365E-01
6.839040E-01
8.433905E-01
5.221655E-01
1.000000E+00
6.752901E-01
1.000000E+00
1.000000E+00
7.640976E-01
8.958041E-01
9.144960E-01
8.655736E-01
8.955471E-01
8.653039E-01
9.062391E-01
9.216696E-01
8.954767E-01
9.061151E-01
1.000000E+00
9.330825E-01
1.000000E+00
8.657716E-01
8.960842E-01
8.825406E-01
8.825672E-01
8.100463E-01
8.426984E-01
8.426984E-01
1.000000E+00
8.825863E-01
1.000000E+00
8.959136E-01
9.145651E-01
8.959231E-01
8.100463E-01
1.000000E+00
9.219751E-01
1.000000E+00
8.100463E-01
1.000000E+00
8.656601E-01
8.423290E-01
8.421752E-01
8.955423E-01
9.223102E-01
9.283782E-01
9.146120E-01
8.421121E-01
8.655736E-01
1.000000E+00
8.100463E-01
0.000000E+00
9.147794E-01
8.950525E-01
8.100463E-01
9.061172E-01
9.065855E-01
1.000000E+00
6.767624E-01
8.100463E-01
8.955718E-01
1.000000E+00
9.411873E-01
1.000000E+00
9.146210E-01
8.653749E-01
9.061011E-01
8.426984E-01
1.000000E+00
8.638365E-01
1.000000E+00
1.000000E+00
8.824011E-01
9.152735E-01
9.280614E-01
8.963127E-01
9.151037E-01
8.961523E-01
9.223047E-01
9.332078E-01
9.150571E-01
9.222196E-01
1.000000E+00
9.416881E-01
1.000000E+00
8.964306E-01
9.154588E-01
9.067073E-01
7.845193E-01
8.661278E-01
8.832129E-01
8.832129E-01
1.000000E+00
9.067361E-01
1.000000E+00
9.153459E-01
9.281102E-01
9.153522E-01
8.661278E-01
1.000000E+00
8.502646E-01
9.214057E-01
8.661278E-01
1.000000E+00
8.963643E-01
8.830094E-01
8.829247E-01
9.151005E-01
9.336742E-01
9.381479E-01
9.281435E-01
8.828900E-01
8.963127E-01
1.000000E+00
8.661278E-01
9.147794E-01
0.000000E+00
9.147772E-01
8.661278E-01
9.222211E-01
8.235253E-01
1.000000E+00
8.957615E-01
8.661278E-01
9.151200E-01
1.000000E+00
8.153706E-01
1.000000E+00
9.281498E-01
8.961946E-01
9.222100E-01
8.832129E-01
1.000000E+00
8.952823E-01
1.000000E+00
1.000000E+00
9.066193E-01
8.958007E-01
9.144938E-01
8.655680E-01
8.955438E-01
8.652983E-01
7.855722E-01
9.216677E-01
7.595812E-01
9.061124E-01
1.000000E+00
7.578812E-01
1.000000E+00
8.657660E-01
8.960809E-01
8.825363E-01
8.825629E-01
8.100351E-01
8.426908E-01
8.426908E-01
1.000000E+00
8.825820E-01
1.000000E+00
8.959103E-01
8.078067E-01
8.959198E-01
8.100351E-01
1.000000E+00
9.219732E-01
1.000000E+00
8.100351E-01
1.000000E+00
8.656546E-01
8.423213E-01
8.421675E-01
7.580632E-01
9.223084E-01
9.283766E-01
8.079227E-01
8.421044E-01
8.655680E-01
1.000000E+00
8.100351E-01
8.950525E-01
9.147772E-01
0.000000E+00
8.100351E-01
9.061145E-01
9.065828E-01
1.000000E+00
8.646400E-01
8.100351E-01
7.598268E-01
1.000000E+00
8.716311E-01
1.000000E+00
8.049779E-01
8.653693E-01
7.852217E-01
8.426908E-01
1.000000E+00
8.638308E-01
8.591937E-01
1.000000E+00
8.823968E-01
8.124835E-01
8.654272E-01
6.849970E-01
8.116497E-01
6.835121E-01
8.437740E-01
8.823806E-01
8.114207E-01
8.434295E-01
1.000000E+00
9.063612E-01
1.000000E+00
6.860824E-01
8.133888E-01
7.646583E-01
7.647649E-01
0.000000E+00
5.221655E-01
5.221655E-01
1.000000E+00
7.648416E-01
1.000000E+00
8.128380E-01
8.655982E-01
8.128687E-01
0.000000E+00
1.000000E+00
8.830680E-01
1.000000E+00
0.000000E+00
1.000000E+00
6.854720E-01
5.187403E-01
5.173043E-01
8.116340E-01
8.838191E-01
8.968836E-01
8.657143E-01
5.167139E-01
6.849970E-01
1.000000E+00
0.000000E+00
8.100463E-01
8.661278E-01
8.100351E-01
0.000000E+00
8.434353E-01
8.447334E-01
1.000000E+00
6.798539E-01
0.000000E+00
8.117300E-01
1.000000E+00
9.214990E-01
1.000000E+00
8.657365E-01
6.839040E-01
8.433905E-01
5.221655E-01
1.000000E+00
6.752901E-01
1.000000E+00
1.000000E+00
7.640976E-01
9.067164E-01
9.219851E-01
8.832009E-01
9.065106E-01
8.829974E-01
9.151688E-01
9.280013E-01
9.064542E-01
9.150674E-01
1.000000E+00
9.377586E-01
1.000000E+00
8.833505E-01
9.069410E-01
8.962255E-01
8.962462E-01
8.434353E-01
8.663086E-01
8.663086E-01
1.000000E+00
8.962612E-01
1.000000E+00
9.068042E-01
8.222803E-01
9.068118E-01
8.434353E-01
1.000000E+00
9.282594E-01
1.000000E+00
8.434353E-01
1.000000E+00
8.832663E-01
8.660418E-01
8.659308E-01
9.065067E-01
8.383465E-01
9.337086E-01
9.220817E-01
8.658853E-01
8.832009E-01
1.000000E+00
8.434353E-01
9.061172E-01
9.222211E-01
9.061145E-01
8.434353E-01
0.000000E+00
9.154525E-01
1.000000E+00
8.825010E-01
8.434353E-01
9.065303E-01
1.000000E+00
8.800724E-01
1.000000E+00
9.220891E-01
8.830510E-01
9.150559E-01
8.663086E-01
1.000000E+00
8.818918E-01
1.000000E+00
1.000000E+00
8.961166E-01
9.071788E-01
9.223087E-01
7.236542E-01
9.069749E-01
8.837238E-01
9.155514E-01
9.282770E-01
9.069191E-01
9.154508E-01
1.000000E+00
9.379648E-01
1.000000E+00
8.840725E-01
9.074011E-01
8.967974E-01
8.968179E-01
8.447334E-01
8.672562E-01
8.672562E-01
1.000000E+00
8.968326E-01
1.000000E+00
7.854192E-01
9.223657E-01
9.072732E-01
8.447334E-01
1.000000E+00
8.383228E-01
1.000000E+00
8.447334E-01
1.000000E+00
8.839894E-01
8.669932E-01
8.668838E-01
9.069711E-01
9.288145E-01
8.510008E-01
9.224045E-01
8.668389E-01
7.236542E-01
1.000000E+00
8.447334E-01
9.065855E-01
8.235253E-01
9.065828E-01
8.447334E-01
9.154525E-01
0.000000E+00
1.000000E+00
8.832336E-01
8.447334E-01
9.069945E-01
1.000000E+00
9.449921E-01
1.000000E+00
9.224119E-01
8.837767E-01
9.154394E-01
8.672562E-01
1.000000E+00
8.826319E-01
1.000000E+00
1.000000E+00
8.966897E-01
1.000000E+00
8.579582E-01
1.000000E+00
1.000000E+00
1.000000E+00
1.000000E+00
1.000000E+00
1.000000E+00
1.000000E+00
1.000000E+00
1.000000E+00
1.000000E+00
1.000000E+00
1.000000E+00
1.000000E+00
1.000000E+00
1.000000E+00
1.000000E+00
1.000000E+00
1.000000E+00
1.000000E+00
1.000000E+00
1.000000E+00
8.581387E-01
1.000000E+00
1.000000E+00
1.000000E+00
1.000000E+00
1.000000E+00
1.000000E+00
1.000000E+00
1.000000E+00
1.000000E+00
1.000000E+00
1.000000E+00
1.000000E+00
1.000000E+00
1.000000E+00
1.000000E+00
1.000000E+00
8.604071E-01
1.000000E+00
1.000000E+00
1.000000E+00
1.000000E+00
1.000000E+00
1.000000E+00
1.000000E+00
0.000000E+00
1.000000E+00
1.000000E+00
1.000000E+00
1.000000E+00
9.171421E-01
1.000000E+00
8.582847E-01
1.000000E+00
1.000000E+00
1.000000E+00
1.000000E+00
1.000000E+00
1.000000E+00
1.000000E+00
1.000000E+00
8.658877E-01
8.953372E-01
8.112547E-01
8.654618E-01
8.107226E-01
8.826919E-01
9.058874E-01
8.653449E-01
8.824977E-01
8.742797E-01
9.218928E-01
1.000000E+00
8.116450E-01
8.663514E-01
8.430810E-01
8.431284E-01
6.798539E-01
7.628280E-01
7.628280E-01
1.000000E+00
8.431625E-01
1.000000E+00
8.660691E-01
8.954407E-01
8.660848E-01
6.798539E-01
1.000000E+00
9.063280E-01
1.000000E+00
6.798539E-01
1.000000E+00
8.114254E-01
7.619872E-01
7.616364E-01
8.654537E-01
9.068107E-01
9.154073E-01
8.955110E-01
7.614926E-01
8.112547E-01
1.000000E+00
6.798539E-01
6.767624E-01
8.957615E-01
8.646400E-01
6.798539E-01
8.825010E-01
8.832336E-01
1.000000E+00
0.000000E+00
6.798539E-01
8.655027E-01
1.000000E+00
9.327155E-01
1.000000E+00
8.955244E-01
8.108629E-01
8.824757E-01
7.628280E-01
1.000000E+00
8.078123E-01
1.000000E+00
1.000000E+00
8.428319E-01
8.124835E-01
8.654272E-01
6.849970E-01
8.116497E-01
6.835121E-01
8.437740E-01
8.823806E-01
8.114207E-01
8.434295E-01
1.000000E+00
9.063612E-01
1.000000E+00
6.860824E-01
8.133888E-01
7.646583E-01
7.647649E-01
0.000000E+00
5.221655E-01
5.221655E-01
1.000000E+00
7.648416E-01
1.000000E+00
8.128380E-01
8.655982E-01
8.128687E-01
0.000000E+00
1.000000E+00
8.830680E-01
1.000000E+00
0.000000E+00
1.000000E+00
6.854720E-01
5.187403E-01
5.173043E-01
8.116340E-01
8.838191E-01
8.968836E-01
8.657143E-01
5.167139E-01
6.849970E-01
1.000000E+00
0.000000E+00
8.100463E-01
8.661278E-01
8.100351E-01
0.000000E+00
8.434353E-01
8.447334E-01
1.000000E+00
6.798539E-01
0.000000E+00
8.117300E-01
1.000000E+00
9.214990E-01
1.000000E+00
8.657365E-01
6.839040E-01
8.433905E-01
5.221655E-01
1.000000E+00
6.752901E-01
1.000000E+00
1.000000E+00
7.640976E-01
8.963127E-01
9.148389E-01
8.664190E-01
8.960583E-01
8.661527E-01
9.066511E-01
9.219574E-01
7.609112E-01
9.065283E-01
1.000000E+00
8.531072E-01
1.000000E+00
8.666146E-01
8.965901E-01
8.831866E-01
8.832129E-01
8.117300E-01
8.438548E-01
8.438548E-01
1.000000E+00
8.832318E-01
1.000000E+00
8.964212E-01
8.086576E-01
8.964306E-01
8.117300E-01
1.000000E+00
9.222607E-01
1.000000E+00
8.117300E-01
1.000000E+00
8.665045E-01
8.434908E-01
8.433392E-01
8.960535E-01
9.225934E-01
8.379770E-01
8.087726E-01
8.432771E-01
8.664190E-01
1.000000E+00
8.117300E-01
8.955718E-01
9.151200E-01
7.598268E-01
8.117300E-01
9.065303E-01
9.069945E-01
1.000000E+00
8.655027E-01
8.117300E-01
0.000000E+00
1.000000E+00
8.720112E-01
1.000000E+00
9.149628E-01
8.662228E-01
9.065143E-01
8.438548E-01
1.000000E+00
8.647038E-01
8.600845E-01
1.000000E+00
8.830486E-01
1.000000E+00
1.000000E+00
1.000000E+00
1.000000E+00
1.000000E+00
1.000000E+00
1.000000E+00
1.000000E+00
1.000000E+00
1.000000E+00
1.000000E+00
6.783998E-01
1.000000E+00
1.000000E+00
1.000000E+00
1.000000E+00
1.000000E+00
1.000000E+00
1.000000E+00
1.000000E+00
1.000000E+00
6.787958E-01
1.000000E+00
1.000000E+00
1.000000E+00
1.000000E+00
6.813866E-01
1.000000E+00
8.642275E-01
1.000000E+00
1.000000E+00
1.000000E+00
1.000000E+00
1.000000E+00
1.000000E+00
1.000000E+00
1.000000E+00
1.000000E+00
1.000000E+00
1.000000E+00
1.000000E+00
1.000000E+00
1.000000E+00
1.000000E+00
1.000000E+00
1.000000E+00
1.000000E+00
1.000000E+00
1.000000E+00
1.000000E+00
1.000000E+00
1.000000E+00
0.000000E+00
1.000000E+00
1.000000E+00
1.000000E+00
1.000000E+00
1.000000E+00
1.000000E+00
1.000000E+00
1.000000E+00
1.000000E+00
5.125480E-01
1.000000E+00
9.414230E-01
8.865249E-01
9.329456E-01
9.413419E-01
9.328786E-01
9.448722E-01
9.505946E-01
8.719415E-01
8.792061E-01
1.000000E+00
8.468951E-01
1.000000E+00
9.329949E-01
9.415117E-01
9.374524E-01
9.374600E-01
9.214990E-01
9.277011E-01
9.277011E-01
1.000000E+00
9.374654E-01
1.000000E+00
9.414577E-01
8.182426E-01
9.414607E-01
9.214990E-01
1.000000E+00
8.928066E-01
1.000000E+00
9.214990E-01
1.000000E+00
9.329671E-01
9.276231E-01
9.275907E-01
9.413404E-01
9.508502E-01
9.533505E-01
8.167610E-01
9.275775E-01
9.329456E-01
9.451530E-01
9.214990E-01
9.411873E-01
8.153706E-01
8.716311E-01
9.214990E-01
8.800724E-01
9.449921E-01
9.171421E-01
9.327155E-01
9.214990E-01
8.720112E-01
1.000000E+00
0.000000E+00
1.000000E+00
8.866320E-01
8.493687E-01
9.448245E-01
9.277011E-01
1.000000E+00
9.325162E-01
9.297434E-01
1.000000E+00
8.598769E-01
1.000000E+00
1.000000E+00
1.000000E+00
1.000000E+00
1.000000E+00
1.000000E+00
1.000000E+00
1.000000E+00
1.000000E+00
1.000000E+00
1.000000E+00
1.000000E+00
1.000000E+00
1.000000E+00
1.000000E+00
1.000000E+00
1.000000E+00
1.000000E+00
1.000000E+00
   NaN
1.000000E+00
1.000000E+00
1.000000E+00
1.000000E+00
1.000000E+00
1.000000E+00
1.000000E+00
1.000000E+00
1.000000E+00
1.000000E+00
   NaN
1.000000E+00
1.000000E+00
1.000000E+00
1.000000E+00
1.000000E+00
1.000000E+00
1.000000E+00
1.000000E+00
1.000000E+00
1.000000E+00
1.000000E+00
1.000000E+00
1.000000E+00
1.000000E+00
1.000000E+00
1.000000E+00
1.000000E+00
1.000000E+00
1.000000E+00
1.000000E+00
1.000000E+00
1.000000E+00
1.000000E+00
   NaN
1.000000E+00
1.000000E+00
1.000000E+00
1.000000E+00
1.000000E+00
1.000000E+00
1.000000E+00
1.000000E+00
1.000000E+00
9.151169E-01
8.397077E-01
8.960781E-01
9.149464E-01
8.959170E-01
9.221731E-01
9.331105E-01
9.148998E-01
8.238837E-01
1.000000E+00
9.416139E-01
1.000000E+00
8.961965E-01
9.153029E-01
9.065174E-01
9.065342E-01
8.657365E-01
8.829151E-01
8.829151E-01
1.000000E+00
9.065464E-01
1.000000E+00
9.151896E-01
8.398258E-01
9.151959E-01
8.657365E-01
1.000000E+00
9.333334E-01
1.000000E+00
8.657365E-01
1.000000E+00
8.961299E-01
8.827106E-01
8.826255E-01
9.149432E-01
9.335782E-01
8.618033E-01
9.280309E-01
8.825906E-01
8.960781E-01
9.243575E-01
8.657365E-01
9.146210E-01
9.281498E-01
8.049779E-01
8.657365E-01
9.220891E-01
9.224119E-01
8.582847E-01
8.955244E-01
8.657365E-01
9.149628E-01
1.000000E+00
8.866320E-01
1.000000E+00
0.000000E+00
8.959594E-01
8.238598E-01
8.829151E-01
1.000000E+00
8.950430E-01
1.000000E+00
1.000000E+00
9.064291E-01
8.666037E-01
8.957738E-01
8.126698E-01
8.661823E-01
8.121457E-01
8.832400E-01
9.062406E-01
8.660667E-01
8.830477E-01
1.000000E+00
9.221362E-01
1.000000E+00
8.130542E-01
8.670625E-01
8.440603E-01
8.441071E-01
6.839040E-01
7.650581E-01
7.650581E-01
1.000000E+00
8.441408E-01
1.000000E+00
8.667832E-01
8.958764E-01
8.667987E-01
6.839040E-01
1.000000E+00
9.066779E-01
1.000000E+00
6.839040E-01
1.000000E+00
8.128380E-01
7.642330E-01
7.638889E-01
8.661744E-01
9.071570E-01
9.156928E-01
8.959461E-01
7.637477E-01
8.126698E-01
1.000000E+00
6.839040E-01
8.653749E-01
8.961946E-01
8.653693E-01
6.839040E-01
8.830510E-01
8.837767E-01
1.000000E+00
8.108629E-01
6.839040E-01
8.662228E-01
1.000000E+00
8.493687E-01
1.000000E+00
8.959594E-01
0.000000E+00
8.830259E-01
7.650581E-01
1.000000E+00
8.092793E-01
1.000000E+00
1.000000E+00
8.438144E-01
9.067005E-01
9.219739E-01
8.831759E-01
9.064946E-01
8.829723E-01
8.079848E-01
9.279918E-01
9.064381E-01
8.063925E-01
1.000000E+00
7.750071E-01
1.000000E+00
8.833256E-01
9.069252E-01
8.962058E-01
8.962265E-01
8.433905E-01
8.662759E-01
8.662759E-01
1.000000E+00
8.962415E-01
1.000000E+00
9.067883E-01
9.220314E-01
9.067960E-01
8.433905E-01
1.000000E+00
9.282500E-01
1.000000E+00
8.433905E-01
1.000000E+00
8.832413E-01
8.660090E-01
8.658979E-01
7.862178E-01
8.377669E-01
9.337006E-01
9.220705E-01
8.658524E-01
8.831759E-01
1.000000E+00
8.433905E-01
9.061011E-01
9.222100E-01
7.852217E-01
8.433905E-01
9.150559E-01
9.154394E-01
1.000000E+00
8.824757E-01
8.433905E-01
9.065143E-01
1.000000E+00
9.448245E-01
1.000000E+00
8.238598E-01
8.830259E-01
0.000000E+00
8.662759E-01
1.000000E+00
8.818662E-01
1.000000E+00
1.000000E+00
8.960969E-01
8.443735E-01
8.826800E-01
7.656624E-01
8.437996E-01
7.648416E-01
8.665556E-01
8.957766E-01
8.436421E-01
8.663043E-01
1.000000E+00
9.150535E-01
1.000000E+00
7.662636E-01
8.449975E-01
8.128012E-01
8.128687E-01
5.221655E-01
6.860824E-01
6.860824E-01
1.000000E+00
8.129172E-01
1.000000E+00
8.446177E-01
8.828100E-01
8.446388E-01
5.221655E-01
1.000000E+00
8.963167E-01
1.000000E+00
5.221655E-01
1.000000E+00
7.659254E-01
6.846077E-01
6.839916E-01
8.437888E-01
8.969077E-01
9.073264E-01
8.828983E-01
6.837387E-01
7.656624E-01
1.000000E+00
5.221655E-01
8.426984E-01
8.832129E-01
8.426908E-01
5.221655E-01
8.663086E-01
8.672562E-01
1.000000E+00
7.628280E-01
5.221655E-01
8.438548E-01
1.000000E+00
9.277011E-01
1.000000E+00
8.829151E-01
7.650581E-01
8.662759E-01
0.000000E+00
1.000000E+00
7.603325E-01
1.000000E+00
1.000000E+00
8.124466E-01
1.000000E+00
1.000000E+00
1.000000E+00
1.000000E+00
1.000000E+00
1.000000E+00
1.000000E+00
1.000000E+00
1.000000E+00
9.002795E-01
1.000000E+00
1.000000E+00
1.000000E+00
1.000000E+00
1.000000E+00
1.000000E+00
1.000000E+00
1.000000E+00
1.000000E+00
1.000000E+00
8.742457E-01
1.000000E+00
1.000000E+00
1.000000E+00
1.000000E+00
1.000000E+00
1.000000E+00
9.157497E-01
9.084757E-01
1.000000E+00
1.000000E+00
1.000000E+00
1.000000E+00
1.000000E+00
1.000000E+00
1.000000E+00
1.000000E+00
1.000000E+00
1.000000E+00
1.000000E+00
1.000000E+00
1.000000E+00
1.000000E+00
1.000000E+00
1.000000E+00
1.000000E+00
1.000000E+00
1.000000E+00
1.000000E+00
1.000000E+00
1.000000E+00
1.000000E+00
1.000000E+00
1.000000E+00
1.000000E+00
1.000000E+00
1.000000E+00
1.000000E+00
1.000000E+00
0.000000E+00
1.000000E+00
1.000000E+00
1.000000E+00
1.000000E+00
8.650934E-01
7.634726E-01
8.096777E-01
8.646624E-01
8.091366E-01
8.820846E-01
7.899415E-01
8.645442E-01
8.818884E-01
1.000000E+00
9.216240E-01
1.000000E+00
8.100745E-01
8.655626E-01
8.419925E-01
8.420405E-01
6.752901E-01
7.603325E-01
7.603325E-01
1.000000E+00
8.420751E-01
1.000000E+00
8.652770E-01
8.949585E-01
8.652929E-01
6.752901E-01
1.000000E+00
9.059412E-01
1.000000E+00
6.752901E-01
1.000000E+00
8.098512E-01
7.594739E-01
7.591157E-01
8.646543E-01
9.064279E-01
9.150920E-01
8.950295E-01
3.281208E-01
8.096777E-01
1.000000E+00
6.752901E-01
8.638365E-01
8.952823E-01
8.638308E-01
6.752901E-01
8.818918E-01
8.826319E-01
1.000000E+00
8.078123E-01
6.752901E-01
8.647038E-01
1.000000E+00
9.325162E-01
1.000000E+00
8.950430E-01
8.092793E-01
8.818662E-01
7.603325E-01
1.000000E+00
0.000000E+00
1.000000E+00
1.000000E+00
8.417399E-01
1.000000E+00
1.000000E+00
1.000000E+00
1.000000E+00
1.000000E+00
1.000000E+00
1.000000E+00
8.599216E-01
1.000000E+00
1.000000E+00
9.184917E-01
1.000000E+00
1.000000E+00
1.000000E+00
1.000000E+00
8.300056E-01
1.000000E+00
1.000000E+00
1.000000E+00
1.000000E+00
1.000000E+00
1.000000E+00
1.000000E+00
8.910479E-01
1.000000E+00
1.000000E+00
1.000000E+00
1.000000E+00
1.000000E+00
1.000000E+00
1.000000E+00
1.000000E+00
1.000000E+00
1.000000E+00
1.000000E+00
1.000000E+00
1.000000E+00
8.911207E-01
1.000000E+00
1.000000E+00
1.000000E+00
1.000000E+00
1.000000E+00
1.000000E+00
8.591937E-01
1.000000E+00
1.000000E+00
1.000000E+00
1.000000E+00
1.000000E+00
1.000000E+00
8.600845E-01
1.000000E+00
9.297434E-01
1.000000E+00
1.000000E+00
1.000000E+00
1.000000E+00
1.000000E+00
1.000000E+00
1.000000E+00
0.000000E+00
1.000000E+00
1.000000E+00
1.000000E+00
1.000000E+00
1.000000E+00
1.000000E+00
1.000000E+00
1.000000E+00
1.000000E+00
1.000000E+00
1.000000E+00
1.000000E+00
1.000000E+00
7.596694E-01
1.000000E+00
1.000000E+00
1.000000E+00
1.000000E+00
1.000000E+00
1.000000E+00
1.000000E+00
1.000000E+00
1.000000E+00
7.598906E-01
1.000000E+00
1.000000E+00
1.000000E+00
1.000000E+00
7.613413E-01
8.877611E-01
8.811893E-01
1.000000E+00
1.000000E+00
1.000000E+00
1.000000E+00
1.000000E+00
8.302626E-01
1.000000E+00
1.000000E+00
8.731140E-01
1.000000E+00
1.000000E+00
1.000000E+00
1.000000E+00
1.000000E+00
1.000000E+00
1.000000E+00
1.000000E+00
1.000000E+00
1.000000E+00
1.000000E+00
1.000000E+00
1.000000E+00
1.000000E+00
5.125480E-01
1.000000E+00
1.000000E+00
1.000000E+00
1.000000E+00
1.000000E+00
1.000000E+00
1.000000E+00
1.000000E+00
1.000000E+00
0.000000E+00
1.000000E+00
8.833398E-01
9.062790E-01
8.440817E-01
8.830176E-01
8.437187E-01
8.962658E-01
8.071713E-01
8.829293E-01
8.961141E-01
1.000000E+00
9.281525E-01
1.000000E+00
8.443481E-01
8.836909E-01
8.664562E-01
8.664906E-01
7.640976E-01
8.124466E-01
8.124466E-01
1.000000E+00
8.665153E-01
1.000000E+00
8.834771E-01
9.063619E-01
8.834890E-01
7.640976E-01
1.000000E+00
9.151897E-01
1.000000E+00
7.640976E-01
1.000000E+00
8.441981E-01
8.119212E-01
8.117023E-01
8.830116E-01
9.155855E-01
9.227013E-01
9.064183E-01
8.116125E-01
8.440817E-01
1.000000E+00
7.640976E-01
8.824011E-01
9.066193E-01
8.823968E-01
7.640976E-01
8.961166E-01
8.966897E-01
1.000000E+00
8.428319E-01
7.640976E-01
8.830486E-01
1.000000E+00
8.598769E-01
1.000000E+00
9.064291E-01
8.438144E-01
8.960969E-01
8.124466E-01
1.000000E+00
8.417399E-01
1.000000E+00
1.000000E+00
0.000000E+00
