1.000000E+00
5.117042E-01
7.624693E-01
0.000000E+00
0.000000E+00
8.064648E-01
5.160118E-01
8.619309E-01
0.000000E+00
1.000000E+00
5.170976E-01
8.408741E-01
8.430036E-01
8.042067E-01
5.020374E-01
0.000000E+00
0.000000E+00
7.622881E-01
5.170976E-01
5.184903E-01
8.408077E-01
8.088470E-01
6.693177E-01
8.083713E-01
9.046063E-01
8.413638E-01
8.640812E-01
6.814446E-01
0.000000E+00
8.393727E-01
0.000000E+00
7.994845E-01
1.000000E+00
1.000000E+00
1.000000E+00
1.000000E+00
1.000000E+00
1.000000E+00
1.000000E+00
8.752634E-01
1.000000E+00
1.000000E+00
1.000000E+00
1.000000E+00
1.000000E+00
1.000000E+00
1.000000E+00
1.000000E+00
1.000000E+00
1.000000E+00
1.000000E+00
1.000000E+00
1.000000E+00
1.000000E+00
1.000000E+00
1.000000E+00
1.000000E+00
1.000000E+00
1.000000E+00
1.000000E+00
7.994845E-01
0.000000E+00
8.098108E-01
5.117042E-01
5.117042E-01
8.390978E-01
6.788804E-01
8.793828E-01
5.117042E-01
8.316003E-01
6.793588E-01
8.636166E-01
8.651839E-01
8.375401E-01
6.727879E-01
5.117042E-01
5.117042E-01
8.096946E-01
6.793588E-01
6.799734E-01
8.635678E-01
8.407478E-01
7.544198E-01
8.404178E-01
9.132758E-01
8.639765E-01
8.810270E-01
7.611718E-01
5.117042E-01
8.625152E-01
1.000000E+00
8.098108E-01
0.000000E+00
7.624693E-01
7.624693E-01
8.806255E-01
8.104678E-01
9.043313E-01
7.624693E-01
1.000000E+00
8.106346E-01
8.946738E-01
8.956110E-01
8.797703E-01
8.083618E-01
7.624693E-01
7.624693E-01
8.651702E-01
8.106346E-01
8.108491E-01
8.946447E-01
8.815361E-01
8.395902E-01
8.813536E-01
9.269692E-01
8.948886E-01
9.053686E-01
8.424987E-01
7.624693E-01
8.940181E-01
1.000000E+00
5.117042E-01
7.624693E-01
0.000000E+00
0.000000E+00
8.064648E-01
5.160118E-01
8.619309E-01
0.000000E+00
1.000000E+00
5.170976E-01
8.408741E-01
8.430036E-01
8.042067E-01
5.020374E-01
0.000000E+00
0.000000E+00
7.622881E-01
5.170976E-01
5.184903E-01
8.408077E-01
8.088470E-01
6.693177E-01
8.083713E-01
9.046063E-01
8.413638E-01
8.640812E-01
6.814446E-01
0.000000E+00
8.393727E-01
1.000000E+00
5.117042E-01
7.624693E-01
0.000000E+00
0.000000E+00
8.064648E-01
5.160118E-01
8.619309E-01
0.000000E+00
1.000000E+00
5.170976E-01
8.408741E-01
8.430036E-01
8.042067E-01
5.020374E-01
0.000000E+00
0.000000E+00
7.622881E-01
5.170976E-01
5.184903E-01
8.408077E-01
8.088470E-01
6.693177E-01
8.083713E-01
9.046063E-01
8.413638E-01
8.640812E-01
6.814446E-01
0.000000E+00
8.393727E-01
1.000000E+00
8.390978E-01
8.806255E-01
8.064648E-01
8.064648E-01
0.000000E+00
8.395683E-01
6.778030E-01
8.064648E-01
1.000000E+00
8.396878E-01
9.043186E-01
9.050927E-01
7.570628E-01
6.113458E-01
8.064648E-01
8.064648E-01
8.805798E-01
8.396878E-01
8.398416E-01
9.042946E-01
8.935992E-01
4.147397E-01
8.934520E-01
7.604872E-01
9.044959E-01
9.132272E-01
8.631297E-01
8.064648E-01
6.386414E-01
1.000000E+00
6.788804E-01
8.104678E-01
5.160118E-01
5.160118E-01
8.395683E-01
0.000000E+00
8.796474E-01
5.160118E-01
1.000000E+00
6.812218E-01
8.639548E-01
8.655144E-01
8.380198E-01
6.747279E-01
5.160118E-01
5.160118E-01
8.103525E-01
6.812218E-01
6.818293E-01
8.639062E-01
8.412088E-01
7.555142E-01
8.408806E-01
9.134127E-01
8.643129E-01
8.812845E-01
7.622069E-01
5.160118E-01
8.628589E-01
1.000000E+00
8.793828E-01
9.043313E-01
8.619309E-01
8.619309E-01
6.778030E-01
8.796474E-01
0.000000E+00
8.619309E-01
9.099722E-01
8.797146E-01
9.201730E-01
9.207125E-01
8.058225E-01
7.227320E-01
8.619309E-01
8.619309E-01
9.043019E-01
8.797146E-01
8.798012E-01
9.201562E-01
9.128477E-01
5.824722E-01
9.127489E-01
7.943043E-01
9.202964E-01
9.264710E-01
8.934120E-01
8.619309E-01
7.104591E-01
1.000000E+00
5.117042E-01
7.624693E-01
0.000000E+00
0.000000E+00
8.064648E-01
5.160118E-01
8.619309E-01
0.000000E+00
1.000000E+00
5.170976E-01
8.408741E-01
8.430036E-01
8.042067E-01
5.020374E-01
0.000000E+00
0.000000E+00
7.622881E-01
5.170976E-01
5.184903E-01
8.408077E-01
8.088470E-01
6.693177E-01
8.083713E-01
9.046063E-01
8.413638E-01
8.640812E-01
6.814446E-01
0.000000E+00
8.393727E-01
8.752634E-01
8.316003E-01
1.000000E+00
1.000000E+00
1.000000E+00
1.000000E+00
1.000000E+00
9.099722E-01
1.000000E+00
0.000000E+00
1.000000E+00
1.000000E+00
1.000000E+00
1.000000E+00
1.000000E+00
1.000000E+00
1.000000E+00
1.000000E+00
1.000000E+00
1.000000E+00
9.013884E-01
1.000000E+00
1.000000E+00
1.000000E+00
1.000000E+00
1.000000E+00
9.105738E-01
1.000000E+00
1.000000E+00
1.000000E+00
1.000000E+00
6.793588E-01
8.106346E-01
5.170976E-01
5.170976E-01
8.396878E-01
6.812218E-01
8.797146E-01
5.170976E-01
1.000000E+00
0.000000E+00
8.640407E-01
8.655984E-01
8.381416E-01
6.752187E-01
5.170976E-01
5.170976E-01
8.105194E-01
6.816932E-01
6.822989E-01
8.639922E-01
8.413258E-01
7.557915E-01
8.409982E-01
9.134475E-01
8.643984E-01
8.813499E-01
7.624693E-01
5.170976E-01
8.629462E-01
1.000000E+00
8.636166E-01
8.946738E-01
8.408741E-01
8.408741E-01
9.043186E-01
8.639548E-01
9.201730E-01
8.408741E-01
1.000000E+00
8.640407E-01
0.000000E+00
9.141919E-01
7.851807E-01
8.628731E-01
8.408741E-01
8.408741E-01
8.946382E-01
8.640407E-01
8.641514E-01
9.135400E-01
9.049045E-01
8.796396E-01
7.876937E-01
9.365772E-01
9.137043E-01
8.218916E-01
8.812845E-01
8.408741E-01
9.131185E-01
1.000000E+00
8.651839E-01
8.956110E-01
8.430036E-01
8.430036E-01
9.050927E-01
8.655144E-01
9.207125E-01
8.430036E-01
1.000000E+00
8.655984E-01
9.141919E-01
0.000000E+00
9.045529E-01
8.644575E-01
8.430036E-01
8.430036E-01
8.955761E-01
8.655984E-01
8.657065E-01
9.141725E-01
9.056691E-01
8.808620E-01
9.055535E-01
9.369183E-01
9.143345E-01
9.214263E-01
7.205575E-01
8.430036E-01
9.137572E-01
1.000000E+00
8.375401E-01
8.797703E-01
8.042067E-01
8.042067E-01
7.570628E-01
8.380198E-01
8.058225E-01
8.042067E-01
1.000000E+00
8.381416E-01
7.851807E-01
9.045529E-01
0.000000E+00
6.068113E-01
8.042067E-01
8.042067E-01
8.797239E-01
8.381416E-01
8.382984E-01
7.845739E-01
7.573797E-01
6.720421E-01
7.576310E-01
8.521451E-01
9.039492E-01
9.127762E-01
8.620042E-01
8.042067E-01
7.846415E-01
1.000000E+00
6.727879E-01
8.083618E-01
5.020374E-01
5.020374E-01
6.113458E-01
6.747279E-01
7.227320E-01
5.020374E-01
1.000000E+00
6.752187E-01
8.628731E-01
8.644575E-01
6.068113E-01
0.000000E+00
5.020374E-01
5.020374E-01
8.082439E-01
6.752187E-01
6.758492E-01
8.628238E-01
8.397332E-01
3.359294E-01
8.393989E-01
8.084320E-01
8.632369E-01
8.804616E-01
7.588824E-01
5.020374E-01
6.774310E-01
1.000000E+00
5.117042E-01
7.624693E-01
0.000000E+00
0.000000E+00
8.064648E-01
5.160118E-01
8.619309E-01
0.000000E+00
1.000000E+00
5.170976E-01
8.408741E-01
8.430036E-01
8.042067E-01
5.020374E-01
0.000000E+00
0.000000E+00
7.622881E-01
5.170976E-01
5.184903E-01
8.408077E-01
8.088470E-01
6.693177E-01
8.083713E-01
9.046063E-01
8.413638E-01
8.640812E-01
6.814446E-01
0.000000E+00
8.393727E-01
1.000000E+00
5.117042E-01
7.624693E-01
0.000000E+00
0.000000E+00
8.064648E-01
5.160118E-01
8.619309E-01
0.000000E+00
1.000000E+00
5.170976E-01
8.408741E-01
8.430036E-01
8.042067E-01
5.020374E-01
0.000000E+00
0.000000E+00
7.622881E-01
5.170976E-01
5.184903E-01
8.408077E-01
8.088470E-01
6.693177E-01
8.083713E-01
9.046063E-01
8.413638E-01
8.640812E-01
6.814446E-01
0.000000E+00
8.393727E-01
1.000000E+00
8.096946E-01
8.651702E-01
7.622881E-01
7.622881E-01
8.805798E-01
8.103525E-01
9.043019E-01
7.622881E-01
1.000000E+00
8.105194E-01
8.946382E-01
8.955761E-01
8.797239E-01
8.082439E-01
7.622881E-01
7.622881E-01
0.000000E+00
8.105194E-01
8.107342E-01
8.946091E-01
7.209440E-01
8.395076E-01
8.813084E-01
9.269521E-01
8.948531E-01
9.053398E-01
8.424191E-01
7.622881E-01
8.939821E-01
1.000000E+00
6.793588E-01
8.106346E-01
5.170976E-01
5.170976E-01
8.396878E-01
6.812218E-01
8.797146E-01
5.170976E-01
1.000000E+00
6.816932E-01
8.640407E-01
8.655984E-01
8.381416E-01
6.752187E-01
5.170976E-01
5.170976E-01
8.105194E-01
0.000000E+00
6.822989E-01
8.639922E-01
8.413258E-01
7.557915E-01
8.409982E-01
9.134475E-01
8.643984E-01
8.813499E-01
7.624693E-01
5.170976E-01
8.629462E-01
1.000000E+00
6.799734E-01
8.108491E-01
5.184903E-01
5.184903E-01
8.398416E-01
6.818293E-01
8.798012E-01
5.184903E-01
1.000000E+00
6.822989E-01
8.641514E-01
8.657065E-01
8.382984E-01
6.758492E-01
5.184903E-01
5.184903E-01
8.107342E-01
6.822989E-01
0.000000E+00
8.641029E-01
8.414765E-01
7.561482E-01
8.411495E-01
9.134924E-01
8.645084E-01
8.814342E-01
7.628068E-01
5.184903E-01
8.630586E-01
1.000000E+00
8.635678E-01
8.946447E-01
8.408077E-01
8.408077E-01
9.042946E-01
8.639062E-01
9.201562E-01
8.408077E-01
9.013884E-01
8.639922E-01
9.135400E-01
9.141725E-01
7.845739E-01
8.628238E-01
8.408077E-01
8.408077E-01
8.946091E-01
8.639922E-01
8.641029E-01
0.000000E+00
7.873871E-01
8.796016E-01
9.047631E-01
9.365667E-01
9.136848E-01
8.248672E-01
8.812476E-01
8.408077E-01
9.130986E-01
1.000000E+00
8.407478E-01
8.815361E-01
8.088470E-01
8.088470E-01
8.935992E-01
8.412088E-01
9.128477E-01
8.088470E-01
1.000000E+00
8.413258E-01
9.049045E-01
9.056691E-01
7.573797E-01
8.397332E-01
8.088470E-01
8.088470E-01
7.209440E-01
8.413258E-01
8.414765E-01
7.873871E-01
0.000000E+00
8.621728E-01
8.941780E-01
9.320388E-01
9.050796E-01
9.137094E-01
8.643255E-01
8.088470E-01
9.043703E-01
1.000000E+00
7.544198E-01
8.395902E-01
6.693177E-01
6.693177E-01
4.147397E-01
7.555142E-01
5.824722E-01
6.693177E-01
1.000000E+00
7.557915E-01
8.796396E-01
8.808620E-01
6.720421E-01
3.359294E-01
6.693177E-01
6.693177E-01
8.395076E-01
7.557915E-01
7.561482E-01
8.796016E-01
8.621728E-01
0.000000E+00
8.619257E-01
7.115247E-01
8.799200E-01
8.934059E-01
8.063225E-01
6.693177E-01
5.142549E-01
1.000000E+00
8.404178E-01
8.813536E-01
8.083713E-01
8.083713E-01
8.934520E-01
8.408806E-01
9.127489E-01
8.083713E-01
1.000000E+00
8.409982E-01
7.876937E-01
9.055535E-01
7.576310E-01
8.393989E-01
8.083713E-01
8.083713E-01
8.813084E-01
8.409982E-01
8.411495E-01
9.047631E-01
8.941780E-01
8.619257E-01
0.000000E+00
9.319788E-01
9.049625E-01
9.136126E-01
8.640860E-01
8.083713E-01
9.042514E-01
1.000000E+00
9.132758E-01
9.269692E-01
9.046063E-01
9.046063E-01
7.604872E-01
9.134127E-01
7.943043E-01
9.046063E-01
1.000000E+00
9.134475E-01
9.365772E-01
9.369183E-01
8.521451E-01
8.084320E-01
9.046063E-01
9.046063E-01
9.269521E-01
9.134475E-01
9.134924E-01
9.365667E-01
9.320388E-01
7.115247E-01
9.319788E-01
0.000000E+00
9.366552E-01
9.406183E-01
9.207735E-01
9.046063E-01
7.790150E-01
1.000000E+00
8.639765E-01
8.948886E-01
8.413638E-01
8.413638E-01
9.044959E-01
8.643129E-01
9.202964E-01
8.413638E-01
1.000000E+00
8.643984E-01
9.137043E-01
9.143345E-01
9.039492E-01
8.632369E-01
8.413638E-01
8.413638E-01
8.948531E-01
8.643984E-01
8.645084E-01
9.136848E-01
9.050796E-01
8.799200E-01
9.049625E-01
9.366552E-01
0.000000E+00
9.210177E-01
8.815573E-01
8.413638E-01
9.132646E-01
1.000000E+00
8.810270E-01
9.053686E-01
8.640812E-01
8.640812E-01
9.132272E-01
8.812845E-01
9.264710E-01
8.640812E-01
9.105738E-01
8.813499E-01
8.218916E-01
9.214263E-01
9.127762E-01
8.804616E-01
8.640812E-01
8.640812E-01
9.053398E-01
8.813499E-01
8.814342E-01
8.248672E-01
9.137094E-01
8.934059E-01
9.136126E-01
9.406183E-01
9.210177E-01
0.000000E+00
8.946981E-01
8.640812E-01
9.205272E-01
1.000000E+00
7.611718E-01
8.424987E-01
6.814446E-01
6.814446E-01
8.631297E-01
7.622069E-01
8.934120E-01
6.814446E-01
1.000000E+00
7.624693E-01
8.812845E-01
7.205575E-01
8.620042E-01
7.588824E-01
6.814446E-01
6.814446E-01
8.424191E-01
7.624693E-01
7.628068E-01
8.812476E-01
8.643255E-01
8.063225E-01
8.640860E-01
9.207735E-01
8.815573E-01
8.946981E-01
0.000000E+00
6.814446E-01
8.804509E-01
1.000000E+00
5.117042E-01
7.624693E-01
0.000000E+00
0.000000E+00
8.064648E-01
5.160118E-01
8.619309E-01
0.000000E+00
1.000000E+00
5.170976E-01
8.408741E-01
8.430036E-01
8.042067E-01
5.020374E-01
0.000000E+00
0.000000E+00
7.622881E-01
5.170976E-01
5.184903E-01
8.408077E-01
8.088470E-01
6.693177E-01
8.083713E-01
9.046063E-01
8.413638E-01
8.640812E-01
6.814446E-01
0.000000E+00
8.393727E-01
1.000000E+00
8.625152E-01
8.940181E-01
8.393727E-01
8.393727E-01
6.386414E-01
8.628589E-01
7.104591E-01
8.393727E-01
1.000000E+00
8.629462E-01
9.131185E-01
9.137572E-01
7.846415E-01
6.774310E-01
8.393727E-01
8.393727E-01
8.939821E-01
8.629462E-01
8.630586E-01
9.130986E-01
9.043703E-01
5.142549E-01
9.042514E-01
7.790150E-01
9.132646E-01
9.205272E-01
8.804509E-01
8.393727E-01
0.000000E+00
