9.516548E-01
9.098775E-01
9.561869E-01
9.515354E-01
1.000000E+00
9.516280E-01
1.000000E+00
9.578725E-01
1.000000E+00
9.247395E-01
1.000000E+00
9.049994E-01
9.489913E-01
1.000000E+00
1.000000E+00
9.794758E-01
9.539661E-01
1.000000E+00
1.000000E+00
9.562773E-01
9.517222E-01
9.515834E-01
1.000000E+00
9.660730E-01
0.000000E+00
9.080062E-01
8.972202E-01
8.673551E-01
1.000000E+00
8.680468E-01
1.000000E+00
1.000000E+00
1.000000E+00
9.343465E-01
1.000000E+00
8.968471E-01
8.463855E-01
1.000000E+00
8.887888E-01
1.000000E+00
8.841040E-01
1.000000E+00
1.000000E+00
8.977165E-01
8.687454E-01
8.677143E-01
1.000000E+00
9.389514E-01
9.080062E-01
0.000000E+00
9.231356E-01
9.075727E-01
1.000000E+00
9.079091E-01
1.000000E+00
1.000000E+00
1.000000E+00
9.459806E-01
1.000000E+00
8.267208E-01
8.978570E-01
1.000000E+00
1.000000E+00
1.000000E+00
9.160286E-01
1.000000E+00
1.000000E+00
9.234135E-01
9.082499E-01
9.077473E-01
1.000000E+00
9.491373E-01
8.972202E-01
9.231356E-01
0.000000E+00
8.966788E-01
1.000000E+00
8.970990E-01
1.000000E+00
1.000000E+00
1.000000E+00
9.424331E-01
1.000000E+00
9.154976E-01
8.843854E-01
1.000000E+00
1.000000E+00
1.000000E+00
9.071327E-01
1.000000E+00
1.000000E+00
8.080425E-01
8.975243E-01
8.968968E-01
1.000000E+00
9.460044E-01
8.673551E-01
9.075727E-01
8.966788E-01
0.000000E+00
1.000000E+00
8.671532E-01
1.000000E+00
1.000000E+00
1.000000E+00
9.341260E-01
1.000000E+00
8.963018E-01
8.451730E-01
1.000000E+00
1.000000E+00
1.000000E+00
8.834152E-01
1.000000E+00
1.000000E+00
8.971804E-01
8.678612E-01
6.764151E-01
1.000000E+00
9.387608E-01
1.000000E+00
1.000000E+00
1.000000E+00
1.000000E+00
0.000000E+00
1.000000E+00
7.572334E-01
9.217420E-01
7.572334E-01
1.000000E+00
8.808831E-01
1.000000E+00
1.000000E+00
8.814182E-01
8.906624E-01
9.730952E-01
1.000000E+00
8.077725E-01
8.630649E-01
1.000000E+00
1.000000E+00
1.000000E+00
8.411974E-01
1.000000E+00
8.680468E-01
9.079091E-01
8.970990E-01
8.671532E-01
1.000000E+00
0.000000E+00
1.000000E+00
1.000000E+00
1.000000E+00
9.342970E-01
1.000000E+00
8.967251E-01
8.461146E-01
1.000000E+00
1.000000E+00
1.000000E+00
8.839499E-01
1.000000E+00
1.000000E+00
8.975965E-01
8.685477E-01
8.675135E-01
1.000000E+00
9.389087E-01
1.000000E+00
1.000000E+00
1.000000E+00
1.000000E+00
7.572334E-01
1.000000E+00
0.000000E+00
8.964704E-01
0.000000E+00
1.000000E+00
8.104601E-01
1.000000E+00
1.000000E+00
8.118112E-01
1.000000E+00
9.706305E-01
1.000000E+00
5.199200E-01
7.609683E-01
1.000000E+00
1.000000E+00
1.000000E+00
6.853310E-01
1.000000E+00
1.000000E+00
1.000000E+00
1.000000E+00
1.000000E+00
9.217420E-01
1.000000E+00
8.964704E-01
0.000000E+00
8.964704E-01
1.000000E+00
9.282383E-01
1.000000E+00
1.000000E+00
8.411080E-01
1.000000E+00
9.765852E-01
1.000000E+00
9.069080E-01
9.221342E-01
1.000000E+00
1.000000E+00
1.000000E+00
9.155192E-01
1.000000E+00
1.000000E+00
1.000000E+00
1.000000E+00
1.000000E+00
7.572334E-01
1.000000E+00
0.000000E+00
8.964704E-01
0.000000E+00
1.000000E+00
8.104601E-01
1.000000E+00
1.000000E+00
8.118112E-01
1.000000E+00
9.706305E-01
1.000000E+00
5.199200E-01
7.609683E-01
1.000000E+00
1.000000E+00
1.000000E+00
6.853310E-01
1.000000E+00
9.343465E-01
9.459806E-01
9.424331E-01
9.341260E-01
1.000000E+00
9.342970E-01
1.000000E+00
1.000000E+00
1.000000E+00
0.000000E+00
1.000000E+00
9.423163E-01
9.293355E-01
1.000000E+00
1.000000E+00
9.769073E-01
9.385372E-01
1.000000E+00
1.000000E+00
9.425892E-01
9.344707E-01
9.342147E-01
1.000000E+00
9.077723E-01
1.000000E+00
1.000000E+00
1.000000E+00
1.000000E+00
8.808831E-01
1.000000E+00
8.104601E-01
9.282383E-01
8.104601E-01
1.000000E+00
0.000000E+00
9.035439E-01
1.000000E+00
8.957220E-01
1.000000E+00
9.459927E-01
8.929311E-01
8.427406E-01
8.817894E-01
1.000000E+00
1.000000E+00
1.000000E+00
8.658416E-01
1.000000E+00
8.968471E-01
8.267208E-01
9.154976E-01
8.963018E-01
1.000000E+00
8.967251E-01
1.000000E+00
1.000000E+00
1.000000E+00
9.423163E-01
9.035439E-01
0.000000E+00
8.839132E-01
1.000000E+00
1.000000E+00
9.741702E-01
7.898772E-01
1.000000E+00
1.000000E+00
9.158334E-01
7.567430E-01
8.965215E-01
1.000000E+00
9.459016E-01
8.463855E-01
8.978570E-01
8.843854E-01
8.451730E-01
1.000000E+00
8.461146E-01
1.000000E+00
1.000000E+00
1.000000E+00
9.293355E-01
1.000000E+00
8.839132E-01
0.000000E+00
1.000000E+00
1.000000E+00
1.000000E+00
8.675202E-01
1.000000E+00
1.000000E+00
8.850131E-01
8.470638E-01
8.456621E-01
1.000000E+00
9.346418E-01
1.000000E+00
1.000000E+00
1.000000E+00
1.000000E+00
8.814182E-01
1.000000E+00
8.118112E-01
8.411080E-01
8.118112E-01
1.000000E+00
8.957220E-01
1.000000E+00
1.000000E+00
0.000000E+00
1.000000E+00
9.739331E-01
1.000000E+00
8.436718E-01
8.823164E-01
1.000000E+00
1.000000E+00
1.000000E+00
8.665199E-01
1.000000E+00
8.887888E-01
1.000000E+00
1.000000E+00
1.000000E+00
8.906624E-01
1.000000E+00
1.000000E+00
1.000000E+00
1.000000E+00
1.000000E+00
1.000000E+00
1.000000E+00
1.000000E+00
1.000000E+00
0.000000E+00
9.736057E-01
1.000000E+00
1.000000E+00
8.906497E-01
1.000000E+00
1.000000E+00
1.000000E+00
1.000000E+00
1.000000E+00
1.000000E+00
1.000000E+00
1.000000E+00
1.000000E+00
9.730952E-01
1.000000E+00
9.706305E-01
9.765852E-01
9.706305E-01
9.769073E-01
9.459927E-01
9.741702E-01
1.000000E+00
9.739331E-01
9.736057E-01
0.000000E+00
9.734659E-01
9.715359E-01
9.436614E-01
1.000000E+00
1.000000E+00
1.000000E+00
9.723962E-01
1.000000E+00
8.841040E-01
9.160286E-01
9.071327E-01
8.834152E-01
1.000000E+00
8.839499E-01
1.000000E+00
1.000000E+00
1.000000E+00
9.385372E-01
8.929311E-01
7.898772E-01
8.675202E-01
1.000000E+00
1.000000E+00
9.734659E-01
0.000000E+00
1.000000E+00
1.000000E+00
9.075381E-01
8.844905E-01
8.836927E-01
1.000000E+00
9.425911E-01
1.000000E+00
1.000000E+00
1.000000E+00
1.000000E+00
8.077725E-01
1.000000E+00
5.199200E-01
9.069080E-01
5.199200E-01
1.000000E+00
8.427406E-01
1.000000E+00
1.000000E+00
8.436718E-01
1.000000E+00
9.715359E-01
1.000000E+00
0.000000E+00
8.101217E-01
1.000000E+00
1.000000E+00
1.000000E+00
7.653094E-01
1.000000E+00
1.000000E+00
1.000000E+00
1.000000E+00
1.000000E+00
8.630649E-01
1.000000E+00
7.609683E-01
9.221342E-01
7.609683E-01
1.000000E+00
8.817894E-01
1.000000E+00
1.000000E+00
8.823164E-01
8.906497E-01
9.436614E-01
1.000000E+00
8.101217E-01
0.000000E+00
1.000000E+00
1.000000E+00
1.000000E+00
8.428041E-01
1.000000E+00
8.977165E-01
9.234135E-01
8.080425E-01
8.971804E-01
1.000000E+00
8.975965E-01
1.000000E+00
1.000000E+00
1.000000E+00
9.425892E-01
1.000000E+00
9.158334E-01
8.850131E-01
1.000000E+00
1.000000E+00
1.000000E+00
9.075381E-01
1.000000E+00
1.000000E+00
0.000000E+00
8.980177E-01
8.973963E-01
1.000000E+00
9.461417E-01
8.687454E-01
9.082499E-01
8.975243E-01
8.678612E-01
1.000000E+00
8.685477E-01
1.000000E+00
1.000000E+00
1.000000E+00
9.344707E-01
1.000000E+00
7.567430E-01
8.470638E-01
1.000000E+00
1.000000E+00
1.000000E+00
8.844905E-01
1.000000E+00
1.000000E+00
8.980177E-01
0.000000E+00
8.682176E-01
1.000000E+00
9.390588E-01
8.677143E-01
9.077473E-01
8.968968E-01
6.764151E-01
1.000000E+00
8.675135E-01
1.000000E+00
1.000000E+00
1.000000E+00
9.342147E-01
1.000000E+00
8.965215E-01
8.456621E-01
1.000000E+00
1.000000E+00
1.000000E+00
8.836927E-01
1.000000E+00
1.000000E+00
8.973963E-01
8.682176E-01
0.000000E+00
1.000000E+00
9.388375E-01
1.000000E+00
1.000000E+00
1.000000E+00
1.000000E+00
8.411974E-01
1.000000E+00
6.853310E-01
9.155192E-01
6.853310E-01
1.000000E+00
8.658416E-01
1.000000E+00
1.000000E+00
8.665199E-01
1.000000E+00
9.723962E-01
1.000000E+00
7.653094E-01
8.428041E-01
1.000000E+00
1.000000E+00
1.000000E+00
0.000000E+00
1.000000E+00
9.389514E-01
9.491373E-01
9.460044E-01
9.387608E-01
1.000000E+00
9.389087E-01
1.000000E+00
1.000000E+00
1.000000E+00
9.077723E-01
1.000000E+00
9.459016E-01
9.346418E-01
1.000000E+00
1.000000E+00
1.000000E+00
9.425911E-01
1.000000E+00
1.000000E+00
9.461417E-01
9.390588E-01
9.388375E-01
1.000000E+00
0.000000E+00
