9.600842E-01
9.424945E-01
9.582405E-01
9.632010E-01
9.516405E-01
9.516659E-01
1.000000E+00
9.424945E-01
8.791237E-01
9.532282E-01
9.600701E-01
1.000000E+00
9.561960E-01
9.516208E-01
9.515274E-01
9.424945E-01
8.863170E-01
1.000000E+00
9.541790E-01
9.515322E-01
9.602103E-01
8.790391E-01
9.459215E-01
9.459532E-01
1.000000E+00
9.560227E-01
9.541790E-01
9.245965E-01
9.424945E-01
9.514594E-01
9.163742E-01
7.671686E-01
9.078506E-01
9.289772E-01
8.681398E-01
8.683284E-01
1.000000E+00
7.671686E-01
8.147101E-01
1.000000E+00
9.163124E-01
1.000000E+00
8.972703E-01
8.679933E-01
8.672955E-01
7.671686E-01
9.386319E-01
1.000000E+00
8.854445E-01
8.673310E-01
9.169259E-01
9.339478E-01
8.147101E-01
8.150822E-01
1.000000E+00
1.000000E+00
8.854445E-01
9.341228E-01
7.671686E-01
8.667847E-01
9.343764E-01
8.679928E-01
9.292403E-01
9.423976E-01
9.079544E-01
9.080463E-01
1.000000E+00
8.679928E-01
8.847573E-01
9.177332E-01
9.343383E-01
1.000000E+00
9.231636E-01
9.078830E-01
9.075438E-01
8.679928E-01
9.489157E-01
1.000000E+00
9.167346E-01
9.075610E-01
9.347166E-01
9.457110E-01
8.847573E-01
8.849013E-01
1.000000E+00
1.000000E+00
9.167346E-01
8.797111E-01
8.679928E-01
9.072961E-01
8.386006E-01
8.445897E-01
9.230270E-01
9.383463E-01
8.971555E-01
8.972703E-01
1.000000E+00
8.445897E-01
8.673137E-01
1.000000E+00
9.290218E-01
1.000000E+00
6.779118E-01
8.970664E-01
7.614263E-01
8.445897E-01
9.457546E-01
1.000000E+00
9.079954E-01
8.966641E-01
9.294636E-01
8.732505E-01
8.673137E-01
8.675047E-01
1.000000E+00
1.000000E+00
9.079954E-01
9.422613E-01
8.445897E-01
8.963330E-01
9.160162E-01
7.643717E-01
9.074157E-01
9.287191E-01
8.672474E-01
6.781801E-01
1.000000E+00
7.643717E-01
8.129431E-01
1.000000E+00
9.159538E-01
1.000000E+00
8.967294E-01
8.670989E-01
8.663916E-01
7.643717E-01
9.384393E-01
1.000000E+00
8.847716E-01
8.664276E-01
9.165726E-01
9.337246E-01
8.129431E-01
8.133223E-01
1.000000E+00
1.000000E+00
8.847716E-01
9.339009E-01
7.643717E-01
8.658738E-01
1.000000E+00
1.000000E+00
1.000000E+00
9.235154E-01
1.000000E+00
1.000000E+00
9.137850E-01
1.000000E+00
1.000000E+00
7.571418E-01
1.000000E+00
8.072307E-01
1.000000E+00
8.562652E-01
1.000000E+00
1.000000E+00
1.000000E+00
8.400428E-01
1.000000E+00
1.000000E+00
1.000000E+00
1.000000E+00
1.000000E+00
1.000000E+00
1.000000E+00
9.052546E-01
1.000000E+00
1.000000E+00
1.000000E+00
1.000000E+00
9.162940E-01
7.665457E-01
9.077532E-01
9.289194E-01
8.679403E-01
8.681294E-01
1.000000E+00
7.665457E-01
8.143158E-01
1.000000E+00
8.090062E-01
1.000000E+00
8.971492E-01
8.677933E-01
8.670934E-01
7.665457E-01
9.385887E-01
1.000000E+00
8.852939E-01
8.671290E-01
9.168467E-01
9.338978E-01
8.143158E-01
8.146895E-01
1.000000E+00
1.000000E+00
8.852939E-01
9.340731E-01
7.665457E-01
8.665810E-01
1.000000E+00
1.000000E+00
1.000000E+00
1.000000E+00
1.000000E+00
1.000000E+00
8.820717E-01
1.000000E+00
1.000000E+00
8.408424E-01
1.000000E+00
8.826141E-01
1.000000E+00
1.000000E+00
1.000000E+00
1.000000E+00
1.000000E+00
6.807651E-01
1.000000E+00
1.000000E+00
1.000000E+00
1.000000E+00
1.000000E+00
1.000000E+00
1.000000E+00
8.655086E-01
1.000000E+00
1.000000E+00
1.000000E+00
1.000000E+00
1.000000E+00
1.000000E+00
1.000000E+00
1.000000E+00
1.000000E+00
1.000000E+00
8.723800E-01
1.000000E+00
1.000000E+00
9.330752E-01
1.000000E+00
9.417859E-01
1.000000E+00
1.000000E+00
1.000000E+00
1.000000E+00
1.000000E+00
9.151936E-01
1.000000E+00
1.000000E+00
1.000000E+00
1.000000E+00
1.000000E+00
1.000000E+00
1.000000E+00
9.378669E-01
1.000000E+00
1.000000E+00
1.000000E+00
1.000000E+00
1.000000E+00
1.000000E+00
1.000000E+00
1.000000E+00
1.000000E+00
1.000000E+00
8.820717E-01
1.000000E+00
1.000000E+00
8.408424E-01
1.000000E+00
8.826141E-01
1.000000E+00
1.000000E+00
1.000000E+00
1.000000E+00
1.000000E+00
6.807651E-01
1.000000E+00
1.000000E+00
1.000000E+00
1.000000E+00
1.000000E+00
1.000000E+00
1.000000E+00
8.655086E-01
1.000000E+00
1.000000E+00
1.000000E+00
1.000000E+00
9.489785E-01
9.162235E-01
9.459270E-01
9.539628E-01
9.343201E-01
9.343669E-01
1.000000E+00
9.162235E-01
9.233041E-01
1.000000E+00
9.489555E-01
1.000000E+00
9.424488E-01
9.342838E-01
9.341113E-01
9.162235E-01
9.103035E-01
1.000000E+00
9.389162E-01
9.341200E-01
9.491844E-01
9.055332E-01
9.233041E-01
9.233680E-01
1.000000E+00
9.430474E-01
9.389162E-01
9.057078E-01
9.162235E-01
9.339856E-01
1.000000E+00
1.000000E+00
1.000000E+00
1.000000E+00
1.000000E+00
1.000000E+00
8.283737E-01
1.000000E+00
1.000000E+00
9.052942E-01
1.000000E+00
9.218435E-01
1.000000E+00
1.000000E+00
1.000000E+00
1.000000E+00
1.000000E+00
8.650185E-01
1.000000E+00
1.000000E+00
1.000000E+00
9.359671E-01
1.000000E+00
1.000000E+00
1.000000E+00
9.146128E-01
1.000000E+00
1.000000E+00
1.000000E+00
1.000000E+00
9.288888E-01
8.437353E-01
8.241441E-01
9.382122E-01
8.967820E-01
8.968976E-01
9.260565E-01
8.437353E-01
8.666914E-01
9.095043E-01
9.288441E-01
1.000000E+00
9.155314E-01
8.966923E-01
8.962654E-01
8.437353E-01
9.456508E-01
1.000000E+00
9.076966E-01
8.962871E-01
9.292881E-01
8.742949E-01
8.666914E-01
8.668841E-01
1.000000E+00
1.000000E+00
9.076966E-01
9.421437E-01
8.437353E-01
8.959535E-01
9.080707E-01
6.889433E-01
8.976652E-01
9.230762E-01
8.462410E-01
8.464973E-01
1.000000E+00
6.889433E-01
7.683492E-01
1.000000E+00
9.079960E-01
1.000000E+00
8.844488E-01
8.460418E-01
8.450918E-01
6.889433E-01
9.342754E-01
1.000000E+00
8.692689E-01
8.451401E-01
9.087370E-01
9.288734E-01
7.683492E-01
7.689305E-01
1.000000E+00
1.000000E+00
8.692689E-01
9.290763E-01
6.889433E-01
8.443953E-01
1.000000E+00
1.000000E+00
1.000000E+00
1.000000E+00
1.000000E+00
1.000000E+00
8.251474E-01
1.000000E+00
1.000000E+00
9.056327E-01
1.000000E+00
9.220742E-01
1.000000E+00
1.000000E+00
1.000000E+00
1.000000E+00
1.000000E+00
8.657052E-01
1.000000E+00
1.000000E+00
1.000000E+00
1.000000E+00
1.000000E+00
1.000000E+00
1.000000E+00
9.148880E-01
1.000000E+00
1.000000E+00
1.000000E+00
1.000000E+00
1.000000E+00
1.000000E+00
1.000000E+00
1.000000E+00
1.000000E+00
1.000000E+00
1.000000E+00
1.000000E+00
1.000000E+00
9.110439E-01
1.000000E+00
1.000000E+00
1.000000E+00
1.000000E+00
1.000000E+00
1.000000E+00
1.000000E+00
1.000000E+00
1.000000E+00
1.000000E+00
1.000000E+00
1.000000E+00
1.000000E+00
1.000000E+00
1.000000E+00
1.000000E+00
1.000000E+00
9.386918E-01
1.000000E+00
1.000000E+00
1.000000E+00
1.000000E+00
1.000000E+00
9.758513E-01
1.000000E+00
1.000000E+00
9.502636E-01
1.000000E+00
1.000000E+00
9.745754E-01
1.000000E+00
9.759430E-01
1.000000E+00
1.000000E+00
1.000000E+00
1.000000E+00
9.775486E-01
9.723615E-01
1.000000E+00
1.000000E+00
9.742047E-01
9.525688E-01
1.000000E+00
1.000000E+00
1.000000E+00
9.752991E-01
1.000000E+00
9.767228E-01
1.000000E+00
9.720817E-01
9.230565E-01
8.125048E-01
9.158990E-01
9.338559E-01
8.840218E-01
8.841677E-01
8.212886E-01
8.125048E-01
8.446111E-01
1.000000E+00
9.230042E-01
1.000000E+00
9.071736E-01
8.839084E-01
8.833691E-01
8.125048E-01
8.716653E-01
1.000000E+00
8.976240E-01
8.833965E-01
9.235238E-01
8.654451E-01
8.446111E-01
8.448729E-01
1.000000E+00
1.000000E+00
8.976240E-01
9.383412E-01
8.125048E-01
8.829747E-01
1.000000E+00
1.000000E+00
1.000000E+00
1.000000E+00
1.000000E+00
1.000000E+00
8.954272E-01
1.000000E+00
1.000000E+00
8.642423E-01
1.000000E+00
8.958539E-01
1.000000E+00
1.000000E+00
1.000000E+00
1.000000E+00
1.000000E+00
7.627789E-01
1.000000E+00
1.000000E+00
1.000000E+00
1.000000E+00
1.000000E+00
1.000000E+00
1.000000E+00
8.826071E-01
1.000000E+00
1.000000E+00
1.000000E+00
1.000000E+00
1.000000E+00
1.000000E+00
1.000000E+00
1.000000E+00
1.000000E+00
1.000000E+00
9.142608E-01
1.000000E+00
1.000000E+00
8.943657E-01
1.000000E+00
9.145478E-01
1.000000E+00
1.000000E+00
1.000000E+00
1.000000E+00
1.000000E+00
8.416728E-01
1.000000E+00
1.000000E+00
1.000000E+00
1.000000E+00
1.000000E+00
1.000000E+00
1.000000E+00
9.058288E-01
1.000000E+00
9.296690E-01
1.000000E+00
8.544025E-01
9.293030E-01
8.457218E-01
9.233058E-01
9.385252E-01
8.976525E-01
8.977661E-01
1.000000E+00
8.457218E-01
8.681398E-01
1.000000E+00
9.292588E-01
1.000000E+00
8.081265E-01
8.975642E-01
8.971445E-01
8.457218E-01
9.458931E-01
1.000000E+00
9.083933E-01
8.971659E-01
9.296977E-01
9.422846E-01
8.681398E-01
8.683284E-01
1.000000E+00
1.000000E+00
9.083933E-01
9.424182E-01
8.457218E-01
8.968379E-01
9.165756E-01
7.687234E-01
9.080952E-01
9.291226E-01
8.686399E-01
8.688271E-01
1.000000E+00
7.687234E-01
8.156961E-01
1.000000E+00
9.165141E-01
1.000000E+00
8.975741E-01
8.684945E-01
8.678020E-01
7.687234E-01
9.387404E-01
1.000000E+00
8.858222E-01
8.678372E-01
9.171247E-01
9.340735E-01
8.156961E-01
8.160642E-01
1.000000E+00
1.000000E+00
8.858222E-01
9.342479E-01
7.687234E-01
8.672951E-01
9.161603E-01
7.655028E-01
9.075908E-01
9.288230E-01
8.676072E-01
6.791960E-01
1.000000E+00
7.655028E-01
8.136566E-01
1.000000E+00
9.160981E-01
1.000000E+00
8.969473E-01
8.674595E-01
8.667560E-01
7.655028E-01
9.385167E-01
1.000000E+00
8.850427E-01
8.667918E-01
9.167148E-01
9.338144E-01
8.136566E-01
8.140330E-01
1.000000E+00
1.000000E+00
8.850427E-01
9.339902E-01
7.655028E-01
8.662410E-01
1.000000E+00
1.000000E+00
1.000000E+00
1.000000E+00
1.000000E+00
1.000000E+00
9.061709E-01
1.000000E+00
1.000000E+00
8.818110E-01
1.000000E+00
9.065145E-01
1.000000E+00
1.000000E+00
1.000000E+00
1.000000E+00
1.000000E+00
8.116914E-01
1.000000E+00
1.000000E+00
1.000000E+00
1.000000E+00
1.000000E+00
1.000000E+00
1.000000E+00
8.959781E-01
1.000000E+00
1.000000E+00
1.000000E+00
1.000000E+00
8.939531E-01
9.235792E-01
9.490898E-01
9.562755E-01
9.389286E-01
9.389691E-01
1.000000E+00
9.235792E-01
9.295151E-01
1.000000E+00
9.517833E-01
1.000000E+00
9.460182E-01
9.388972E-01
9.387481E-01
9.235792E-01
9.601365E-01
1.000000E+00
9.429220E-01
8.642970E-01
9.519876E-01
9.582115E-01
9.295151E-01
9.295690E-01
1.000000E+00
1.000000E+00
9.429220E-01
9.582816E-01
9.235792E-01
9.386395E-01
