1.000000E+00
1.000000E+00
1.000000E+00
1.000000E+00
1.000000E+00
1.000000E+00
1.000000E+00
1.000000E+00
1.000000E+00
1.000000E+00
7.624920E-01
8.130498E-01
6.849385E-01
6.831179E-01
8.107069E-01
7.640948E-01
9.156593E-01
7.649221E-01
7.652206E-01
8.126066E-01
8.965980E-01
9.074899E-01
8.841868E-01
8.839417E-01
9.069198E-01
8.969030E-01
8.706912E-01
8.970613E-01
8.971186E-01
9.073815E-01
7.633305E-01
8.135697E-01
6.864124E-01
0.000000E+00
8.112399E-01
7.649221E-01
9.157653E-01
7.657436E-01
7.660400E-01
8.131290E-01
1.000000E+00
1.000000E+00
1.000000E+00
1.000000E+00
8.574236E-01
8.302197E-01
1.000000E+00
1.000000E+00
1.000000E+00
8.550300E-01
8.123430E-01
8.453809E-01
7.670339E-01
7.660400E-01
8.437817E-01
8.133450E-01
9.229297E-01
8.138633E-01
8.140505E-01
8.450778E-01
8.112773E-01
8.446581E-01
7.653893E-01
7.643812E-01
8.430439E-01
8.122907E-01
9.227505E-01
8.128149E-01
8.130042E-01
8.443522E-01
7.640032E-01
8.139874E-01
6.875924E-01
6.858024E-01
8.116681E-01
7.655858E-01
9.158507E-01
7.664026E-01
7.666974E-01
8.135487E-01
7.630272E-01
8.133816E-01
6.858796E-01
6.840699E-01
8.110470E-01
7.646228E-01
9.157269E-01
7.654464E-01
7.657436E-01
8.129399E-01
1.000000E+00
1.000000E+00
1.000000E+00
1.000000E+00
1.000000E+00
1.000000E+00
1.000000E+00
1.000000E+00
1.000000E+00
1.000000E+00
8.666618E-01
8.842373E-01
8.452809E-01
8.448431E-01
7.247190E-01
8.671685E-01
9.339760E-01
8.674312E-01
8.675261E-01
8.840675E-01
7.624920E-01
8.130498E-01
6.849385E-01
6.831179E-01
8.107069E-01
7.640948E-01
9.156593E-01
7.649221E-01
7.652206E-01
8.126066E-01
8.891821E-01
9.514874E-01
9.457646E-01
9.457109E-01
8.952753E-01
9.487263E-01
8.756480E-01
9.487654E-01
9.487796E-01
9.514576E-01
