1.000000E+00
1.000000E+00
1.000000E+00
1.000000E+00
1.000000E+00
1.000000E+00
1.000000E+00
1.000000E+00
1.000000E+00
1.000000E+00
1.000000E+00
1.000000E+00
0.000000E+00
8.837404E-01
6.831179E-01
1.000000E+00
7.652206E-01
7.635501E-01
6.843227E-01
6.825739E-01
1.000000E+00
8.444832E-01
0.000000E+00
9.456669E-01
8.837404E-01
0.000000E+00
8.839417E-01
1.000000E+00
8.971186E-01
8.967991E-01
8.841037E-01
8.838688E-01
1.000000E+00
9.159013E-01
8.837404E-01
9.580987E-01
6.831179E-01
8.839417E-01
0.000000E+00
1.000000E+00
7.660400E-01
7.643812E-01
6.858024E-01
6.840699E-01
1.000000E+00
8.448431E-01
6.831179E-01
9.457109E-01
1.000000E+00
1.000000E+00
1.000000E+00
0.000000E+00
1.000000E+00
1.000000E+00
1.000000E+00
1.000000E+00
7.982497E-01
8.763886E-01
1.000000E+00
1.000000E+00
7.652206E-01
8.971186E-01
7.660400E-01
1.000000E+00
0.000000E+00
8.130042E-01
7.666974E-01
7.657436E-01
1.000000E+00
8.675261E-01
7.652206E-01
9.487796E-01
7.635501E-01
8.967991E-01
7.643812E-01
1.000000E+00
8.130042E-01
0.000000E+00
7.650480E-01
7.640806E-01
1.000000E+00
8.669960E-01
7.635501E-01
9.487006E-01
6.843227E-01
8.841037E-01
6.858024E-01
1.000000E+00
7.666974E-01
7.650480E-01
0.000000E+00
6.852675E-01
1.000000E+00
8.451325E-01
6.843227E-01
9.457464E-01
6.825739E-01
8.838688E-01
6.840699E-01
1.000000E+00
7.657436E-01
7.640806E-01
6.852675E-01
0.000000E+00
1.000000E+00
8.447128E-01
6.825739E-01
9.456950E-01
1.000000E+00
1.000000E+00
1.000000E+00
7.982497E-01
1.000000E+00
1.000000E+00
1.000000E+00
1.000000E+00
0.000000E+00
1.000000E+00
1.000000E+00
1.000000E+00
8.444832E-01
9.159013E-01
8.448431E-01
8.763886E-01
8.675261E-01
8.669960E-01
8.451325E-01
8.447128E-01
1.000000E+00
0.000000E+00
8.444832E-01
9.539050E-01
0.000000E+00
8.837404E-01
6.831179E-01
1.000000E+00
7.652206E-01
7.635501E-01
6.843227E-01
6.825739E-01
1.000000E+00
8.444832E-01
0.000000E+00
9.456669E-01
9.456669E-01
9.580987E-01
9.457109E-01
1.000000E+00
9.487796E-01
9.487006E-01
9.457464E-01
9.456950E-01
1.000000E+00
9.539050E-01
9.456669E-01
0.000000E+00
