1.000000E+00
1.000000E+00
1.000000E+00
1.000000E+00
1.000000E+00
1.000000E+00
1.000000E+00
1.000000E+00
1.000000E+00
1.000000E+00
1.000000E+00
1.000000E+00
1.000000E+00
1.000000E+00
1.000000E+00
1.000000E+00
1.000000E+00
1.000000E+00
1.000000E+00
1.000000E+00
1.000000E+00
1.000000E+00
1.000000E+00
1.000000E+00
1.000000E+00
1.000000E+00
1.000000E+00
1.000000E+00
1.000000E+00
1.000000E+00
1.000000E+00
1.000000E+00
1.000000E+00
1.000000E+00
1.000000E+00
1.000000E+00
8.504100E-01
1.000000E+00
1.000000E+00
1.000000E+00
1.000000E+00
1.000000E+00
1.000000E+00
1.000000E+00
1.000000E+00
1.000000E+00
1.000000E+00
1.000000E+00
1.000000E+00
1.000000E+00
1.000000E+00
1.000000E+00
1.000000E+00
1.000000E+00
1.000000E+00
1.000000E+00
1.000000E+00
1.000000E+00
8.631082E-01
1.000000E+00
1.000000E+00
1.000000E+00
1.000000E+00
1.000000E+00
1.000000E+00
1.000000E+00
1.000000E+00
1.000000E+00
1.000000E+00
1.000000E+00
1.000000E+00
1.000000E+00
1.000000E+00
1.000000E+00
1.000000E+00
1.000000E+00
1.000000E+00
1.000000E+00
1.000000E+00
1.000000E+00
1.000000E+00
1.000000E+00
1.000000E+00
1.000000E+00
1.000000E+00
0.000000E+00
8.993371E-01
1.000000E+00
1.000000E+00
8.978405E-01
8.477130E-01
8.160273E-01
8.965386E-01
6.912440E-01
7.688130E-01
1.000000E+00
1.000000E+00
8.994893E-01
1.000000E+00
1.000000E+00
7.716058E-01
1.000000E+00
1.000000E+00
8.157347E-01
8.463130E-01
7.703794E-01
8.703122E-01
8.484319E-01
8.174385E-01
8.491402E-01
1.000000E+00
1.000000E+00
1.000000E+00
8.175678E-01
1.000000E+00
6.912440E-01
8.704136E-01
1.000000E+00
7.332510E-01
5.184803E-01
1.000000E+00
1.000000E+00
1.000000E+00
8.853357E-01
9.299830E-01
7.700561E-01
1.000000E+00
9.177794E-01
8.708350E-01
6.912440E-01
1.000000E+00
1.000000E+00
8.478549E-01
1.000000E+00
1.000000E+00
8.169635E-01
8.867910E-01
8.467707E-01
1.000000E+00
8.484319E-01
8.709242E-01
1.000000E+00
6.912440E-01
1.000000E+00
1.000000E+00
1.000000E+00
9.241793E-01
1.000000E+00
1.000000E+00
6.912440E-01
1.000000E+00
7.712859E-01
8.855240E-01
6.912440E-01
6.912440E-01
1.000000E+00
8.487387E-01
8.483943E-01
8.693354E-01
1.000000E+00
1.000000E+00
9.167431E-01
8.168153E-01
1.000000E+00
1.000000E+00
1.000000E+00
7.710372E-01
1.000000E+00
9.162688E-01
8.477191E-01
8.993371E-01
0.000000E+00
1.000000E+00
9.319665E-01
9.298007E-01
7.910441E-01
8.989095E-01
9.290427E-01
8.700512E-01
8.861312E-01
1.000000E+00
1.000000E+00
9.305832E-01
1.000000E+00
1.000000E+00
8.868129E-01
9.281203E-01
1.000000E+00
7.640011E-01
9.087863E-01
8.865125E-01
8.093513E-01
9.095369E-01
8.993371E-01
9.097897E-01
1.000000E+00
1.000000E+00
1.000000E+00
8.993764E-01
9.330969E-01
8.700512E-01
9.178536E-01
1.000000E+00
1.000000E+00
8.993371E-01
1.000000E+00
1.000000E+00
9.217809E-01
9.241139E-01
9.466347E-01
8.864336E-01
1.000000E+00
9.398277E-01
9.180232E-01
8.700512E-01
1.000000E+00
1.000000E+00
7.911726E-01
1.000000E+00
1.000000E+00
8.991928E-01
9.247541E-01
9.089477E-01
1.000000E+00
9.095369E-01
9.180591E-01
1.000000E+00
8.700512E-01
1.000000E+00
1.000000E+00
1.000000E+00
9.433284E-01
1.000000E+00
1.000000E+00
8.700512E-01
8.742481E-01
8.867344E-01
8.284561E-01
8.700512E-01
8.700512E-01
1.000000E+00
9.096463E-01
7.916622E-01
9.174217E-01
1.000000E+00
1.000000E+00
8.627283E-01
8.991479E-01
1.000000E+00
1.000000E+00
9.159399E-01
8.866735E-01
1.000000E+00
9.390226E-01
9.092835E-01
1.000000E+00
1.000000E+00
0.000000E+00
9.065733E-01
1.000000E+00
7.920465E-01
7.361451E-01
8.985572E-01
1.000000E+00
1.000000E+00
8.848980E-01
9.301761E-01
1.000000E+00
1.000000E+00
7.700276E-01
1.000000E+00
8.983822E-01
8.852922E-01
7.356027E-01
1.000000E+00
1.000000E+00
1.000000E+00
1.000000E+00
7.387542E-01
1.000000E+00
6.894870E-01
6.876147E-01
6.890331E-01
1.000000E+00
9.088923E-01
1.000000E+00
1.000000E+00
7.703477E-01
6.894870E-01
1.000000E+00
6.874186E-01
8.678142E-01
8.837740E-01
8.518446E-01
1.000000E+00
6.442580E-01
8.146318E-01
1.000000E+00
1.000000E+00
1.000000E+00
8.692501E-01
8.835415E-01
1.000000E+00
6.900703E-01
6.874186E-01
1.000000E+00
1.000000E+00
1.000000E+00
8.173923E-01
1.000000E+00
1.000000E+00
6.900703E-01
1.000000E+00
1.000000E+00
8.159605E-01
6.894870E-01
1.000000E+00
5.180363E-01
7.697787E-01
1.000000E+00
9.231690E-01
1.000000E+00
1.000000E+00
1.000000E+00
1.000000E+00
7.692528E-01
1.000000E+00
1.000000E+00
1.000000E+00
3.453685E-01
7.244765E-01
1.000000E+00
1.000000E+00
8.158906E-01
5.235071E-01
8.689285E-01
1.000000E+00
8.451730E-01
1.000000E+00
7.920568E-01
1.000000E+00
9.319665E-01
9.065733E-01
0.000000E+00
9.346607E-01
1.000000E+00
1.000000E+00
9.424096E-01
1.000000E+00
1.000000E+00
8.603293E-01
9.541873E-01
1.000000E+00
1.000000E+00
9.156445E-01
1.000000E+00
7.884024E-01
9.383631E-01
1.000000E+00
1.000000E+00
1.000000E+00
9.212147E-01
1.000000E+00
1.000000E+00
1.000000E+00
9.067748E-01
9.066068E-01
9.067340E-01
1.000000E+00
8.031592E-01
1.000000E+00
1.000000E+00
9.156876E-01
9.067748E-01
1.000000E+00
9.065893E-01
9.336489E-01
5.414244E-01
1.000000E+00
9.488517E-01
1.000000E+00
9.224861E-01
1.000000E+00
1.000000E+00
1.000000E+00
9.340127E-01
8.636851E-01
1.000000E+00
9.068275E-01
9.065893E-01
1.000000E+00
1.000000E+00
1.000000E+00
9.229730E-01
1.000000E+00
1.000000E+00
9.068275E-01
1.000000E+00
1.000000E+00
9.227194E-01
9.067748E-01
1.000000E+00
9.228354E-01
9.156110E-01
1.000000E+00
8.289020E-01
1.000000E+00
1.000000E+00
1.000000E+00
1.000000E+00
9.155404E-01
1.000000E+00
1.000000E+00
9.253119E-01
9.153316E-01
9.383550E-01
7.136165E-01
1.000000E+00
9.227071E-01
8.958866E-01
7.522177E-01
1.000000E+00
8.404170E-01
9.421483E-01
1.000000E+00
8.978405E-01
9.298007E-01
1.000000E+00
9.346607E-01
0.000000E+00
9.080676E-01
8.974001E-01
1.000000E+00
8.675463E-01
8.842125E-01
9.271040E-01
1.000000E+00
9.298747E-01
1.000000E+00
1.000000E+00
8.849173E-01
9.298125E-01
1.000000E+00
8.973091E-01
9.075592E-01
8.846067E-01
9.168180E-01
9.083301E-01
8.978405E-01
9.085896E-01
1.000000E+00
1.000000E+00
1.000000E+00
8.978810E-01
1.000000E+00
8.675463E-01
9.168597E-01
1.000000E+00
1.000000E+00
8.978405E-01
1.000000E+00
9.207665E-01
8.395649E-01
8.224049E-01
8.826202E-01
8.845251E-01
1.000000E+00
9.392961E-01
9.170334E-01
8.675463E-01
1.000000E+00
1.000000E+00
9.081193E-01
1.000000E+00
1.000000E+00
8.976919E-01
9.239209E-01
9.077250E-01
1.000000E+00
9.083301E-01
9.170702E-01
1.000000E+00
8.675463E-01
1.000000E+00
1.000000E+00
1.000000E+00
9.428572E-01
1.000000E+00
1.000000E+00
8.675463E-01
9.428968E-01
8.848361E-01
9.233509E-01
8.675463E-01
8.675463E-01
1.000000E+00
9.084424E-01
9.083163E-01
9.164172E-01
1.000000E+00
1.000000E+00
8.651543E-01
8.976456E-01
1.000000E+00
1.000000E+00
1.000000E+00
8.847731E-01
1.000000E+00
8.663631E-01
9.080698E-01
8.477130E-01
7.910441E-01
7.920465E-01
1.000000E+00
9.080676E-01
0.000000E+00
6.102862E-01
1.000000E+00
7.689328E-01
8.153089E-01
1.000000E+00
1.000000E+00
9.094050E-01
1.000000E+00
1.000000E+00
8.170956E-01
1.000000E+00
1.000000E+00
2.633222E-01
8.683461E-01
8.163100E-01
8.863606E-01
8.699041E-01
6.132873E-01
8.704263E-01
1.000000E+00
1.000000E+00
1.000000E+00
8.478030E-01
1.000000E+00
7.689328E-01
8.864385E-01
1.000000E+00
1.000000E+00
8.477130E-01
1.000000E+00
1.000000E+00
1.000000E+00
7.574608E-01
9.349432E-01
5.124288E-01
1.000000E+00
9.245359E-01
8.867623E-01
7.689328E-01
1.000000E+00
1.000000E+00
6.843540E-01
1.000000E+00
1.000000E+00
8.473826E-01
8.992155E-01
8.686822E-01
1.000000E+00
8.699041E-01
8.868308E-01
1.000000E+00
7.689328E-01
1.000000E+00
1.000000E+00
1.000000E+00
9.299619E-01
8.542684E-01
1.000000E+00
7.689328E-01
1.000000E+00
8.168905E-01
7.624066E-01
7.689328E-01
7.689328E-01
1.000000E+00
8.701302E-01
6.854712E-01
8.856114E-01
8.280766E-01
8.982865E-01
9.236639E-01
8.472796E-01
1.000000E+00
1.000000E+00
1.000000E+00
8.167312E-01
1.000000E+00
9.232653E-01
6.776367E-01
8.160273E-01
8.989095E-01
7.361451E-01
1.000000E+00
8.974001E-01
6.102862E-01
0.000000E+00
1.000000E+00
6.871857E-01
3.472503E-01
1.000000E+00
1.000000E+00
8.990630E-01
1.000000E+00
1.000000E+00
7.693927E-01
1.000000E+00
1.000000E+00
5.063962E-01
8.453141E-01
7.681424E-01
8.696016E-01
8.474604E-01
5.121760E-01
8.481778E-01
1.000000E+00
1.000000E+00
1.000000E+00
8.161585E-01
1.000000E+00
6.871857E-01
8.697041E-01
1.000000E+00
1.000000E+00
8.160273E-01
1.000000E+00
1.000000E+00
1.000000E+00
7.212206E-01
9.297764E-01
3.399354E-01
1.000000E+00
9.174943E-01
8.701302E-01
6.871857E-01
1.000000E+00
1.000000E+00
8.468760E-01
1.000000E+00
1.000000E+00
8.155449E-01
8.862499E-01
8.457778E-01
1.000000E+00
8.474604E-01
8.702203E-01
1.000000E+00
6.871857E-01
1.000000E+00
1.000000E+00
1.000000E+00
9.239369E-01
8.288587E-01
1.000000E+00
6.871857E-01
1.000000E+00
7.690666E-01
8.849707E-01
6.871857E-01
6.871857E-01
1.000000E+00
8.477711E-01
8.474223E-01
8.686141E-01
7.915683E-01
8.865278E-01
9.164508E-01
8.153944E-01
1.000000E+00
1.000000E+00
1.000000E+00
7.688130E-01
1.000000E+00
9.159732E-01
6.103053E-01
8.965386E-01
9.290427E-01
8.985572E-01
9.424096E-01
1.000000E+00
1.000000E+00
1.000000E+00
0.000000E+00
1.000000E+00
1.000000E+00
9.348466E-01
9.523405E-01
1.000000E+00
1.000000E+00
9.091635E-01
1.000000E+00
9.393985E-01
9.349731E-01
1.000000E+00
1.000000E+00
1.000000E+00
1.000000E+00
1.000000E+00
1.000000E+00
1.000000E+00
8.987948E-01
8.985967E-01
8.987467E-01
1.000000E+00
9.432993E-01
1.000000E+00
1.000000E+00
9.092135E-01
7.577595E-01
1.000000E+00
8.985761E-01
9.297040E-01
9.344880E-01
1.000000E+00
1.000000E+00
1.000000E+00
8.091123E-01
1.000000E+00
1.000000E+00
1.000000E+00
9.301121E-01
9.344142E-01
1.000000E+00
8.988569E-01
8.985761E-01
1.000000E+00
1.000000E+00
1.000000E+00
9.176050E-01
1.000000E+00
1.000000E+00
8.988569E-01
1.000000E+00
1.000000E+00
9.173148E-01
8.987948E-01
1.000000E+00
9.174476E-01
9.091247E-01
1.000000E+00
8.878514E-01
1.000000E+00
1.000000E+00
1.000000E+00
1.000000E+00
9.090429E-01
1.000000E+00
1.000000E+00
1.000000E+00
9.088006E-01
9.349641E-01
1.000000E+00
1.000000E+00
9.173007E-01
8.858331E-01
9.300203E-01
1.000000E+00
9.237762E-01
1.000000E+00
1.000000E+00
6.912440E-01
8.700512E-01
1.000000E+00
1.000000E+00
8.675463E-01
7.689328E-01
6.871857E-01
1.000000E+00
0.000000E+00
5.207745E-01
1.000000E+00
1.000000E+00
8.703048E-01
1.000000E+00
1.000000E+00
5.326211E-01
1.000000E+00
1.000000E+00
6.863389E-01
7.656943E-01
5.274566E-01
8.172522E-01
7.705839E-01
6.912440E-01
7.722027E-01
1.000000E+00
1.000000E+00
1.000000E+00
6.916135E-01
1.000000E+00
0.000000E+00
8.174534E-01
1.000000E+00
1.000000E+00
6.912440E-01
1.000000E+00
1.000000E+00
1.000000E+00
8.457340E-01
9.169672E-01
5.260853E-01
1.000000E+00
8.992300E-01
8.182886E-01
0.000000E+00
1.000000E+00
1.000000E+00
7.692593E-01
1.000000E+00
1.000000E+00
6.898829E-01
8.483565E-01
7.667565E-01
1.000000E+00
7.705839E-01
8.184651E-01
1.000000E+00
0.000000E+00
1.000000E+00
1.000000E+00
1.000000E+00
9.086775E-01
1.000000E+00
1.000000E+00
0.000000E+00
1.000000E+00
5.312797E-01
8.460746E-01
0.000000E+00
0.000000E+00
1.000000E+00
7.712859E-01
7.704976E-01
8.153067E-01
1.000000E+00
1.000000E+00
8.976691E-01
6.894573E-01
1.000000E+00
1.000000E+00
1.000000E+00
5.302339E-01
1.000000E+00
8.969516E-01
7.689470E-01
7.688130E-01
8.861312E-01
1.000000E+00
1.000000E+00
8.842125E-01
8.153089E-01
3.472503E-01
1.000000E+00
5.207745E-01
0.000000E+00
1.000000E+00
1.000000E+00
8.863260E-01
1.000000E+00
1.000000E+00
6.900467E-01
1.000000E+00
1.000000E+00
7.660739E-01
8.132457E-01
6.877837E-01
8.475313E-01
8.163652E-01
7.688130E-01
8.174039E-01
1.000000E+00
1.000000E+00
1.000000E+00
7.690203E-01
1.000000E+00
5.207745E-01
8.476714E-01
1.000000E+00
1.000000E+00
7.688130E-01
1.000000E+00
1.000000E+00
1.000000E+00
8.678823E-01
9.238393E-01
6.871857E-01
1.000000E+00
9.091759E-01
8.482534E-01
5.207745E-01
1.000000E+00
1.000000E+00
8.155175E-01
1.000000E+00
1.000000E+00
7.680508E-01
8.698106E-01
8.139212E-01
1.000000E+00
8.163652E-01
8.483765E-01
1.000000E+00
5.207745E-01
1.000000E+00
1.000000E+00
1.000000E+00
9.169221E-01
1.000000E+00
1.000000E+00
5.207745E-01
1.000000E+00
6.894573E-01
8.681322E-01
5.207745E-01
5.207745E-01
1.000000E+00
8.168153E-01
8.163100E-01
8.461794E-01
1.000000E+00
1.000000E+00
9.079098E-01
7.678128E-01
1.000000E+00
1.000000E+00
1.000000E+00
6.889986E-01
1.000000E+00
9.073291E-01
8.153179E-01
1.000000E+00
1.000000E+00
8.848980E-01
8.603293E-01
9.271040E-01
1.000000E+00
1.000000E+00
9.348466E-01
1.000000E+00
1.000000E+00
0.000000E+00
9.495265E-01
1.000000E+00
1.000000E+00
8.983633E-01
1.000000E+00
8.518575E-01
9.296192E-01
1.000000E+00
1.000000E+00
1.000000E+00
1.000000E+00
1.000000E+00
1.000000E+00
1.000000E+00
8.852038E-01
8.849489E-01
8.851418E-01
1.000000E+00
8.628068E-01
1.000000E+00
1.000000E+00
8.984258E-01
8.852038E-01
1.000000E+00
8.849223E-01
8.318438E-01
7.383376E-01
1.000000E+00
1.000000E+00
1.000000E+00
9.081328E-01
1.000000E+00
1.000000E+00
1.000000E+00
9.238896E-01
9.289640E-01
1.000000E+00
8.852836E-01
8.849223E-01
1.000000E+00
1.000000E+00
1.000000E+00
9.088160E-01
1.000000E+00
1.000000E+00
8.852836E-01
1.000000E+00
1.000000E+00
9.084604E-01
8.852038E-01
1.000000E+00
9.086231E-01
8.983147E-01
1.000000E+00
9.459641E-01
1.000000E+00
1.000000E+00
1.000000E+00
1.000000E+00
8.982122E-01
1.000000E+00
1.000000E+00
9.059318E-01
8.979087E-01
9.296087E-01
9.314582E-01
1.000000E+00
9.084431E-01
8.682352E-01
8.245868E-01
1.000000E+00
9.163140E-01
9.367160E-01
1.000000E+00
1.000000E+00
1.000000E+00
9.301761E-01
9.541873E-01
1.000000E+00
1.000000E+00
1.000000E+00
9.523405E-01
1.000000E+00
1.000000E+00
9.495265E-01
0.000000E+00
9.462851E-01
1.000000E+00
9.353703E-01
1.000000E+00
9.523019E-01
9.496024E-01
1.000000E+00
1.000000E+00
1.000000E+00
1.000000E+00
1.000000E+00
1.000000E+00
1.000000E+00
9.302888E-01
9.301948E-01
9.302659E-01
1.000000E+00
9.547520E-01
1.000000E+00
1.000000E+00
9.353956E-01
9.302888E-01
1.000000E+00
9.301851E-01
9.464941E-01
9.493115E-01
1.000000E+00
1.000000E+00
1.000000E+00
9.394640E-01
1.000000E+00
1.000000E+00
1.000000E+00
9.467309E-01
9.492673E-01
1.000000E+00
9.303182E-01
9.301851E-01
1.000000E+00
1.000000E+00
1.000000E+00
9.397613E-01
1.000000E+00
1.000000E+00
9.303182E-01
1.000000E+00
1.000000E+00
9.396064E-01
9.302888E-01
1.000000E+00
9.396772E-01
9.353507E-01
1.000000E+00
9.585750E-01
1.000000E+00
1.000000E+00
1.000000E+00
1.000000E+00
9.353093E-01
1.000000E+00
1.000000E+00
1.000000E+00
9.351868E-01
9.495970E-01
9.504161E-01
1.000000E+00
9.395988E-01
9.243747E-01
8.822117E-01
1.000000E+00
9.431276E-01
1.000000E+00
1.000000E+00
8.994893E-01
9.305832E-01
1.000000E+00
1.000000E+00
9.298747E-01
9.094050E-01
8.990630E-01
1.000000E+00
8.703048E-01
8.863260E-01
1.000000E+00
9.462851E-01
0.000000E+00
1.000000E+00
1.000000E+00
8.870054E-01
1.000000E+00
1.000000E+00
8.989750E-01
9.089113E-01
8.867060E-01
9.179144E-01
9.096599E-01
8.994893E-01
9.099120E-01
1.000000E+00
1.000000E+00
1.000000E+00
8.995285E-01
1.000000E+00
8.703048E-01
9.179551E-01
1.000000E+00
1.000000E+00
8.994893E-01
1.000000E+00
1.000000E+00
1.000000E+00
9.242005E-01
9.466775E-01
8.866274E-01
1.000000E+00
9.398821E-01
9.181242E-01
8.703048E-01
1.000000E+00
1.000000E+00
9.094552E-01
1.000000E+00
1.000000E+00
8.993455E-01
9.248392E-01
9.090723E-01
1.000000E+00
9.096599E-01
9.181600E-01
1.000000E+00
8.703048E-01
1.000000E+00
1.000000E+00
1.000000E+00
9.433767E-01
1.000000E+00
1.000000E+00
8.703048E-01
1.000000E+00
8.869271E-01
9.242828E-01
8.703048E-01
8.703048E-01
1.000000E+00
9.097689E-01
9.096465E-01
9.175242E-01
1.000000E+00
1.000000E+00
9.393300E-01
8.993007E-01
1.000000E+00
1.000000E+00
1.000000E+00
8.868664E-01
1.000000E+00
9.390785E-01
9.094071E-01
1.000000E+00
1.000000E+00
1.000000E+00
1.000000E+00
1.000000E+00
1.000000E+00
1.000000E+00
1.000000E+00
1.000000E+00
1.000000E+00
1.000000E+00
1.000000E+00
1.000000E+00
0.000000E+00
1.000000E+00
1.000000E+00
1.000000E+00
1.000000E+00
1.000000E+00
1.000000E+00
1.000000E+00
1.000000E+00
1.000000E+00
1.000000E+00
1.000000E+00
1.000000E+00
1.000000E+00
1.000000E+00
1.000000E+00
1.000000E+00
1.000000E+00
1.000000E+00
1.000000E+00
1.000000E+00
1.000000E+00
1.000000E+00
1.000000E+00
1.000000E+00
1.000000E+00
1.000000E+00
1.000000E+00
1.000000E+00
1.000000E+00
1.000000E+00
1.000000E+00
1.000000E+00
1.000000E+00
1.000000E+00
1.000000E+00
1.000000E+00
1.000000E+00
1.000000E+00
1.000000E+00
1.000000E+00
1.000000E+00
1.000000E+00
1.000000E+00
1.000000E+00
1.000000E+00
1.000000E+00
1.000000E+00
1.000000E+00
1.000000E+00
1.000000E+00
1.000000E+00
1.000000E+00
1.000000E+00
1.000000E+00
1.000000E+00
1.000000E+00
1.000000E+00
1.000000E+00
1.000000E+00
1.000000E+00
1.000000E+00
1.000000E+00
1.000000E+00
1.000000E+00
1.000000E+00
1.000000E+00
1.000000E+00
1.000000E+00
1.000000E+00
1.000000E+00
1.000000E+00
1.000000E+00
1.000000E+00
7.700276E-01
9.156445E-01
1.000000E+00
1.000000E+00
1.000000E+00
9.091635E-01
1.000000E+00
1.000000E+00
8.983633E-01
9.353703E-01
1.000000E+00
1.000000E+00
0.000000E+00
1.000000E+00
9.090231E-01
8.986707E-01
1.000000E+00
1.000000E+00
1.000000E+00
1.000000E+00
1.000000E+00
1.000000E+00
1.000000E+00
7.712451E-01
7.702306E-01
7.709989E-01
1.000000E+00
9.175396E-01
1.000000E+00
1.000000E+00
8.183609E-01
7.712451E-01
1.000000E+00
7.701245E-01
8.852701E-01
8.974879E-01
1.000000E+00
1.000000E+00
1.000000E+00
8.472275E-01
1.000000E+00
1.000000E+00
1.000000E+00
8.863534E-01
8.973071E-01
1.000000E+00
7.715618E-01
7.701245E-01
1.000000E+00
1.000000E+00
1.000000E+00
8.491075E-01
1.000000E+00
1.000000E+00
7.715618E-01
1.000000E+00
1.000000E+00
8.481312E-01
7.712451E-01
1.000000E+00
8.485787E-01
8.180052E-01
1.000000E+00
9.294114E-01
1.000000E+00
1.000000E+00
1.000000E+00
1.000000E+00
8.176766E-01
1.000000E+00
1.000000E+00
1.000000E+00
8.167007E-01
8.986490E-01
1.000000E+00
1.000000E+00
8.480836E-01
6.922775E-01
8.861104E-01
1.000000E+00
8.685911E-01
1.000000E+00
1.000000E+00
7.716058E-01
8.868129E-01
1.000000E+00
1.000000E+00
8.849173E-01
8.170956E-01
7.693927E-01
1.000000E+00
5.326211E-01
6.900467E-01
1.000000E+00
1.000000E+00
8.870054E-01
1.000000E+00
1.000000E+00
0.000000E+00
1.000000E+00
1.000000E+00
7.689328E-01
8.150723E-01
6.928558E-01
8.487510E-01
8.181317E-01
7.716058E-01
8.191505E-01
1.000000E+00
1.000000E+00
1.000000E+00
7.718081E-01
1.000000E+00
5.326211E-01
8.488889E-01
1.000000E+00
1.000000E+00
7.716058E-01
1.000000E+00
1.000000E+00
1.000000E+00
8.687992E-01
9.241449E-01
6.922770E-01
1.000000E+00
9.096101E-01
8.494616E-01
5.326211E-01
1.000000E+00
1.000000E+00
8.173002E-01
1.000000E+00
1.000000E+00
7.708619E-01
8.707009E-01
8.157347E-01
1.000000E+00
8.181317E-01
8.495828E-01
1.000000E+00
5.326211E-01
1.000000E+00
1.000000E+00
1.000000E+00
9.172856E-01
1.000000E+00
1.000000E+00
5.326211E-01
1.000000E+00
6.944755E-01
8.690456E-01
5.326211E-01
5.326211E-01
1.000000E+00
8.185732E-01
8.180775E-01
8.474208E-01
1.000000E+00
1.000000E+00
9.083562E-01
7.706296E-01
1.000000E+00
1.000000E+00
1.000000E+00
6.940315E-01
1.000000E+00
9.077811E-01
8.171045E-01
1.000000E+00
9.281203E-01
8.983822E-01
7.884024E-01
9.298125E-01
1.000000E+00
1.000000E+00
9.393985E-01
1.000000E+00
1.000000E+00
8.518575E-01
9.523019E-01
1.000000E+00
1.000000E+00
9.090231E-01
1.000000E+00
0.000000E+00
9.349012E-01
1.000000E+00
1.000000E+00
1.000000E+00
9.160102E-01
1.000000E+00
1.000000E+00
1.000000E+00
8.986206E-01
8.984218E-01
8.985723E-01
1.000000E+00
7.921422E-01
1.000000E+00
1.000000E+00
9.090733E-01
8.986206E-01
1.000000E+00
8.984011E-01
9.296199E-01
7.543402E-01
1.000000E+00
1.000000E+00
1.000000E+00
9.169306E-01
1.000000E+00
1.000000E+00
1.000000E+00
9.300291E-01
9.343410E-01
9.052492E-01
8.986828E-01
8.984011E-01
1.000000E+00
1.000000E+00
1.000000E+00
9.174896E-01
1.000000E+00
1.000000E+00
8.986828E-01
1.000000E+00
1.000000E+00
9.171985E-01
8.986206E-01
1.000000E+00
9.173317E-01
9.089842E-01
1.000000E+00
8.870287E-01
1.000000E+00
1.000000E+00
1.000000E+00
1.000000E+00
9.089021E-01
1.000000E+00
1.000000E+00
1.000000E+00
9.086591E-01
9.348922E-01
8.640199E-01
1.000000E+00
9.171843E-01
8.856113E-01
7.345040E-01
1.000000E+00
9.236774E-01
1.000000E+00
1.000000E+00
1.000000E+00
1.000000E+00
8.852922E-01
9.383631E-01
1.000000E+00
1.000000E+00
1.000000E+00
9.349731E-01
1.000000E+00
1.000000E+00
9.296192E-01
9.496024E-01
1.000000E+00
1.000000E+00
8.986707E-01
1.000000E+00
9.349012E-01
0.000000E+00
1.000000E+00
1.000000E+00
1.000000E+00
1.000000E+00
1.000000E+00
1.000000E+00
1.000000E+00
8.855959E-01
8.853427E-01
8.855343E-01
1.000000E+00
9.393810E-01
1.000000E+00
1.000000E+00
8.987329E-01
8.855959E-01
1.000000E+00
8.853163E-01
9.235800E-01
9.292005E-01
1.000000E+00
1.000000E+00
1.000000E+00
9.083841E-01
1.000000E+00
1.000000E+00
1.000000E+00
9.240621E-01
9.291143E-01
1.000000E+00
8.856751E-01
8.853163E-01
1.000000E+00
1.000000E+00
1.000000E+00
9.090635E-01
1.000000E+00
1.000000E+00
8.856751E-01
1.000000E+00
1.000000E+00
9.087098E-01
8.855959E-01
1.000000E+00
9.088717E-01
8.986224E-01
1.000000E+00
9.460511E-01
1.000000E+00
1.000000E+00
1.000000E+00
1.000000E+00
8.985206E-01
1.000000E+00
1.000000E+00
1.000000E+00
8.982189E-01
9.297563E-01
1.000000E+00
1.000000E+00
9.086926E-01
8.687515E-01
9.239537E-01
1.000000E+00
9.165226E-01
1.000000E+00
1.000000E+00
8.157347E-01
7.640011E-01
7.356027E-01
1.000000E+00
8.973091E-01
2.633222E-01
5.063962E-01
1.000000E+00
6.863389E-01
7.660739E-01
1.000000E+00
1.000000E+00
8.989750E-01
1.000000E+00
1.000000E+00
7.689328E-01
1.000000E+00
1.000000E+00
0.000000E+00
8.451073E-01
7.676775E-01
8.694547E-01
8.472594E-01
5.112007E-01
8.479786E-01
1.000000E+00
1.000000E+00
1.000000E+00
8.158664E-01
1.000000E+00
6.863389E-01
8.695574E-01
1.000000E+00
1.000000E+00
8.157347E-01
1.000000E+00
1.000000E+00
1.000000E+00
7.209024E-01
9.297338E-01
3.381486E-01
1.000000E+00
9.174355E-01
8.699844E-01
6.863389E-01
1.000000E+00
1.000000E+00
6.182793E-01
1.000000E+00
1.000000E+00
8.152508E-01
8.861381E-01
8.455722E-01
1.000000E+00
8.472594E-01
8.700748E-01
1.000000E+00
6.863389E-01
1.000000E+00
1.000000E+00
1.000000E+00
9.238870E-01
8.286306E-01
1.000000E+00
6.863389E-01
1.000000E+00
7.686054E-01
7.268120E-01
6.863389E-01
6.863389E-01
1.000000E+00
8.475709E-01
6.199119E-01
8.684649E-01
7.912300E-01
8.864276E-01
9.163905E-01
8.150998E-01
1.000000E+00
1.000000E+00
1.000000E+00
7.683508E-01
1.000000E+00
9.159122E-01
6.096831E-01
8.463130E-01
9.087863E-01
1.000000E+00
1.000000E+00
9.075592E-01
8.683461E-01
8.453141E-01
1.000000E+00
7.656943E-01
8.132457E-01
1.000000E+00
1.000000E+00
9.089113E-01
1.000000E+00
1.000000E+00
8.150723E-01
1.000000E+00
1.000000E+00
8.451073E-01
0.000000E+00
8.142692E-01
8.855829E-01
8.688838E-01
8.463130E-01
8.694141E-01
1.000000E+00
1.000000E+00
1.000000E+00
8.464046E-01
1.000000E+00
7.656943E-01
8.856618E-01
1.000000E+00
1.000000E+00
8.463130E-01
1.000000E+00
1.000000E+00
1.000000E+00
8.974384E-01
9.346890E-01
8.140577E-01
1.000000E+00
9.241937E-01
8.859900E-01
7.656943E-01
1.000000E+00
1.000000E+00
8.684522E-01
1.000000E+00
1.000000E+00
8.459765E-01
8.986042E-01
8.676425E-01
1.000000E+00
8.688838E-01
8.860595E-01
1.000000E+00
7.656943E-01
1.000000E+00
1.000000E+00
1.000000E+00
9.296672E-01
1.000000E+00
1.000000E+00
7.656943E-01
1.000000E+00
8.148627E-01
8.975891E-01
7.656943E-01
7.656943E-01
1.000000E+00
8.691134E-01
8.688556E-01
8.848233E-01
1.000000E+00
1.000000E+00
9.233137E-01
8.458716E-01
1.000000E+00
1.000000E+00
1.000000E+00
8.146998E-01
1.000000E+00
9.229115E-01
8.683507E-01
7.703794E-01
8.865125E-01
1.000000E+00
1.000000E+00
8.846067E-01
8.163100E-01
7.681424E-01
1.000000E+00
5.274566E-01
6.877837E-01
1.000000E+00
1.000000E+00
8.867060E-01
1.000000E+00
1.000000E+00
6.928558E-01
1.000000E+00
1.000000E+00
7.676775E-01
8.142692E-01
0.000000E+00
8.482142E-01
8.173549E-01
7.703794E-01
8.183824E-01
1.000000E+00
1.000000E+00
1.000000E+00
7.705839E-01
1.000000E+00
5.274566E-01
8.483530E-01
1.000000E+00
1.000000E+00
7.703794E-01
1.000000E+00
1.000000E+00
1.000000E+00
8.683954E-01
9.240101E-01
6.900467E-01
1.000000E+00
9.094186E-01
8.489298E-01
5.274566E-01
1.000000E+00
1.000000E+00
8.165164E-01
1.000000E+00
1.000000E+00
7.696275E-01
8.703088E-01
8.149373E-01
1.000000E+00
8.173549E-01
8.490518E-01
1.000000E+00
5.274566E-01
1.000000E+00
1.000000E+00
1.000000E+00
9.171253E-01
1.000000E+00
1.000000E+00
5.274566E-01
1.000000E+00
6.922770E-01
8.686434E-01
5.274566E-01
5.274566E-01
1.000000E+00
8.178002E-01
8.173002E-01
8.468744E-01
1.000000E+00
1.000000E+00
9.081593E-01
7.693927E-01
1.000000E+00
1.000000E+00
1.000000E+00
6.918266E-01
1.000000E+00
9.075818E-01
8.163189E-01
8.703122E-01
8.093513E-01
1.000000E+00
9.212147E-01
9.168180E-01
8.863606E-01
8.696016E-01
1.000000E+00
8.172522E-01
8.475313E-01
1.000000E+00
1.000000E+00
9.179144E-01
1.000000E+00
1.000000E+00
8.487510E-01
9.160102E-01
1.000000E+00
8.694547E-01
8.855829E-01
8.482142E-01
0.000000E+00
8.867614E-01
8.703122E-01
8.871572E-01
1.000000E+00
1.000000E+00
1.000000E+00
8.703774E-01
9.227267E-01
8.172522E-01
8.994983E-01
1.000000E+00
1.000000E+00
8.703122E-01
1.000000E+00
1.000000E+00
9.072244E-01
9.087119E-01
9.394507E-01
8.480729E-01
1.000000E+00
9.305344E-01
8.997519E-01
8.172522E-01
1.000000E+00
1.000000E+00
8.864397E-01
1.000000E+00
1.000000E+00
8.700727E-01
9.096367E-01
8.858368E-01
1.000000E+00
8.867614E-01
8.998057E-01
1.000000E+00
8.172522E-01
1.000000E+00
1.000000E+00
1.000000E+00
9.351585E-01
1.000000E+00
1.000000E+00
8.172522E-01
9.324339E-01
8.486108E-01
9.088313E-01
8.172522E-01
8.172522E-01
1.000000E+00
8.869327E-01
8.867404E-01
8.988510E-01
1.000000E+00
1.000000E+00
8.394942E-01
8.699980E-01
1.000000E+00
1.000000E+00
8.988913E-01
8.485019E-01
1.000000E+00
9.294592E-01
8.863641E-01
8.484319E-01
9.095369E-01
1.000000E+00
1.000000E+00
9.083301E-01
8.699041E-01
8.474604E-01
1.000000E+00
7.705839E-01
8.163652E-01
1.000000E+00
1.000000E+00
9.096599E-01
1.000000E+00
1.000000E+00
8.181317E-01
1.000000E+00
1.000000E+00
8.472594E-01
8.688838E-01
8.173549E-01
8.867614E-01
0.000000E+00
8.484319E-01
8.709471E-01
1.000000E+00
1.000000E+00
1.000000E+00
8.485210E-01
1.000000E+00
7.705839E-01
8.868387E-01
1.000000E+00
1.000000E+00
8.484319E-01
1.000000E+00
1.000000E+00
1.000000E+00
8.983864E-01
9.350747E-01
8.171504E-01
1.000000E+00
9.247129E-01
8.871602E-01
7.705839E-01
1.000000E+00
1.000000E+00
8.700077E-01
1.000000E+00
1.000000E+00
8.481046E-01
8.995309E-01
8.692171E-01
1.000000E+00
8.704291E-01
8.872283E-01
1.000000E+00
7.705839E-01
1.000000E+00
1.000000E+00
1.000000E+00
9.301144E-01
1.000000E+00
1.000000E+00
7.705839E-01
1.000000E+00
8.179289E-01
8.985343E-01
7.705839E-01
7.705839E-01
1.000000E+00
8.706534E-01
8.704016E-01
8.860174E-01
1.000000E+00
1.000000E+00
9.238450E-01
8.480026E-01
1.000000E+00
1.000000E+00
1.000000E+00
8.177713E-01
1.000000E+00
9.234483E-01
8.699086E-01
8.174385E-01
8.993371E-01
7.387542E-01
1.000000E+00
8.978405E-01
6.132873E-01
5.121760E-01
1.000000E+00
6.912440E-01
7.688130E-01
1.000000E+00
1.000000E+00
8.994893E-01
1.000000E+00
1.000000E+00
7.716058E-01
1.000000E+00
1.000000E+00
5.112007E-01
8.463130E-01
7.703794E-01
8.703122E-01
8.484319E-01
0.000000E+00
8.491402E-01
1.000000E+00
1.000000E+00
1.000000E+00
8.175678E-01
1.000000E+00
6.912440E-01
8.704136E-01
1.000000E+00
1.000000E+00
8.174385E-01
1.000000E+00
1.000000E+00
1.000000E+00
7.227597E-01
9.299830E-01
3.484987E-01
1.000000E+00
9.177794E-01
8.708350E-01
6.912440E-01
1.000000E+00
1.000000E+00
8.478549E-01
1.000000E+00
1.000000E+00
8.169635E-01
8.867910E-01
8.467707E-01
1.000000E+00
8.484319E-01
8.709242E-01
1.000000E+00
6.912440E-01
1.000000E+00
1.000000E+00
1.000000E+00
9.241793E-01
8.299602E-01
1.000000E+00
6.912440E-01
1.000000E+00
7.712859E-01
8.855240E-01
6.912440E-01
6.912440E-01
1.000000E+00
8.487387E-01
8.483943E-01
8.693354E-01
7.931999E-01
8.870130E-01
9.167431E-01
8.168153E-01
1.000000E+00
1.000000E+00
1.000000E+00
7.710372E-01
1.000000E+00
9.162688E-01
6.133060E-01
8.491402E-01
9.097897E-01
1.000000E+00
1.000000E+00
9.085896E-01
8.704263E-01
8.481778E-01
1.000000E+00
7.722027E-01
8.174039E-01
1.000000E+00
1.000000E+00
9.099120E-01
1.000000E+00
1.000000E+00
8.191505E-01
1.000000E+00
1.000000E+00
8.479786E-01
8.694141E-01
8.183824E-01
8.871572E-01
8.709471E-01
8.491402E-01
0.000000E+00
1.000000E+00
1.000000E+00
1.000000E+00
6.132297E-01
1.000000E+00
7.722027E-01
8.872340E-01
1.000000E+00
1.000000E+00
8.491402E-01
1.000000E+00
1.000000E+00
1.000000E+00
8.987052E-01
9.352050E-01
8.181802E-01
1.000000E+00
9.248880E-01
7.258354E-01
7.722027E-01
1.000000E+00
1.000000E+00
8.705290E-01
1.000000E+00
1.000000E+00
8.488160E-01
7.596179E-01
8.697447E-01
1.000000E+00
8.709471E-01
8.876209E-01
1.000000E+00
7.722027E-01
1.000000E+00
1.000000E+00
1.000000E+00
9.302653E-01
1.000000E+00
1.000000E+00
7.722027E-01
1.000000E+00
8.189500E-01
8.988522E-01
7.722027E-01
7.722027E-01
1.000000E+00
8.711695E-01
8.709198E-01
8.864185E-01
1.000000E+00
1.000000E+00
9.240242E-01
8.487149E-01
1.000000E+00
1.000000E+00
1.000000E+00
8.187942E-01
1.000000E+00
9.236294E-01
8.704307E-01
1.000000E+00
1.000000E+00
6.894870E-01
9.067748E-01
1.000000E+00
1.000000E+00
1.000000E+00
8.987948E-01
1.000000E+00
1.000000E+00
8.852038E-01
9.302888E-01
1.000000E+00
1.000000E+00
7.712451E-01
1.000000E+00
8.986206E-01
8.855959E-01
1.000000E+00
1.000000E+00
1.000000E+00
1.000000E+00
1.000000E+00
1.000000E+00
1.000000E+00
0.000000E+00
6.898569E-01
6.912551E-01
1.000000E+00
9.090840E-01
1.000000E+00
1.000000E+00
7.715618E-01
6.917026E-01
1.000000E+00
6.896637E-01
8.682174E-01
8.840858E-01
1.000000E+00
1.000000E+00
1.000000E+00
8.154236E-01
1.000000E+00
1.000000E+00
1.000000E+00
8.696446E-01
8.838546E-01
1.000000E+00
6.922775E-01
6.896637E-01
1.000000E+00
1.000000E+00
1.000000E+00
8.181608E-01
1.000000E+00
1.000000E+00
6.922775E-01
1.000000E+00
1.000000E+00
8.167411E-01
6.917026E-01
1.000000E+00
8.173923E-01
7.709989E-01
1.000000E+00
9.233054E-01
1.000000E+00
1.000000E+00
1.000000E+00
1.000000E+00
7.704785E-01
1.000000E+00
1.000000E+00
1.000000E+00
7.689296E-01
8.855681E-01
1.000000E+00
1.000000E+00
8.166718E-01
5.287044E-01
8.693249E-01
1.000000E+00
8.457258E-01
1.000000E+00
1.000000E+00
1.000000E+00
1.000000E+00
6.876147E-01
9.066068E-01
1.000000E+00
1.000000E+00
1.000000E+00
8.985967E-01
1.000000E+00
1.000000E+00
8.849489E-01
9.301948E-01
1.000000E+00
1.000000E+00
7.702306E-01
1.000000E+00
8.984218E-01
8.853427E-01
1.000000E+00
1.000000E+00
1.000000E+00
1.000000E+00
1.000000E+00
1.000000E+00
1.000000E+00
6.898569E-01
0.000000E+00
6.894041E-01
1.000000E+00
9.089242E-01
1.000000E+00
1.000000E+00
7.705501E-01
6.898569E-01
1.000000E+00
6.877935E-01
8.678813E-01
8.838259E-01
1.000000E+00
1.000000E+00
1.000000E+00
8.147637E-01
1.000000E+00
1.000000E+00
1.000000E+00
8.693157E-01
8.835936E-01
1.000000E+00
6.904388E-01
6.877935E-01
1.000000E+00
1.000000E+00
1.000000E+00
8.175203E-01
1.000000E+00
1.000000E+00
6.904388E-01
1.000000E+00
1.000000E+00
8.160905E-01
6.898569E-01
1.000000E+00
8.167463E-01
7.699821E-01
1.000000E+00
9.231917E-01
1.000000E+00
1.000000E+00
1.000000E+00
1.000000E+00
7.694571E-01
1.000000E+00
1.000000E+00
1.000000E+00
7.678944E-01
8.853148E-01
1.000000E+00
1.000000E+00
8.160207E-01
5.243775E-01
8.689944E-01
1.000000E+00
8.452650E-01
1.000000E+00
1.000000E+00
1.000000E+00
1.000000E+00
6.890331E-01
9.067340E-01
1.000000E+00
1.000000E+00
1.000000E+00
8.987467E-01
1.000000E+00
1.000000E+00
8.851418E-01
9.302659E-01
1.000000E+00
1.000000E+00
7.709989E-01
1.000000E+00
8.985723E-01
8.855343E-01
1.000000E+00
1.000000E+00
1.000000E+00
1.000000E+00
1.000000E+00
1.000000E+00
1.000000E+00
6.912551E-01
6.894041E-01
0.000000E+00
1.000000E+00
9.090452E-01
1.000000E+00
1.000000E+00
7.713163E-01
6.912551E-01
1.000000E+00
6.892103E-01
8.681357E-01
8.840226E-01
1.000000E+00
1.000000E+00
1.000000E+00
8.152633E-01
1.000000E+00
1.000000E+00
1.000000E+00
8.695646E-01
8.837911E-01
1.000000E+00
6.918318E-01
6.892103E-01
1.000000E+00
1.000000E+00
1.000000E+00
8.180052E-01
1.000000E+00
1.000000E+00
6.918318E-01
1.000000E+00
1.000000E+00
8.165831E-01
6.912551E-01
1.000000E+00
8.172354E-01
7.707521E-01
1.000000E+00
9.232778E-01
1.000000E+00
1.000000E+00
1.000000E+00
1.000000E+00
7.702306E-01
1.000000E+00
1.000000E+00
1.000000E+00
7.686784E-01
8.855066E-01
1.000000E+00
1.000000E+00
8.165136E-01
5.276579E-01
8.692445E-01
1.000000E+00
8.456138E-01
1.000000E+00
1.000000E+00
8.175678E-01
8.993764E-01
1.000000E+00
1.000000E+00
8.978810E-01
8.478030E-01
8.161585E-01
1.000000E+00
6.916135E-01
7.690203E-01
1.000000E+00
1.000000E+00
8.995285E-01
1.000000E+00
1.000000E+00
7.718081E-01
1.000000E+00
1.000000E+00
8.158664E-01
8.464046E-01
7.705839E-01
8.703774E-01
8.485210E-01
8.175678E-01
6.132297E-01
1.000000E+00
1.000000E+00
1.000000E+00
0.000000E+00
1.000000E+00
6.916135E-01
8.704787E-01
1.000000E+00
1.000000E+00
8.175678E-01
1.000000E+00
1.000000E+00
1.000000E+00
8.853867E-01
9.300020E-01
7.702611E-01
1.000000E+00
9.178056E-01
6.783051E-01
6.916135E-01
1.000000E+00
1.000000E+00
8.479447E-01
1.000000E+00
1.000000E+00
8.170934E-01
7.238435E-01
8.468618E-01
1.000000E+00
6.147749E-01
8.709888E-01
1.000000E+00
6.916135E-01
1.000000E+00
1.000000E+00
1.000000E+00
9.242016E-01
1.000000E+00
1.000000E+00
6.916135E-01
1.000000E+00
7.714888E-01
8.855749E-01
6.916135E-01
6.916135E-01
1.000000E+00
8.488274E-01
8.484834E-01
8.694017E-01
1.000000E+00
1.000000E+00
9.167700E-01
8.169455E-01
1.000000E+00
1.000000E+00
1.000000E+00
7.712405E-01
1.000000E+00
9.162960E-01
8.478091E-01
1.000000E+00
9.330969E-01
9.088923E-01
8.031592E-01
1.000000E+00
1.000000E+00
1.000000E+00
9.432993E-01
1.000000E+00
1.000000E+00
8.628068E-01
9.547520E-01
1.000000E+00
1.000000E+00
9.175396E-01
1.000000E+00
7.921422E-01
9.393810E-01
1.000000E+00
1.000000E+00
1.000000E+00
9.227267E-01
1.000000E+00
1.000000E+00
1.000000E+00
9.090840E-01
9.089242E-01
9.090452E-01
1.000000E+00
0.000000E+00
1.000000E+00
1.000000E+00
9.175808E-01
9.090840E-01
1.000000E+00
9.089075E-01
9.348271E-01
7.740095E-01
1.000000E+00
1.000000E+00
1.000000E+00
9.240892E-01
1.000000E+00
1.000000E+00
1.000000E+00
9.351781E-01
9.388956E-01
1.000000E+00
9.091341E-01
9.089075E-01
1.000000E+00
1.000000E+00
1.000000E+00
9.245563E-01
1.000000E+00
1.000000E+00
9.091341E-01
1.000000E+00
1.000000E+00
9.243130E-01
9.090840E-01
1.000000E+00
9.244243E-01
9.175077E-01
1.000000E+00
8.935397E-01
1.000000E+00
1.000000E+00
1.000000E+00
1.000000E+00
9.174402E-01
1.000000E+00
1.000000E+00
1.000000E+00
9.172407E-01
9.393733E-01
8.729198E-01
1.000000E+00
9.243012E-01
8.987583E-01
7.573305E-01
1.000000E+00
9.297630E-01
1.000000E+00
1.000000E+00
6.912440E-01
8.700512E-01
1.000000E+00
1.000000E+00
8.675463E-01
7.689328E-01
6.871857E-01
1.000000E+00
0.000000E+00
5.207745E-01
1.000000E+00
1.000000E+00
8.703048E-01
1.000000E+00
1.000000E+00
5.326211E-01
1.000000E+00
1.000000E+00
6.863389E-01
7.656943E-01
5.274566E-01
8.172522E-01
7.705839E-01
6.912440E-01
7.722027E-01
1.000000E+00
1.000000E+00
1.000000E+00
6.916135E-01
1.000000E+00
0.000000E+00
8.174534E-01
1.000000E+00
1.000000E+00
6.912440E-01
1.000000E+00
1.000000E+00
1.000000E+00
8.457340E-01
9.169672E-01
5.260853E-01
1.000000E+00
8.992300E-01
8.182886E-01
0.000000E+00
1.000000E+00
1.000000E+00
7.692593E-01
1.000000E+00
1.000000E+00
6.898829E-01
8.483565E-01
7.667565E-01
1.000000E+00
7.705839E-01
8.184651E-01
1.000000E+00
0.000000E+00
1.000000E+00
1.000000E+00
1.000000E+00
9.086775E-01
1.000000E+00
1.000000E+00
0.000000E+00
1.000000E+00
5.312797E-01
8.460746E-01
0.000000E+00
0.000000E+00
1.000000E+00
7.712859E-01
7.704976E-01
8.153067E-01
1.000000E+00
1.000000E+00
8.976691E-01
6.894573E-01
1.000000E+00
1.000000E+00
1.000000E+00
5.302339E-01
1.000000E+00
8.969516E-01
7.689470E-01
8.704136E-01
9.178536E-01
1.000000E+00
1.000000E+00
9.168597E-01
8.864385E-01
8.697041E-01
1.000000E+00
8.174534E-01
8.476714E-01
1.000000E+00
1.000000E+00
9.179551E-01
1.000000E+00
1.000000E+00
8.488889E-01
1.000000E+00
1.000000E+00
8.695574E-01
8.856618E-01
8.483530E-01
8.994983E-01
8.868387E-01
8.704136E-01
8.872340E-01
1.000000E+00
1.000000E+00
1.000000E+00
8.704787E-01
1.000000E+00
8.174534E-01
0.000000E+00
1.000000E+00
1.000000E+00
8.704136E-01
1.000000E+00
1.000000E+00
1.000000E+00
9.087622E-01
9.394728E-01
8.482121E-01
1.000000E+00
9.305635E-01
8.998125E-01
8.174534E-01
1.000000E+00
1.000000E+00
8.865174E-01
1.000000E+00
1.000000E+00
8.701744E-01
9.096859E-01
8.859153E-01
1.000000E+00
7.238381E-01
8.998662E-01
1.000000E+00
8.174534E-01
1.000000E+00
1.000000E+00
1.000000E+00
9.351838E-01
1.000000E+00
1.000000E+00
8.174534E-01
1.000000E+00
8.487489E-01
7.837984E-01
8.174534E-01
8.174534E-01
1.000000E+00
5.034484E-01
8.868178E-01
8.989127E-01
1.000000E+00
1.000000E+00
9.298259E-01
8.700999E-01
1.000000E+00
1.000000E+00
1.000000E+00
8.486402E-01
1.000000E+00
9.294892E-01
8.864419E-01
1.000000E+00
1.000000E+00
7.703477E-01
9.156876E-01
1.000000E+00
1.000000E+00
1.000000E+00
9.092135E-01
1.000000E+00
1.000000E+00
8.984258E-01
9.353956E-01
1.000000E+00
1.000000E+00
8.183609E-01
1.000000E+00
9.090733E-01
8.987329E-01
1.000000E+00
1.000000E+00
1.000000E+00
1.000000E+00
1.000000E+00
1.000000E+00
1.000000E+00
7.715618E-01
7.705501E-01
7.713163E-01
1.000000E+00
9.175808E-01
1.000000E+00
1.000000E+00
0.000000E+00
7.715618E-01
1.000000E+00
7.704443E-01
8.853498E-01
8.975515E-01
1.000000E+00
1.000000E+00
1.000000E+00
8.473689E-01
1.000000E+00
1.000000E+00
1.000000E+00
8.864316E-01
8.973709E-01
1.000000E+00
7.718777E-01
7.704443E-01
1.000000E+00
1.000000E+00
1.000000E+00
8.492453E-01
1.000000E+00
1.000000E+00
7.718777E-01
1.000000E+00
1.000000E+00
8.482709E-01
7.715618E-01
1.000000E+00
8.487175E-01
8.182057E-01
1.000000E+00
9.294416E-01
1.000000E+00
1.000000E+00
1.000000E+00
1.000000E+00
8.178779E-01
1.000000E+00
1.000000E+00
1.000000E+00
8.169041E-01
8.987112E-01
1.000000E+00
1.000000E+00
8.482233E-01
6.928503E-01
8.861890E-01
1.000000E+00
8.686957E-01
1.000000E+00
1.000000E+00
7.332510E-01
1.000000E+00
6.894870E-01
9.067748E-01
1.000000E+00
1.000000E+00
1.000000E+00
7.577595E-01
1.000000E+00
1.000000E+00
8.852038E-01
9.302888E-01
1.000000E+00
1.000000E+00
7.712451E-01
1.000000E+00
8.986206E-01
8.855959E-01
1.000000E+00
1.000000E+00
1.000000E+00
1.000000E+00
1.000000E+00
1.000000E+00
1.000000E+00
6.917026E-01
6.898569E-01
6.912551E-01
1.000000E+00
9.090840E-01
1.000000E+00
1.000000E+00
7.715618E-01
0.000000E+00
1.000000E+00
6.896637E-01
8.682174E-01
8.840858E-01
1.000000E+00
1.000000E+00
1.000000E+00
8.154236E-01
1.000000E+00
1.000000E+00
1.000000E+00
8.696446E-01
8.838546E-01
1.000000E+00
6.922775E-01
6.896637E-01
1.000000E+00
1.000000E+00
1.000000E+00
8.181608E-01
1.000000E+00
1.000000E+00
6.922775E-01
1.000000E+00
1.000000E+00
8.167411E-01
6.917026E-01
1.000000E+00
8.173923E-01
7.709989E-01
1.000000E+00
9.233054E-01
1.000000E+00
1.000000E+00
1.000000E+00
1.000000E+00
7.704785E-01
1.000000E+00
1.000000E+00
1.000000E+00
7.689296E-01
8.855681E-01
1.000000E+00
1.000000E+00
8.166718E-01
5.287044E-01
8.693249E-01
1.000000E+00
8.457258E-01
1.000000E+00
1.000000E+00
5.184803E-01
8.993371E-01
1.000000E+00
1.000000E+00
8.978405E-01
8.477130E-01
8.160273E-01
1.000000E+00
6.912440E-01
7.688130E-01
1.000000E+00
1.000000E+00
8.994893E-01
1.000000E+00
1.000000E+00
7.716058E-01
1.000000E+00
1.000000E+00
8.157347E-01
8.463130E-01
7.703794E-01
8.703122E-01
8.484319E-01
8.174385E-01
8.491402E-01
1.000000E+00
1.000000E+00
1.000000E+00
8.175678E-01
1.000000E+00
6.912440E-01
8.704136E-01
1.000000E+00
1.000000E+00
0.000000E+00
1.000000E+00
1.000000E+00
1.000000E+00
8.853357E-01
9.299830E-01
7.700561E-01
1.000000E+00
9.177794E-01
8.708350E-01
6.912440E-01
1.000000E+00
1.000000E+00
8.478549E-01
1.000000E+00
1.000000E+00
8.169635E-01
8.867910E-01
8.467707E-01
1.000000E+00
8.484319E-01
8.709242E-01
1.000000E+00
6.912440E-01
1.000000E+00
1.000000E+00
1.000000E+00
9.241793E-01
1.000000E+00
1.000000E+00
6.912440E-01
1.000000E+00
7.712859E-01
8.855240E-01
6.912440E-01
6.912440E-01
1.000000E+00
8.487387E-01
8.483943E-01
8.693354E-01
1.000000E+00
1.000000E+00
9.167431E-01
8.168153E-01
1.000000E+00
1.000000E+00
1.000000E+00
7.710372E-01
1.000000E+00
9.162688E-01
8.477191E-01
1.000000E+00
1.000000E+00
6.874186E-01
9.065893E-01
1.000000E+00
1.000000E+00
1.000000E+00
8.985761E-01
1.000000E+00
1.000000E+00
8.849223E-01
9.301851E-01
1.000000E+00
1.000000E+00
7.701245E-01
1.000000E+00
8.984011E-01
8.853163E-01
1.000000E+00
1.000000E+00
1.000000E+00
1.000000E+00
1.000000E+00
1.000000E+00
1.000000E+00
6.896637E-01
6.877935E-01
6.892103E-01
1.000000E+00
9.089075E-01
1.000000E+00
1.000000E+00
7.704443E-01
6.896637E-01
1.000000E+00
0.000000E+00
6.751692E-01
8.837988E-01
1.000000E+00
1.000000E+00
1.000000E+00
8.146947E-01
1.000000E+00
1.000000E+00
1.000000E+00
8.692814E-01
8.835664E-01
1.000000E+00
6.902462E-01
6.875976E-01
1.000000E+00
1.000000E+00
1.000000E+00
8.174534E-01
1.000000E+00
1.000000E+00
6.902462E-01
1.000000E+00
1.000000E+00
8.160226E-01
6.896637E-01
1.000000E+00
8.166789E-01
7.698759E-01
1.000000E+00
9.231799E-01
1.000000E+00
1.000000E+00
1.000000E+00
1.000000E+00
7.693503E-01
1.000000E+00
1.000000E+00
1.000000E+00
7.677862E-01
8.852884E-01
1.000000E+00
1.000000E+00
8.159527E-01
5.239229E-01
8.689599E-01
1.000000E+00
8.452169E-01
1.000000E+00
1.000000E+00
1.000000E+00
1.000000E+00
8.678142E-01
9.336489E-01
9.207665E-01
1.000000E+00
1.000000E+00
9.297040E-01
1.000000E+00
1.000000E+00
8.318438E-01
9.464941E-01
1.000000E+00
1.000000E+00
8.852701E-01
1.000000E+00
9.296199E-01
9.235800E-01
1.000000E+00
1.000000E+00
1.000000E+00
1.000000E+00
1.000000E+00
1.000000E+00
1.000000E+00
8.682174E-01
8.678813E-01
8.681357E-01
1.000000E+00
9.348271E-01
1.000000E+00
1.000000E+00
8.853498E-01
8.682174E-01
1.000000E+00
6.751692E-01
0.000000E+00
8.306613E-01
1.000000E+00
1.000000E+00
1.000000E+00
8.975666E-01
1.000000E+00
1.000000E+00
1.000000E+00
9.167774E-01
9.228069E-01
1.000000E+00
8.683225E-01
8.678462E-01
1.000000E+00
1.000000E+00
1.000000E+00
8.984152E-01
1.000000E+00
1.000000E+00
8.683225E-01
1.000000E+00
1.000000E+00
8.979737E-01
8.682174E-01
1.000000E+00
8.981758E-01
8.852082E-01
1.000000E+00
9.424737E-01
1.000000E+00
1.000000E+00
1.000000E+00
1.000000E+00
8.850776E-01
1.000000E+00
1.000000E+00
1.000000E+00
8.846906E-01
9.235676E-01
1.000000E+00
1.000000E+00
8.979522E-01
8.453555E-01
9.166472E-01
1.000000E+00
9.076349E-01
9.319938E-01
1.000000E+00
1.000000E+00
9.217809E-01
8.837740E-01
5.414244E-01
8.395649E-01
1.000000E+00
1.000000E+00
9.344880E-01
1.000000E+00
1.000000E+00
7.383376E-01
9.493115E-01
1.000000E+00
1.000000E+00
8.974879E-01
1.000000E+00
7.543402E-01
9.292005E-01
1.000000E+00
1.000000E+00
1.000000E+00
9.072244E-01
1.000000E+00
1.000000E+00
1.000000E+00
8.840858E-01
8.838259E-01
8.840226E-01
1.000000E+00
7.740095E-01
1.000000E+00
1.000000E+00
8.975515E-01
8.840858E-01
1.000000E+00
8.837988E-01
8.306613E-01
0.000000E+00
1.000000E+00
9.430079E-01
1.000000E+00
9.074182E-01
1.000000E+00
1.000000E+00
1.000000E+00
9.233997E-01
9.285375E-01
1.000000E+00
8.841672E-01
8.837988E-01
1.000000E+00
1.000000E+00
1.000000E+00
9.081120E-01
1.000000E+00
1.000000E+00
8.841672E-01
1.000000E+00
1.000000E+00
9.077509E-01
8.840858E-01
1.000000E+00
9.079162E-01
8.974384E-01
1.000000E+00
8.068323E-01
1.000000E+00
1.000000E+00
1.000000E+00
1.000000E+00
8.973342E-01
1.000000E+00
1.000000E+00
1.000000E+00
8.970254E-01
9.291899E-01
7.665017E-01
1.000000E+00
9.077333E-01
8.667601E-01
7.041875E-01
1.000000E+00
9.157214E-01
9.363855E-01
1.000000E+00
8.853357E-01
9.241139E-01
8.518446E-01
1.000000E+00
8.224049E-01
7.574608E-01
7.212206E-01
1.000000E+00
8.457340E-01
8.678823E-01
1.000000E+00
1.000000E+00
9.242005E-01
1.000000E+00
1.000000E+00
8.687992E-01
1.000000E+00
1.000000E+00
7.209024E-01
8.974384E-01
8.683954E-01
9.087119E-01
8.983864E-01
7.227597E-01
8.987052E-01
1.000000E+00
1.000000E+00
1.000000E+00
8.853867E-01
1.000000E+00
8.457340E-01
9.087622E-01
1.000000E+00
1.000000E+00
8.853357E-01
1.000000E+00
1.000000E+00
1.000000E+00
0.000000E+00
8.752092E-01
6.744858E-01
1.000000E+00
9.350898E-01
9.089713E-01
8.457340E-01
1.000000E+00
1.000000E+00
8.981274E-01
1.000000E+00
1.000000E+00
8.851485E-01
9.171961E-01
8.976425E-01
1.000000E+00
8.983864E-01
9.090156E-01
1.000000E+00
8.457340E-01
1.000000E+00
1.000000E+00
1.000000E+00
9.391450E-01
8.864002E-01
1.000000E+00
8.457340E-01
1.000000E+00
8.686937E-01
9.165203E-01
8.457340E-01
8.457340E-01
1.000000E+00
8.985244E-01
8.983695E-01
9.082290E-01
8.710916E-01
9.150558E-01
9.344457E-01
8.850902E-01
1.000000E+00
1.000000E+00
1.000000E+00
8.686117E-01
1.000000E+00
8.545514E-01
7.574682E-01
9.299830E-01
9.466347E-01
1.000000E+00
9.488517E-01
8.826202E-01
9.349432E-01
9.297764E-01
1.000000E+00
9.169672E-01
9.238393E-01
1.000000E+00
1.000000E+00
9.466775E-01
1.000000E+00
1.000000E+00
9.241449E-01
1.000000E+00
1.000000E+00
9.297338E-01
9.346890E-01
9.240101E-01
9.394507E-01
9.350747E-01
9.299830E-01
9.352050E-01
1.000000E+00
1.000000E+00
1.000000E+00
9.300020E-01
1.000000E+00
9.169672E-01
9.394728E-01
1.000000E+00
1.000000E+00
9.299830E-01
1.000000E+00
1.000000E+00
9.430079E-01
8.752092E-01
0.000000E+00
9.239747E-01
1.000000E+00
9.523061E-01
9.395649E-01
9.169672E-01
1.000000E+00
1.000000E+00
9.349691E-01
1.000000E+00
1.000000E+00
9.299132E-01
9.433037E-01
9.347718E-01
1.000000E+00
9.350747E-01
9.395844E-01
1.000000E+00
9.169672E-01
1.000000E+00
1.000000E+00
1.000000E+00
9.545323E-01
1.000000E+00
1.000000E+00
9.169672E-01
9.540408E-01
9.241096E-01
9.429877E-01
9.169672E-01
9.169672E-01
1.000000E+00
9.351311E-01
9.350678E-01
8.603238E-01
1.000000E+00
1.000000E+00
8.958236E-01
9.298915E-01
1.000000E+00
1.000000E+00
1.000000E+00
9.240823E-01
1.000000E+00
8.956263E-01
9.349443E-01
7.700561E-01
8.864336E-01
6.442580E-01
1.000000E+00
8.845251E-01
5.124288E-01
3.399354E-01
1.000000E+00
5.260853E-01
6.871857E-01
1.000000E+00
1.000000E+00
8.866274E-01
1.000000E+00
1.000000E+00
6.922770E-01
1.000000E+00
1.000000E+00
3.381486E-01
8.140577E-01
6.900467E-01
8.480729E-01
8.171504E-01
3.484987E-01
8.181802E-01
1.000000E+00
1.000000E+00
1.000000E+00
7.702611E-01
1.000000E+00
5.260853E-01
8.482121E-01
1.000000E+00
1.000000E+00
7.700561E-01
1.000000E+00
1.000000E+00
1.000000E+00
6.744858E-01
9.239747E-01
0.000000E+00
1.000000E+00
9.093684E-01
8.487900E-01
5.260853E-01
1.000000E+00
1.000000E+00
8.163100E-01
1.000000E+00
1.000000E+00
7.693021E-01
8.702057E-01
8.147273E-01
1.000000E+00
8.171504E-01
8.489122E-01
1.000000E+00
5.260853E-01
1.000000E+00
1.000000E+00
1.000000E+00
9.170832E-01
7.944159E-01
1.000000E+00
5.260853E-01
1.000000E+00
6.916961E-01
8.685376E-01
5.260853E-01
5.260853E-01
1.000000E+00
8.175967E-01
8.170956E-01
8.467307E-01
7.381377E-01
8.723479E-01
9.081077E-01
7.690666E-01
1.000000E+00
1.000000E+00
1.000000E+00
6.912440E-01
1.000000E+00
9.075295E-01
5.124586E-01
1.000000E+00
1.000000E+00
8.146318E-01
9.224861E-01
1.000000E+00
1.000000E+00
1.000000E+00
8.091123E-01
1.000000E+00
1.000000E+00
9.081328E-01
9.394640E-01
1.000000E+00
1.000000E+00
8.472275E-01
1.000000E+00
9.169306E-01
9.083841E-01
1.000000E+00
1.000000E+00
1.000000E+00
1.000000E+00
1.000000E+00
1.000000E+00
1.000000E+00
8.154236E-01
8.147637E-01
8.152633E-01
1.000000E+00
9.240892E-01
1.000000E+00
1.000000E+00
8.473689E-01
8.154236E-01
1.000000E+00
8.146947E-01
8.975666E-01
9.074182E-01
1.000000E+00
1.000000E+00
1.000000E+00
0.000000E+00
1.000000E+00
1.000000E+00
1.000000E+00
8.984310E-01
9.072708E-01
1.000000E+00
8.156299E-01
8.146947E-01
1.000000E+00
1.000000E+00
1.000000E+00
8.696823E-01
1.000000E+00
1.000000E+00
8.156299E-01
1.000000E+00
1.000000E+00
8.689547E-01
8.154236E-01
1.000000E+00
8.692880E-01
8.471177E-01
1.000000E+00
9.342664E-01
1.000000E+00
1.000000E+00
1.000000E+00
1.000000E+00
8.468860E-01
1.000000E+00
1.000000E+00
1.000000E+00
8.461983E-01
9.083663E-01
1.000000E+00
1.000000E+00
8.689193E-01
7.672254E-01
8.982370E-01
1.000000E+00
8.844753E-01
1.000000E+00
1.000000E+00
9.177794E-01
9.398277E-01
1.000000E+00
1.000000E+00
9.392961E-01
9.245359E-01
9.174943E-01
1.000000E+00
8.992300E-01
9.091759E-01
1.000000E+00
1.000000E+00
9.398821E-01
1.000000E+00
1.000000E+00
9.096101E-01
1.000000E+00
1.000000E+00
9.174355E-01
9.241937E-01
9.094186E-01
9.305344E-01
9.247129E-01
9.177794E-01
9.248880E-01
1.000000E+00
1.000000E+00
1.000000E+00
9.178056E-01
1.000000E+00
8.992300E-01
9.305635E-01
1.000000E+00
1.000000E+00
9.177794E-01
1.000000E+00
1.000000E+00
1.000000E+00
9.350898E-01
9.523061E-01
9.093684E-01
1.000000E+00
0.000000E+00
9.306847E-01
8.992300E-01
1.000000E+00
1.000000E+00
9.245708E-01
1.000000E+00
1.000000E+00
9.176831E-01
9.355587E-01
9.243053E-01
1.000000E+00
9.247129E-01
9.307104E-01
1.000000E+00
8.992300E-01
1.000000E+00
1.000000E+00
1.000000E+00
9.496825E-01
1.000000E+00
1.000000E+00
8.992300E-01
1.000000E+00
9.095600E-01
7.620301E-01
8.992300E-01
8.992300E-01
1.000000E+00
9.247886E-01
9.247036E-01
9.302551E-01
1.000000E+00
1.000000E+00
9.465121E-01
9.176532E-01
1.000000E+00
1.000000E+00
1.000000E+00
9.095212E-01
1.000000E+00
9.463167E-01
9.245374E-01
8.708350E-01
9.180232E-01
1.000000E+00
1.000000E+00
9.170334E-01
8.867623E-01
8.701302E-01
1.000000E+00
8.182886E-01
8.482534E-01
1.000000E+00
1.000000E+00
9.181242E-01
1.000000E+00
1.000000E+00
8.494616E-01
1.000000E+00
1.000000E+00
8.699844E-01
8.859900E-01
8.489298E-01
8.997519E-01
8.871602E-01
8.708350E-01
7.258354E-01
1.000000E+00
1.000000E+00
1.000000E+00
6.783051E-01
1.000000E+00
8.182886E-01
8.998125E-01
1.000000E+00
1.000000E+00
8.708350E-01
1.000000E+00
1.000000E+00
1.000000E+00
9.089713E-01
9.395649E-01
8.487900E-01
1.000000E+00
9.306847E-01
0.000000E+00
8.182886E-01
1.000000E+00
1.000000E+00
8.868407E-01
1.000000E+00
1.000000E+00
8.705974E-01
7.864646E-01
8.862421E-01
1.000000E+00
8.871602E-01
9.001180E-01
1.000000E+00
8.182886E-01
1.000000E+00
1.000000E+00
1.000000E+00
9.352895E-01
1.000000E+00
1.000000E+00
8.182886E-01
1.000000E+00
8.493227E-01
9.090900E-01
8.182886E-01
8.182886E-01
1.000000E+00
8.873303E-01
8.871394E-01
8.991693E-01
1.000000E+00
1.000000E+00
9.299497E-01
8.705234E-01
1.000000E+00
1.000000E+00
1.000000E+00
8.492148E-01
1.000000E+00
9.296142E-01
8.867657E-01
6.912440E-01
8.700512E-01
1.000000E+00
1.000000E+00
8.675463E-01
7.689328E-01
6.871857E-01
1.000000E+00
0.000000E+00
5.207745E-01
1.000000E+00
1.000000E+00
8.703048E-01
1.000000E+00
1.000000E+00
5.326211E-01
1.000000E+00
1.000000E+00
6.863389E-01
7.656943E-01
5.274566E-01
8.172522E-01
7.705839E-01
6.912440E-01
7.722027E-01
1.000000E+00
1.000000E+00
1.000000E+00
6.916135E-01
1.000000E+00
0.000000E+00
8.174534E-01
1.000000E+00
1.000000E+00
6.912440E-01
1.000000E+00
1.000000E+00
1.000000E+00
8.457340E-01
9.169672E-01
5.260853E-01
1.000000E+00
8.992300E-01
8.182886E-01
0.000000E+00
1.000000E+00
1.000000E+00
7.692593E-01
1.000000E+00
1.000000E+00
6.898829E-01
8.483565E-01
7.667565E-01
1.000000E+00
7.705839E-01
8.184651E-01
1.000000E+00
0.000000E+00
1.000000E+00
1.000000E+00
1.000000E+00
9.086775E-01
1.000000E+00
1.000000E+00
0.000000E+00
1.000000E+00
5.312797E-01
8.460746E-01
0.000000E+00
0.000000E+00
1.000000E+00
7.712859E-01
7.704976E-01
8.153067E-01
1.000000E+00
1.000000E+00
8.976691E-01
6.894573E-01
1.000000E+00
1.000000E+00
1.000000E+00
5.302339E-01
1.000000E+00
8.969516E-01
7.689470E-01
1.000000E+00
1.000000E+00
8.692501E-01
9.340127E-01
1.000000E+00
1.000000E+00
1.000000E+00
9.301121E-01
1.000000E+00
1.000000E+00
9.238896E-01
9.467309E-01
1.000000E+00
1.000000E+00
8.863534E-01
1.000000E+00
9.300291E-01
9.240621E-01
1.000000E+00
1.000000E+00
1.000000E+00
1.000000E+00
1.000000E+00
1.000000E+00
1.000000E+00
8.696446E-01
8.693157E-01
8.695646E-01
1.000000E+00
9.351781E-01
1.000000E+00
1.000000E+00
8.864316E-01
8.696446E-01
1.000000E+00
8.692814E-01
9.167774E-01
9.233997E-01
1.000000E+00
1.000000E+00
1.000000E+00
8.984310E-01
1.000000E+00
1.000000E+00
1.000000E+00
0.000000E+00
9.232988E-01
1.000000E+00
8.697475E-01
8.692814E-01
1.000000E+00
1.000000E+00
1.000000E+00
8.992654E-01
1.000000E+00
1.000000E+00
8.697475E-01
1.000000E+00
1.000000E+00
8.988312E-01
8.696446E-01
1.000000E+00
8.990300E-01
8.862926E-01
1.000000E+00
9.427474E-01
1.000000E+00
1.000000E+00
1.000000E+00
1.000000E+00
8.861645E-01
1.000000E+00
1.000000E+00
1.000000E+00
8.857848E-01
9.240499E-01
1.000000E+00
1.000000E+00
8.988101E-01
8.473171E-01
9.172204E-01
1.000000E+00
7.824665E-01
1.000000E+00
1.000000E+00
1.000000E+00
1.000000E+00
8.835415E-01
8.636851E-01
1.000000E+00
1.000000E+00
1.000000E+00
9.344142E-01
1.000000E+00
1.000000E+00
9.289640E-01
9.492673E-01
1.000000E+00
1.000000E+00
8.973071E-01
1.000000E+00
9.343410E-01
9.291143E-01
1.000000E+00
1.000000E+00
1.000000E+00
1.000000E+00
1.000000E+00
1.000000E+00
1.000000E+00
8.838546E-01
8.835936E-01
8.837911E-01
1.000000E+00
9.388956E-01
1.000000E+00
1.000000E+00
8.973709E-01
8.838546E-01
1.000000E+00
8.835664E-01
9.228069E-01
9.285375E-01
1.000000E+00
1.000000E+00
1.000000E+00
9.072708E-01
1.000000E+00
1.000000E+00
1.000000E+00
9.232988E-01
0.000000E+00
1.000000E+00
8.839363E-01
8.835664E-01
1.000000E+00
1.000000E+00
1.000000E+00
7.822406E-01
1.000000E+00
1.000000E+00
8.839363E-01
1.000000E+00
1.000000E+00
9.076045E-01
8.838546E-01
1.000000E+00
9.077703E-01
8.972575E-01
1.000000E+00
9.456670E-01
1.000000E+00
1.000000E+00
1.000000E+00
1.000000E+00
8.971528E-01
1.000000E+00
1.000000E+00
1.000000E+00
8.968430E-01
9.291037E-01
1.000000E+00
1.000000E+00
9.075869E-01
8.664545E-01
9.231882E-01
1.000000E+00
9.155993E-01
9.345145E-01
1.000000E+00
8.478549E-01
7.911726E-01
1.000000E+00
1.000000E+00
9.081193E-01
6.843540E-01
8.468760E-01
1.000000E+00
7.692593E-01
8.155175E-01
1.000000E+00
1.000000E+00
9.094552E-01
1.000000E+00
1.000000E+00
8.173002E-01
9.052492E-01
1.000000E+00
6.182793E-01
8.684522E-01
8.165164E-01
8.864397E-01
8.700077E-01
8.478549E-01
8.705290E-01
1.000000E+00
1.000000E+00
1.000000E+00
8.479447E-01
1.000000E+00
7.692593E-01
8.865174E-01
1.000000E+00
1.000000E+00
8.478549E-01
1.000000E+00
1.000000E+00
1.000000E+00
8.981274E-01
9.349691E-01
8.163100E-01
1.000000E+00
9.245708E-01
8.868407E-01
7.692593E-01
1.000000E+00
1.000000E+00
0.000000E+00
1.000000E+00
1.000000E+00
8.475251E-01
8.992777E-01
8.687877E-01
1.000000E+00
8.700077E-01
8.869092E-01
1.000000E+00
7.692593E-01
1.000000E+00
1.000000E+00
1.000000E+00
9.299919E-01
1.000000E+00
1.000000E+00
7.692593E-01
1.000000E+00
8.170956E-01
7.625729E-01
7.692593E-01
7.692593E-01
1.000000E+00
8.702334E-01
6.857624E-01
8.856914E-01
1.000000E+00
1.000000E+00
9.236996E-01
8.474223E-01
1.000000E+00
1.000000E+00
1.000000E+00
8.169366E-01
1.000000E+00
9.233014E-01
8.694837E-01
1.000000E+00
1.000000E+00
6.900703E-01
9.068275E-01
1.000000E+00
1.000000E+00
1.000000E+00
8.988569E-01
1.000000E+00
1.000000E+00
8.852836E-01
9.303182E-01
1.000000E+00
1.000000E+00
7.715618E-01
1.000000E+00
8.986828E-01
8.856751E-01
1.000000E+00
1.000000E+00
1.000000E+00
1.000000E+00
1.000000E+00
1.000000E+00
1.000000E+00
6.922775E-01
6.904388E-01
6.918318E-01
1.000000E+00
9.091341E-01
1.000000E+00
1.000000E+00
7.718777E-01
6.922775E-01
1.000000E+00
6.902462E-01
8.683225E-01
8.841672E-01
1.000000E+00
1.000000E+00
1.000000E+00
8.156299E-01
1.000000E+00
1.000000E+00
1.000000E+00
8.697475E-01
8.839363E-01
1.000000E+00
0.000000E+00
6.902462E-01
1.000000E+00
1.000000E+00
1.000000E+00
5.139131E-01
1.000000E+00
1.000000E+00
6.928503E-01
1.000000E+00
1.000000E+00
8.169444E-01
6.922775E-01
1.000000E+00
8.175941E-01
7.713163E-01
1.000000E+00
9.233410E-01
1.000000E+00
1.000000E+00
1.000000E+00
1.000000E+00
7.707973E-01
1.000000E+00
1.000000E+00
1.000000E+00
7.692528E-01
8.856475E-01
1.000000E+00
1.000000E+00
8.168752E-01
5.300467E-01
8.694283E-01
1.000000E+00
8.458699E-01
1.000000E+00
1.000000E+00
1.000000E+00
1.000000E+00
6.874186E-01
9.065893E-01
1.000000E+00
1.000000E+00
1.000000E+00
8.985761E-01
1.000000E+00
1.000000E+00
8.849223E-01
9.301851E-01
1.000000E+00
1.000000E+00
7.701245E-01
1.000000E+00
8.984011E-01
8.853163E-01
1.000000E+00
1.000000E+00
1.000000E+00
1.000000E+00
1.000000E+00
1.000000E+00
1.000000E+00
6.896637E-01
6.877935E-01
6.892103E-01
1.000000E+00
9.089075E-01
1.000000E+00
1.000000E+00
7.704443E-01
6.896637E-01
1.000000E+00
6.875976E-01
8.678462E-01
8.837988E-01
1.000000E+00
1.000000E+00
1.000000E+00
8.146947E-01
1.000000E+00
1.000000E+00
1.000000E+00
8.692814E-01
8.835664E-01
1.000000E+00
6.902462E-01
0.000000E+00
1.000000E+00
1.000000E+00
1.000000E+00
8.174534E-01
1.000000E+00
1.000000E+00
6.902462E-01
1.000000E+00
1.000000E+00
8.160226E-01
6.896637E-01
1.000000E+00
8.166789E-01
7.698759E-01
1.000000E+00
9.231799E-01
1.000000E+00
1.000000E+00
1.000000E+00
1.000000E+00
7.693503E-01
1.000000E+00
1.000000E+00
1.000000E+00
7.677862E-01
8.852884E-01
1.000000E+00
1.000000E+00
8.159527E-01
5.239229E-01
8.689599E-01
1.000000E+00
8.452169E-01
1.000000E+00
1.000000E+00
8.169635E-01
8.991928E-01
1.000000E+00
1.000000E+00
8.976919E-01
8.473826E-01
8.155449E-01
1.000000E+00
6.898829E-01
7.680508E-01
1.000000E+00
1.000000E+00
8.993455E-01
1.000000E+00
1.000000E+00
7.708619E-01
1.000000E+00
1.000000E+00
8.152508E-01
8.459765E-01
7.696275E-01
8.700727E-01
8.481046E-01
8.169635E-01
8.488160E-01
1.000000E+00
1.000000E+00
1.000000E+00
8.170934E-01
1.000000E+00
6.898829E-01
8.701744E-01
1.000000E+00
1.000000E+00
8.169635E-01
1.000000E+00
1.000000E+00
1.000000E+00
8.851485E-01
9.299132E-01
7.693021E-01
1.000000E+00
9.176831E-01
8.705974E-01
6.898829E-01
1.000000E+00
1.000000E+00
8.475251E-01
1.000000E+00
1.000000E+00
0.000000E+00
8.866085E-01
8.464363E-01
1.000000E+00
8.481046E-01
8.706869E-01
1.000000E+00
6.898829E-01
1.000000E+00
1.000000E+00
1.000000E+00
9.240974E-01
1.000000E+00
1.000000E+00
6.898829E-01
1.000000E+00
7.705399E-01
8.853374E-01
6.898829E-01
6.898829E-01
1.000000E+00
8.484127E-01
8.480668E-01
8.690923E-01
1.000000E+00
1.000000E+00
9.166445E-01
8.163371E-01
1.000000E+00
1.000000E+00
1.000000E+00
7.702896E-01
1.000000E+00
9.161690E-01
8.473888E-01
8.867910E-01
9.247541E-01
1.000000E+00
1.000000E+00
9.239209E-01
8.992155E-01
8.862499E-01
1.000000E+00
8.483565E-01
8.698106E-01
1.000000E+00
1.000000E+00
9.248392E-01
1.000000E+00
1.000000E+00
8.707009E-01
1.000000E+00
1.000000E+00
8.861381E-01
8.986042E-01
8.703088E-01
9.096367E-01
8.995309E-01
8.867910E-01
7.596179E-01
1.000000E+00
1.000000E+00
1.000000E+00
7.238435E-01
1.000000E+00
8.483565E-01
9.096859E-01
1.000000E+00
1.000000E+00
8.867910E-01
1.000000E+00
1.000000E+00
1.000000E+00
9.171961E-01
9.433037E-01
8.702057E-01
1.000000E+00
9.355587E-01
7.864646E-01
8.483565E-01
1.000000E+00
1.000000E+00
8.992777E-01
1.000000E+00
1.000000E+00
8.866085E-01
0.000000E+00
8.988037E-01
1.000000E+00
8.995309E-01
9.099342E-01
1.000000E+00
8.483565E-01
1.000000E+00
1.000000E+00
1.000000E+00
8.649636E-01
1.000000E+00
1.000000E+00
8.483565E-01
1.000000E+00
8.705984E-01
9.172943E-01
8.483565E-01
8.483565E-01
1.000000E+00
8.996657E-01
8.995143E-01
9.091635E-01
1.000000E+00
1.000000E+00
9.349239E-01
8.865516E-01
1.000000E+00
1.000000E+00
1.000000E+00
8.705189E-01
1.000000E+00
9.346345E-01
8.992182E-01
8.467707E-01
9.089477E-01
1.000000E+00
1.000000E+00
9.077250E-01
8.686822E-01
8.457778E-01
1.000000E+00
7.667565E-01
8.139212E-01
1.000000E+00
1.000000E+00
9.090723E-01
1.000000E+00
1.000000E+00
8.157347E-01
1.000000E+00
1.000000E+00
8.455722E-01
8.676425E-01
8.149373E-01
8.858368E-01
8.692171E-01
8.467707E-01
8.697447E-01
1.000000E+00
1.000000E+00
1.000000E+00
8.468618E-01
1.000000E+00
7.667565E-01
8.859153E-01
1.000000E+00
1.000000E+00
8.467707E-01
1.000000E+00
1.000000E+00
1.000000E+00
8.976425E-01
9.347718E-01
8.147273E-01
1.000000E+00
9.243053E-01
8.862421E-01
7.667565E-01
1.000000E+00
1.000000E+00
8.687877E-01
1.000000E+00
1.000000E+00
8.464363E-01
8.988037E-01
0.000000E+00
1.000000E+00
8.692171E-01
8.863113E-01
1.000000E+00
7.667565E-01
1.000000E+00
1.000000E+00
1.000000E+00
9.297633E-01
1.000000E+00
1.000000E+00
7.667565E-01
1.000000E+00
8.155265E-01
8.977925E-01
7.667565E-01
7.667565E-01
1.000000E+00
8.694455E-01
8.691890E-01
8.850805E-01
1.000000E+00
1.000000E+00
9.234279E-01
8.463320E-01
1.000000E+00
1.000000E+00
1.000000E+00
8.153648E-01
1.000000E+00
9.230268E-01
8.686867E-01
1.000000E+00
1.000000E+00
8.173923E-01
9.229730E-01
1.000000E+00
1.000000E+00
1.000000E+00
9.176050E-01
1.000000E+00
1.000000E+00
9.088160E-01
9.397613E-01
1.000000E+00
1.000000E+00
8.491075E-01
1.000000E+00
9.174896E-01
9.090635E-01
1.000000E+00
1.000000E+00
1.000000E+00
1.000000E+00
1.000000E+00
1.000000E+00
1.000000E+00
8.181608E-01
8.175203E-01
8.180052E-01
1.000000E+00
9.245563E-01
1.000000E+00
1.000000E+00
8.492453E-01
8.181608E-01
1.000000E+00
8.174534E-01
8.984152E-01
9.081120E-01
1.000000E+00
1.000000E+00
1.000000E+00
8.696823E-01
1.000000E+00
1.000000E+00
1.000000E+00
8.992654E-01
7.822406E-01
1.000000E+00
5.139131E-01
8.174534E-01
1.000000E+00
1.000000E+00
1.000000E+00
0.000000E+00
1.000000E+00
1.000000E+00
8.183609E-01
1.000000E+00
1.000000E+00
8.703404E-01
8.181608E-01
1.000000E+00
8.706667E-01
8.490004E-01
1.000000E+00
9.346169E-01
1.000000E+00
1.000000E+00
1.000000E+00
1.000000E+00
8.487743E-01
1.000000E+00
1.000000E+00
1.000000E+00
8.481034E-01
9.090460E-01
1.000000E+00
1.000000E+00
8.703057E-01
7.715618E-01
8.990746E-01
1.000000E+00
8.855535E-01
1.000000E+00
1.000000E+00
8.484319E-01
9.095369E-01
1.000000E+00
1.000000E+00
9.083301E-01
8.699041E-01
8.474604E-01
1.000000E+00
7.705839E-01
8.163652E-01
1.000000E+00
1.000000E+00
9.096599E-01
1.000000E+00
1.000000E+00
8.181317E-01
1.000000E+00
1.000000E+00
8.472594E-01
8.688838E-01
8.173549E-01
8.867614E-01
8.704291E-01
8.484319E-01
8.709471E-01
1.000000E+00
1.000000E+00
1.000000E+00
6.147749E-01
1.000000E+00
7.705839E-01
7.238381E-01
1.000000E+00
1.000000E+00
8.484319E-01
1.000000E+00
1.000000E+00
1.000000E+00
8.983864E-01
9.350747E-01
8.171504E-01
1.000000E+00
9.247129E-01
8.871602E-01
7.705839E-01
1.000000E+00
1.000000E+00
8.700077E-01
1.000000E+00
1.000000E+00
8.481046E-01
8.995309E-01
8.692171E-01
1.000000E+00
0.000000E+00
8.872283E-01
1.000000E+00
7.705839E-01
1.000000E+00
1.000000E+00
1.000000E+00
9.301144E-01
1.000000E+00
1.000000E+00
7.705839E-01
1.000000E+00
8.179289E-01
7.560718E-01
7.705839E-01
7.705839E-01
1.000000E+00
6.775863E-01
8.704016E-01
8.860174E-01
1.000000E+00
1.000000E+00
9.238450E-01
8.480026E-01
1.000000E+00
1.000000E+00
1.000000E+00
8.177713E-01
1.000000E+00
9.234483E-01
8.699086E-01
8.709242E-01
9.180591E-01
1.000000E+00
1.000000E+00
9.170702E-01
8.868308E-01
8.702203E-01
1.000000E+00
8.184651E-01
8.483765E-01
1.000000E+00
1.000000E+00
9.181600E-01
1.000000E+00
1.000000E+00
8.495828E-01
1.000000E+00
1.000000E+00
8.700748E-01
8.860595E-01
8.490518E-01
8.998057E-01
8.872283E-01
8.709242E-01
8.876209E-01
1.000000E+00
1.000000E+00
1.000000E+00
8.709888E-01
1.000000E+00
8.184651E-01
8.998662E-01
1.000000E+00
1.000000E+00
8.709242E-01
1.000000E+00
1.000000E+00
1.000000E+00
9.090156E-01
9.395844E-01
8.489122E-01
1.000000E+00
9.307104E-01
9.001180E-01
8.184651E-01
1.000000E+00
1.000000E+00
8.869092E-01
1.000000E+00
1.000000E+00
8.706869E-01
9.099342E-01
8.863113E-01
1.000000E+00
8.872283E-01
0.000000E+00
1.000000E+00
8.184651E-01
1.000000E+00
1.000000E+00
1.000000E+00
9.353118E-01
1.000000E+00
1.000000E+00
8.184651E-01
1.000000E+00
8.494441E-01
9.091342E-01
8.184651E-01
8.184651E-01
1.000000E+00
8.873982E-01
8.872075E-01
8.992236E-01
1.000000E+00
1.000000E+00
9.299759E-01
8.706130E-01
1.000000E+00
1.000000E+00
1.000000E+00
8.493364E-01
1.000000E+00
9.296407E-01
8.868342E-01
1.000000E+00
1.000000E+00
6.900703E-01
9.068275E-01
1.000000E+00
1.000000E+00
1.000000E+00
8.988569E-01
1.000000E+00
1.000000E+00
8.852836E-01
9.303182E-01
1.000000E+00
1.000000E+00
7.715618E-01
1.000000E+00
8.986828E-01
8.856751E-01
1.000000E+00
1.000000E+00
1.000000E+00
1.000000E+00
1.000000E+00
1.000000E+00
1.000000E+00
6.922775E-01
6.904388E-01
6.918318E-01
1.000000E+00
9.091341E-01
1.000000E+00
1.000000E+00
7.718777E-01
6.922775E-01
1.000000E+00
6.902462E-01
8.683225E-01
8.841672E-01
1.000000E+00
1.000000E+00
1.000000E+00
8.156299E-01
1.000000E+00
1.000000E+00
1.000000E+00
8.697475E-01
8.839363E-01
1.000000E+00
6.928503E-01
6.902462E-01
1.000000E+00
1.000000E+00
1.000000E+00
8.183609E-01
1.000000E+00
1.000000E+00
0.000000E+00
1.000000E+00
1.000000E+00
8.169444E-01
6.922775E-01
1.000000E+00
8.175941E-01
7.713163E-01
1.000000E+00
9.233410E-01
1.000000E+00
1.000000E+00
1.000000E+00
1.000000E+00
7.707973E-01
1.000000E+00
1.000000E+00
1.000000E+00
7.692528E-01
8.856475E-01
1.000000E+00
1.000000E+00
8.168752E-01
5.300467E-01
8.694283E-01
1.000000E+00
8.458699E-01
1.000000E+00
1.000000E+00
6.912440E-01
8.700512E-01
1.000000E+00
1.000000E+00
8.675463E-01
7.689328E-01
6.871857E-01
1.000000E+00
0.000000E+00
5.207745E-01
1.000000E+00
1.000000E+00
8.703048E-01
1.000000E+00
1.000000E+00
5.326211E-01
1.000000E+00
1.000000E+00
6.863389E-01
7.656943E-01
5.274566E-01
8.172522E-01
7.705839E-01
6.912440E-01
7.722027E-01
1.000000E+00
1.000000E+00
1.000000E+00
6.916135E-01
1.000000E+00
0.000000E+00
8.174534E-01
1.000000E+00
1.000000E+00
6.912440E-01
1.000000E+00
1.000000E+00
1.000000E+00
8.457340E-01
9.169672E-01
5.260853E-01
1.000000E+00
8.992300E-01
8.182886E-01
0.000000E+00
1.000000E+00
1.000000E+00
7.692593E-01
1.000000E+00
1.000000E+00
6.898829E-01
8.483565E-01
7.667565E-01
1.000000E+00
7.705839E-01
8.184651E-01
1.000000E+00
0.000000E+00
1.000000E+00
1.000000E+00
1.000000E+00
9.086775E-01
1.000000E+00
1.000000E+00
0.000000E+00
1.000000E+00
5.312797E-01
8.460746E-01
0.000000E+00
0.000000E+00
1.000000E+00
7.712859E-01
7.704976E-01
8.153067E-01
1.000000E+00
1.000000E+00
8.976691E-01
6.894573E-01
1.000000E+00
1.000000E+00
1.000000E+00
5.302339E-01
1.000000E+00
8.969516E-01
7.689470E-01
1.000000E+00
1.000000E+00
1.000000E+00
1.000000E+00
1.000000E+00
1.000000E+00
1.000000E+00
1.000000E+00
1.000000E+00
1.000000E+00
1.000000E+00
1.000000E+00
1.000000E+00
1.000000E+00
1.000000E+00
1.000000E+00
1.000000E+00
1.000000E+00
1.000000E+00
1.000000E+00
1.000000E+00
1.000000E+00
1.000000E+00
1.000000E+00
1.000000E+00
1.000000E+00
1.000000E+00
1.000000E+00
1.000000E+00
1.000000E+00
1.000000E+00
1.000000E+00
1.000000E+00
1.000000E+00
1.000000E+00
1.000000E+00
1.000000E+00
1.000000E+00
1.000000E+00
1.000000E+00
1.000000E+00
1.000000E+00
1.000000E+00
1.000000E+00
1.000000E+00
1.000000E+00
1.000000E+00
1.000000E+00
1.000000E+00
1.000000E+00
1.000000E+00
1.000000E+00
1.000000E+00
1.000000E+00
1.000000E+00
1.000000E+00
1.000000E+00
1.000000E+00
0.000000E+00
1.000000E+00
1.000000E+00
1.000000E+00
1.000000E+00
1.000000E+00
1.000000E+00
1.000000E+00
1.000000E+00
1.000000E+00
1.000000E+00
1.000000E+00
1.000000E+00
1.000000E+00
1.000000E+00
1.000000E+00
1.000000E+00
1.000000E+00
1.000000E+00
1.000000E+00
1.000000E+00
1.000000E+00
1.000000E+00
1.000000E+00
1.000000E+00
1.000000E+00
1.000000E+00
1.000000E+00
1.000000E+00
8.159605E-01
9.227194E-01
1.000000E+00
1.000000E+00
1.000000E+00
9.173148E-01
1.000000E+00
1.000000E+00
9.084604E-01
9.396064E-01
1.000000E+00
1.000000E+00
8.481312E-01
1.000000E+00
9.171985E-01
9.087098E-01
1.000000E+00
1.000000E+00
1.000000E+00
1.000000E+00
1.000000E+00
1.000000E+00
1.000000E+00
8.167411E-01
8.160905E-01
8.165831E-01
1.000000E+00
9.243130E-01
1.000000E+00
1.000000E+00
8.482709E-01
8.167411E-01
1.000000E+00
8.160226E-01
8.979737E-01
9.077509E-01
1.000000E+00
1.000000E+00
1.000000E+00
8.689547E-01
1.000000E+00
1.000000E+00
1.000000E+00
8.988312E-01
9.076045E-01
1.000000E+00
8.169444E-01
8.160226E-01
1.000000E+00
1.000000E+00
1.000000E+00
8.703404E-01
1.000000E+00
1.000000E+00
8.169444E-01
1.000000E+00
1.000000E+00
0.000000E+00
8.167411E-01
1.000000E+00
8.699502E-01
8.480227E-01
1.000000E+00
9.344343E-01
1.000000E+00
1.000000E+00
1.000000E+00
1.000000E+00
8.477937E-01
1.000000E+00
1.000000E+00
1.000000E+00
8.471141E-01
9.086922E-01
1.000000E+00
1.000000E+00
8.695851E-01
7.693169E-01
8.986388E-01
1.000000E+00
8.849928E-01
1.000000E+00
1.000000E+00
1.000000E+00
1.000000E+00
6.894870E-01
9.067748E-01
1.000000E+00
1.000000E+00
1.000000E+00
8.987948E-01
1.000000E+00
1.000000E+00
8.852038E-01
9.302888E-01
1.000000E+00
1.000000E+00
7.712451E-01
1.000000E+00
8.986206E-01
8.855959E-01
1.000000E+00
1.000000E+00
1.000000E+00
1.000000E+00
1.000000E+00
1.000000E+00
1.000000E+00
6.917026E-01
6.898569E-01
6.912551E-01
1.000000E+00
9.090840E-01
1.000000E+00
1.000000E+00
7.715618E-01
6.917026E-01
1.000000E+00
6.896637E-01
8.682174E-01
8.840858E-01
1.000000E+00
1.000000E+00
1.000000E+00
8.154236E-01
1.000000E+00
1.000000E+00
1.000000E+00
8.696446E-01
8.838546E-01
1.000000E+00
6.922775E-01
6.896637E-01
1.000000E+00
1.000000E+00
1.000000E+00
8.181608E-01
1.000000E+00
1.000000E+00
6.922775E-01
1.000000E+00
1.000000E+00
8.167411E-01
0.000000E+00
1.000000E+00
8.173923E-01
7.709989E-01
1.000000E+00
9.233054E-01
1.000000E+00
1.000000E+00
1.000000E+00
1.000000E+00
7.704785E-01
1.000000E+00
1.000000E+00
1.000000E+00
7.689296E-01
8.855681E-01
1.000000E+00
1.000000E+00
8.166718E-01
5.287044E-01
8.693249E-01
1.000000E+00
8.457258E-01
1.000000E+00
1.000000E+00
9.241793E-01
9.433284E-01
1.000000E+00
1.000000E+00
9.428572E-01
9.299619E-01
9.239369E-01
1.000000E+00
9.086775E-01
9.169221E-01
1.000000E+00
1.000000E+00
9.433767E-01
1.000000E+00
1.000000E+00
9.172856E-01
1.000000E+00
1.000000E+00
9.238870E-01
9.296672E-01
9.171253E-01
9.351585E-01
9.301144E-01
9.241793E-01
9.302653E-01
1.000000E+00
1.000000E+00
1.000000E+00
9.242016E-01
1.000000E+00
9.086775E-01
9.351838E-01
1.000000E+00
1.000000E+00
9.241793E-01
1.000000E+00
1.000000E+00
1.000000E+00
9.391450E-01
9.545323E-01
9.170832E-01
1.000000E+00
9.496825E-01
9.352895E-01
9.086775E-01
1.000000E+00
1.000000E+00
9.299919E-01
1.000000E+00
1.000000E+00
9.240974E-01
8.649636E-01
9.297633E-01
1.000000E+00
9.301144E-01
9.353118E-01
1.000000E+00
9.086775E-01
1.000000E+00
1.000000E+00
1.000000E+00
0.000000E+00
1.000000E+00
1.000000E+00
9.086775E-01
1.000000E+00
9.172437E-01
9.391981E-01
9.086775E-01
9.086775E-01
1.000000E+00
9.301796E-01
9.301064E-01
9.349152E-01
1.000000E+00
1.000000E+00
9.492963E-01
9.240720E-01
1.000000E+00
1.000000E+00
1.000000E+00
9.172111E-01
1.000000E+00
9.491207E-01
9.299632E-01
1.000000E+00
1.000000E+00
5.180363E-01
9.228354E-01
1.000000E+00
8.542684E-01
8.288587E-01
9.174476E-01
1.000000E+00
1.000000E+00
9.086231E-01
9.396772E-01
1.000000E+00
1.000000E+00
8.485787E-01
1.000000E+00
9.173317E-01
9.088717E-01
8.286306E-01
1.000000E+00
1.000000E+00
1.000000E+00
1.000000E+00
8.299602E-01
1.000000E+00
8.173923E-01
8.167463E-01
8.172354E-01
1.000000E+00
9.244243E-01
1.000000E+00
1.000000E+00
8.487175E-01
8.173923E-01
1.000000E+00
8.166789E-01
8.981758E-01
9.079162E-01
8.864002E-01
1.000000E+00
7.944159E-01
8.692880E-01
1.000000E+00
1.000000E+00
1.000000E+00
8.990300E-01
9.077703E-01
1.000000E+00
8.175941E-01
8.166789E-01
1.000000E+00
1.000000E+00
1.000000E+00
8.706667E-01
1.000000E+00
1.000000E+00
8.175941E-01
1.000000E+00
1.000000E+00
8.699502E-01
8.173923E-01
1.000000E+00
0.000000E+00
8.484708E-01
1.000000E+00
9.345178E-01
1.000000E+00
1.000000E+00
1.000000E+00
1.000000E+00
8.482431E-01
1.000000E+00
1.000000E+00
1.000000E+00
6.157426E-01
7.874285E-01
1.000000E+00
1.000000E+00
8.699152E-01
7.703477E-01
8.988383E-01
1.000000E+00
8.852496E-01
1.000000E+00
8.542735E-01
1.000000E+00
1.000000E+00
7.697787E-01
9.156110E-01
1.000000E+00
1.000000E+00
1.000000E+00
9.091247E-01
1.000000E+00
1.000000E+00
8.983147E-01
9.353507E-01
1.000000E+00
1.000000E+00
8.180052E-01
1.000000E+00
9.089842E-01
8.986224E-01
1.000000E+00
1.000000E+00
1.000000E+00
1.000000E+00
1.000000E+00
1.000000E+00
1.000000E+00
7.709989E-01
7.699821E-01
7.707521E-01
1.000000E+00
9.175077E-01
1.000000E+00
1.000000E+00
8.182057E-01
7.709989E-01
1.000000E+00
7.698759E-01
8.852082E-01
8.974384E-01
1.000000E+00
1.000000E+00
1.000000E+00
8.471177E-01
1.000000E+00
1.000000E+00
1.000000E+00
8.862926E-01
8.972575E-01
1.000000E+00
7.713163E-01
7.698759E-01
1.000000E+00
1.000000E+00
1.000000E+00
8.490004E-01
1.000000E+00
1.000000E+00
7.713163E-01
1.000000E+00
1.000000E+00
8.480227E-01
7.709989E-01
1.000000E+00
8.484708E-01
0.000000E+00
1.000000E+00
9.293880E-01
1.000000E+00
1.000000E+00
1.000000E+00
1.000000E+00
8.175203E-01
1.000000E+00
1.000000E+00
1.000000E+00
8.165426E-01
8.986006E-01
1.000000E+00
1.000000E+00
8.479750E-01
6.918318E-01
8.860494E-01
1.000000E+00
8.685099E-01
1.000000E+00
1.000000E+00
6.912440E-01
8.700512E-01
1.000000E+00
1.000000E+00
8.675463E-01
7.689328E-01
6.871857E-01
1.000000E+00
0.000000E+00
5.207745E-01
1.000000E+00
1.000000E+00
8.703048E-01
1.000000E+00
1.000000E+00
5.326211E-01
1.000000E+00
1.000000E+00
6.863389E-01
7.656943E-01
5.274566E-01
8.172522E-01
7.705839E-01
6.912440E-01
7.722027E-01
1.000000E+00
1.000000E+00
1.000000E+00
6.916135E-01
1.000000E+00
0.000000E+00
8.174534E-01
1.000000E+00
1.000000E+00
6.912440E-01
1.000000E+00
1.000000E+00
1.000000E+00
8.457340E-01
9.169672E-01
5.260853E-01
1.000000E+00
8.992300E-01
8.182886E-01
0.000000E+00
1.000000E+00
1.000000E+00
7.692593E-01
1.000000E+00
1.000000E+00
6.898829E-01
8.483565E-01
7.667565E-01
1.000000E+00
7.705839E-01
8.184651E-01
1.000000E+00
0.000000E+00
1.000000E+00
1.000000E+00
1.000000E+00
9.086775E-01
1.000000E+00
1.000000E+00
0.000000E+00
1.000000E+00
5.312797E-01
8.460746E-01
0.000000E+00
0.000000E+00
1.000000E+00
7.712859E-01
7.704976E-01
8.153067E-01
1.000000E+00
1.000000E+00
8.976691E-01
6.894573E-01
1.000000E+00
1.000000E+00
1.000000E+00
5.302339E-01
1.000000E+00
8.969516E-01
7.689470E-01
1.000000E+00
8.742481E-01
9.231690E-01
8.289020E-01
9.428968E-01
1.000000E+00
1.000000E+00
8.878514E-01
1.000000E+00
1.000000E+00
9.459641E-01
9.585750E-01
1.000000E+00
1.000000E+00
9.294114E-01
1.000000E+00
8.870287E-01
9.460511E-01
1.000000E+00
1.000000E+00
1.000000E+00
9.324339E-01
1.000000E+00
1.000000E+00
1.000000E+00
9.233054E-01
9.231917E-01
9.232778E-01
1.000000E+00
8.935397E-01
1.000000E+00
1.000000E+00
9.294416E-01
9.233054E-01
1.000000E+00
9.231799E-01
9.424737E-01
8.068323E-01
1.000000E+00
9.540408E-01
1.000000E+00
9.342664E-01
1.000000E+00
1.000000E+00
1.000000E+00
9.427474E-01
9.456670E-01
1.000000E+00
9.233410E-01
9.231799E-01
1.000000E+00
1.000000E+00
1.000000E+00
9.346169E-01
1.000000E+00
1.000000E+00
9.233410E-01
1.000000E+00
1.000000E+00
9.344343E-01
9.233054E-01
1.000000E+00
9.345178E-01
9.293880E-01
1.000000E+00
0.000000E+00
1.000000E+00
1.000000E+00
1.000000E+00
1.000000E+00
9.293386E-01
1.000000E+00
1.000000E+00
1.000000E+00
9.291925E-01
9.460449E-01
8.232265E-01
1.000000E+00
9.344254E-01
9.160857E-01
8.717497E-01
1.000000E+00
9.385639E-01
1.000000E+00
1.000000E+00
7.712859E-01
8.867344E-01
1.000000E+00
1.000000E+00
8.848361E-01
8.168905E-01
7.690666E-01
1.000000E+00
5.312797E-01
6.894573E-01
1.000000E+00
1.000000E+00
8.869271E-01
1.000000E+00
1.000000E+00
6.944755E-01
1.000000E+00
1.000000E+00
7.686054E-01
8.148627E-01
6.922770E-01
8.486108E-01
8.179289E-01
7.712859E-01
8.189500E-01
1.000000E+00
1.000000E+00
1.000000E+00
7.714888E-01
1.000000E+00
5.312797E-01
8.487489E-01
1.000000E+00
1.000000E+00
7.712859E-01
1.000000E+00
1.000000E+00
1.000000E+00
8.686937E-01
9.241096E-01
6.916961E-01
1.000000E+00
9.095600E-01
8.493227E-01
5.312797E-01
1.000000E+00
1.000000E+00
8.170956E-01
1.000000E+00
1.000000E+00
7.705399E-01
8.705984E-01
8.155265E-01
1.000000E+00
8.179289E-01
8.494441E-01
1.000000E+00
5.312797E-01
1.000000E+00
1.000000E+00
1.000000E+00
9.172437E-01
1.000000E+00
1.000000E+00
5.312797E-01
1.000000E+00
0.000000E+00
8.689405E-01
5.312797E-01
5.312797E-01
1.000000E+00
8.183714E-01
8.178746E-01
8.472781E-01
1.000000E+00
1.000000E+00
9.083047E-01
7.703070E-01
1.000000E+00
1.000000E+00
1.000000E+00
6.934572E-01
1.000000E+00
9.077290E-01
8.168994E-01
8.855240E-01
8.284561E-01
1.000000E+00
1.000000E+00
9.233509E-01
7.624066E-01
8.849707E-01
1.000000E+00
8.460746E-01
8.681322E-01
1.000000E+00
1.000000E+00
9.242828E-01
1.000000E+00
1.000000E+00
8.690456E-01
1.000000E+00
1.000000E+00
7.268120E-01
8.975891E-01
8.686434E-01
9.088313E-01
8.985343E-01
8.855240E-01
8.988522E-01
1.000000E+00
1.000000E+00
1.000000E+00
8.855749E-01
1.000000E+00
8.460746E-01
7.837984E-01
1.000000E+00
1.000000E+00
8.855240E-01
1.000000E+00
1.000000E+00
1.000000E+00
9.165203E-01
9.429877E-01
8.685376E-01
1.000000E+00
7.620301E-01
9.090900E-01
8.460746E-01
1.000000E+00
1.000000E+00
7.625729E-01
1.000000E+00
1.000000E+00
8.853374E-01
9.172943E-01
8.977925E-01
1.000000E+00
7.560718E-01
9.091342E-01
1.000000E+00
8.460746E-01
1.000000E+00
1.000000E+00
1.000000E+00
9.391981E-01
1.000000E+00
1.000000E+00
8.460746E-01
1.000000E+00
8.689405E-01
0.000000E+00
8.460746E-01
8.460746E-01
1.000000E+00
7.564453E-01
7.632055E-01
9.083497E-01
1.000000E+00
1.000000E+00
9.345073E-01
8.852793E-01
1.000000E+00
1.000000E+00
1.000000E+00
8.688589E-01
1.000000E+00
9.342141E-01
8.982154E-01
6.912440E-01
8.700512E-01
1.000000E+00
1.000000E+00
8.675463E-01
7.689328E-01
6.871857E-01
1.000000E+00
0.000000E+00
5.207745E-01
1.000000E+00
1.000000E+00
8.703048E-01
1.000000E+00
1.000000E+00
5.326211E-01
1.000000E+00
1.000000E+00
6.863389E-01
7.656943E-01
5.274566E-01
8.172522E-01
7.705839E-01
6.912440E-01
7.722027E-01
1.000000E+00
1.000000E+00
1.000000E+00
6.916135E-01
1.000000E+00
0.000000E+00
8.174534E-01
1.000000E+00
1.000000E+00
6.912440E-01
1.000000E+00
1.000000E+00
1.000000E+00
8.457340E-01
9.169672E-01
5.260853E-01
1.000000E+00
8.992300E-01
8.182886E-01
0.000000E+00
1.000000E+00
1.000000E+00
7.692593E-01
1.000000E+00
1.000000E+00
6.898829E-01
8.483565E-01
7.667565E-01
1.000000E+00
7.705839E-01
8.184651E-01
1.000000E+00
0.000000E+00
1.000000E+00
1.000000E+00
1.000000E+00
9.086775E-01
1.000000E+00
1.000000E+00
0.000000E+00
1.000000E+00
5.312797E-01
8.460746E-01
0.000000E+00
0.000000E+00
1.000000E+00
7.712859E-01
7.704976E-01
8.153067E-01
1.000000E+00
1.000000E+00
8.976691E-01
6.894573E-01
1.000000E+00
1.000000E+00
1.000000E+00
5.302339E-01
1.000000E+00
8.969516E-01
7.689470E-01
6.912440E-01
8.700512E-01
1.000000E+00
1.000000E+00
8.675463E-01
7.689328E-01
6.871857E-01
1.000000E+00
0.000000E+00
5.207745E-01
1.000000E+00
1.000000E+00
8.703048E-01
1.000000E+00
1.000000E+00
5.326211E-01
1.000000E+00
1.000000E+00
6.863389E-01
7.656943E-01
5.274566E-01
8.172522E-01
7.705839E-01
6.912440E-01
7.722027E-01
1.000000E+00
1.000000E+00
1.000000E+00
6.916135E-01
1.000000E+00
0.000000E+00
8.174534E-01
1.000000E+00
1.000000E+00
6.912440E-01
1.000000E+00
1.000000E+00
1.000000E+00
8.457340E-01
9.169672E-01
5.260853E-01
1.000000E+00
8.992300E-01
8.182886E-01
0.000000E+00
1.000000E+00
1.000000E+00
7.692593E-01
1.000000E+00
1.000000E+00
6.898829E-01
8.483565E-01
7.667565E-01
1.000000E+00
7.705839E-01
8.184651E-01
1.000000E+00
0.000000E+00
1.000000E+00
1.000000E+00
1.000000E+00
9.086775E-01
1.000000E+00
1.000000E+00
0.000000E+00
1.000000E+00
5.312797E-01
8.460746E-01
0.000000E+00
0.000000E+00
1.000000E+00
7.712859E-01
7.704976E-01
8.153067E-01
1.000000E+00
1.000000E+00
8.976691E-01
6.894573E-01
1.000000E+00
1.000000E+00
1.000000E+00
5.302339E-01
1.000000E+00
8.969516E-01
7.689470E-01
1.000000E+00
1.000000E+00
7.692528E-01
9.155404E-01
1.000000E+00
1.000000E+00
1.000000E+00
9.090429E-01
1.000000E+00
1.000000E+00
8.982122E-01
9.353093E-01
1.000000E+00
1.000000E+00
8.176766E-01
1.000000E+00
9.089021E-01
8.985206E-01
1.000000E+00
1.000000E+00
1.000000E+00
1.000000E+00
1.000000E+00
1.000000E+00
1.000000E+00
7.704785E-01
7.694571E-01
7.702306E-01
1.000000E+00
9.174402E-01
1.000000E+00
1.000000E+00
8.178779E-01
7.704785E-01
1.000000E+00
7.693503E-01
8.850776E-01
8.973342E-01
1.000000E+00
1.000000E+00
1.000000E+00
8.468860E-01
1.000000E+00
1.000000E+00
1.000000E+00
8.861645E-01
8.971528E-01
1.000000E+00
7.707973E-01
7.693503E-01
1.000000E+00
1.000000E+00
1.000000E+00
8.487743E-01
1.000000E+00
1.000000E+00
7.707973E-01
1.000000E+00
1.000000E+00
8.477937E-01
7.704785E-01
1.000000E+00
8.482431E-01
8.175203E-01
1.000000E+00
9.293386E-01
1.000000E+00
1.000000E+00
1.000000E+00
1.000000E+00
0.000000E+00
1.000000E+00
1.000000E+00
1.000000E+00
8.162087E-01
8.984987E-01
1.000000E+00
1.000000E+00
8.477459E-01
6.908886E-01
8.859207E-01
1.000000E+00
8.683385E-01
1.000000E+00
1.000000E+00
8.487387E-01
9.096463E-01
1.000000E+00
1.000000E+00
9.084424E-01
8.701302E-01
8.477711E-01
1.000000E+00
7.712859E-01
8.168153E-01
1.000000E+00
1.000000E+00
9.097689E-01
1.000000E+00
1.000000E+00
8.185732E-01
1.000000E+00
1.000000E+00
8.475709E-01
8.691134E-01
8.178002E-01
8.869327E-01
8.706534E-01
8.487387E-01
8.711695E-01
1.000000E+00
1.000000E+00
1.000000E+00
8.488274E-01
1.000000E+00
7.712859E-01
5.034484E-01
1.000000E+00
1.000000E+00
8.487387E-01
1.000000E+00
1.000000E+00
1.000000E+00
8.985244E-01
9.351311E-01
8.175967E-01
1.000000E+00
9.247886E-01
8.873303E-01
7.712859E-01
1.000000E+00
1.000000E+00
8.702334E-01
1.000000E+00
1.000000E+00
8.484127E-01
8.996657E-01
8.694455E-01
1.000000E+00
6.775863E-01
8.873982E-01
1.000000E+00
7.712859E-01
1.000000E+00
1.000000E+00
1.000000E+00
9.301796E-01
1.000000E+00
1.000000E+00
7.712859E-01
1.000000E+00
8.183714E-01
7.564453E-01
7.712859E-01
7.712859E-01
1.000000E+00
0.000000E+00
8.706259E-01
8.861910E-01
1.000000E+00
1.000000E+00
9.239225E-01
8.483111E-01
1.000000E+00
1.000000E+00
1.000000E+00
8.182146E-01
1.000000E+00
9.235266E-01
8.701346E-01
8.483943E-01
7.916622E-01
1.000000E+00
1.000000E+00
9.083163E-01
6.854712E-01
8.474223E-01
1.000000E+00
7.704976E-01
8.163100E-01
1.000000E+00
1.000000E+00
9.096465E-01
1.000000E+00
1.000000E+00
8.180775E-01
1.000000E+00
1.000000E+00
6.199119E-01
8.688556E-01
8.173002E-01
8.867404E-01
8.704016E-01
8.483943E-01
8.709198E-01
1.000000E+00
1.000000E+00
1.000000E+00
8.484834E-01
1.000000E+00
7.704976E-01
8.868178E-01
1.000000E+00
1.000000E+00
8.483943E-01
1.000000E+00
1.000000E+00
1.000000E+00
8.983695E-01
9.350678E-01
8.170956E-01
1.000000E+00
9.247036E-01
8.871394E-01
7.704976E-01
1.000000E+00
1.000000E+00
6.857624E-01
1.000000E+00
1.000000E+00
8.480668E-01
8.995143E-01
8.691890E-01
1.000000E+00
8.704016E-01
8.872075E-01
1.000000E+00
7.704976E-01
1.000000E+00
1.000000E+00
1.000000E+00
9.301064E-01
1.000000E+00
1.000000E+00
7.704976E-01
1.000000E+00
8.178746E-01
7.632055E-01
7.704976E-01
7.704976E-01
1.000000E+00
8.706259E-01
0.000000E+00
8.859962E-01
1.000000E+00
1.000000E+00
9.238355E-01
8.479648E-01
1.000000E+00
1.000000E+00
1.000000E+00
8.177169E-01
1.000000E+00
9.234387E-01
8.698809E-01
8.693354E-01
9.174217E-01
1.000000E+00
9.253119E-01
9.164172E-01
8.856114E-01
8.686141E-01
1.000000E+00
8.153067E-01
8.461794E-01
9.059318E-01
1.000000E+00
9.175242E-01
1.000000E+00
1.000000E+00
8.474208E-01
1.000000E+00
1.000000E+00
8.684649E-01
8.848233E-01
8.468744E-01
8.988510E-01
8.860174E-01
8.693354E-01
8.864185E-01
1.000000E+00
1.000000E+00
1.000000E+00
8.694017E-01
1.000000E+00
8.153067E-01
8.989127E-01
1.000000E+00
1.000000E+00
8.693354E-01
1.000000E+00
1.000000E+00
1.000000E+00
9.082290E-01
8.603238E-01
8.467307E-01
1.000000E+00
9.302551E-01
8.991693E-01
8.153067E-01
1.000000E+00
1.000000E+00
8.856914E-01
1.000000E+00
1.000000E+00
8.690923E-01
9.091635E-01
8.850805E-01
1.000000E+00
8.860174E-01
8.992236E-01
1.000000E+00
8.153067E-01
1.000000E+00
1.000000E+00
1.000000E+00
9.349152E-01
1.000000E+00
1.000000E+00
8.153067E-01
1.000000E+00
8.472781E-01
9.083497E-01
8.153067E-01
8.153067E-01
1.000000E+00
8.861910E-01
8.859962E-01
0.000000E+00
1.000000E+00
1.000000E+00
8.438823E-01
8.690165E-01
1.000000E+00
1.000000E+00
1.000000E+00
8.471672E-01
1.000000E+00
9.291712E-01
8.856148E-01
1.000000E+00
1.000000E+00
3.453685E-01
9.153316E-01
1.000000E+00
8.280766E-01
7.915683E-01
9.088006E-01
1.000000E+00
1.000000E+00
8.979087E-01
9.351868E-01
1.000000E+00
1.000000E+00
8.167007E-01
1.000000E+00
9.086591E-01
8.982189E-01
7.912300E-01
1.000000E+00
1.000000E+00
1.000000E+00
1.000000E+00
7.931999E-01
1.000000E+00
7.689296E-01
7.678944E-01
7.686784E-01
1.000000E+00
9.172407E-01
1.000000E+00
1.000000E+00
8.169041E-01
7.689296E-01
1.000000E+00
7.677862E-01
8.846906E-01
8.970254E-01
8.710916E-01
1.000000E+00
7.381377E-01
8.461983E-01
1.000000E+00
1.000000E+00
1.000000E+00
8.857848E-01
8.968430E-01
1.000000E+00
7.692528E-01
7.677862E-01
1.000000E+00
1.000000E+00
1.000000E+00
8.481034E-01
1.000000E+00
1.000000E+00
7.692528E-01
1.000000E+00
1.000000E+00
8.471141E-01
7.689296E-01
1.000000E+00
6.157426E-01
8.165426E-01
1.000000E+00
9.291925E-01
1.000000E+00
1.000000E+00
1.000000E+00
1.000000E+00
8.162087E-01
1.000000E+00
1.000000E+00
1.000000E+00
0.000000E+00
7.594437E-01
1.000000E+00
1.000000E+00
8.470659E-01
6.880727E-01
8.855394E-01
1.000000E+00
8.678303E-01
1.000000E+00
8.280836E-01
1.000000E+00
1.000000E+00
7.244765E-01
9.383550E-01
1.000000E+00
8.982865E-01
8.865278E-01
9.349641E-01
1.000000E+00
1.000000E+00
9.296087E-01
9.495970E-01
1.000000E+00
1.000000E+00
8.986490E-01
1.000000E+00
9.348922E-01
9.297563E-01
8.864276E-01
1.000000E+00
1.000000E+00
1.000000E+00
1.000000E+00
8.870130E-01
1.000000E+00
8.855681E-01
8.853148E-01
8.855066E-01
1.000000E+00
9.393733E-01
1.000000E+00
1.000000E+00
8.987112E-01
8.855681E-01
1.000000E+00
8.852884E-01
9.235676E-01
9.291899E-01
9.150558E-01
1.000000E+00
8.723479E-01
9.083663E-01
1.000000E+00
1.000000E+00
1.000000E+00
9.240499E-01
9.291037E-01
1.000000E+00
8.856475E-01
8.852884E-01
1.000000E+00
1.000000E+00
1.000000E+00
9.090460E-01
1.000000E+00
1.000000E+00
8.856475E-01
1.000000E+00
1.000000E+00
9.086922E-01
8.855681E-01
1.000000E+00
7.874285E-01
8.986006E-01
1.000000E+00
9.460449E-01
1.000000E+00
1.000000E+00
1.000000E+00
1.000000E+00
8.984987E-01
1.000000E+00
1.000000E+00
1.000000E+00
7.594437E-01
0.000000E+00
1.000000E+00
1.000000E+00
9.086750E-01
8.687150E-01
9.239415E-01
1.000000E+00
9.165078E-01
1.000000E+00
8.982889E-01
9.167431E-01
8.627283E-01
1.000000E+00
7.136165E-01
8.651543E-01
9.236639E-01
9.164508E-01
1.000000E+00
8.976691E-01
9.079098E-01
9.314582E-01
9.504161E-01
9.393300E-01
1.000000E+00
1.000000E+00
9.083562E-01
8.640199E-01
1.000000E+00
9.163905E-01
9.233137E-01
9.081593E-01
8.394942E-01
9.238450E-01
9.167431E-01
9.240242E-01
1.000000E+00
1.000000E+00
1.000000E+00
9.167700E-01
8.729198E-01
8.976691E-01
9.298259E-01
1.000000E+00
1.000000E+00
9.167431E-01
1.000000E+00
1.000000E+00
7.665017E-01
9.344457E-01
8.958236E-01
9.081077E-01
1.000000E+00
9.465121E-01
9.299497E-01
8.976691E-01
1.000000E+00
1.000000E+00
9.236996E-01
1.000000E+00
1.000000E+00
9.166445E-01
9.349239E-01
9.234279E-01
1.000000E+00
9.238450E-01
9.299759E-01
1.000000E+00
8.976691E-01
1.000000E+00
1.000000E+00
1.000000E+00
9.492963E-01
1.000000E+00
1.000000E+00
8.976691E-01
8.232265E-01
9.083047E-01
9.345073E-01
8.976691E-01
8.976691E-01
1.000000E+00
9.239225E-01
9.238355E-01
8.438823E-01
1.000000E+00
1.000000E+00
0.000000E+00
9.166137E-01
1.000000E+00
1.000000E+00
7.456180E-01
9.082647E-01
1.000000E+00
9.458769E-01
9.236654E-01
8.168153E-01
8.991479E-01
1.000000E+00
1.000000E+00
8.976456E-01
8.472796E-01
8.153944E-01
1.000000E+00
6.894573E-01
7.678128E-01
1.000000E+00
1.000000E+00
8.993007E-01
1.000000E+00
1.000000E+00
7.706296E-01
1.000000E+00
1.000000E+00
8.150998E-01
8.458716E-01
7.693927E-01
8.699980E-01
8.480026E-01
8.168153E-01
8.487149E-01
1.000000E+00
1.000000E+00
1.000000E+00
8.169455E-01
1.000000E+00
6.894573E-01
8.700999E-01
1.000000E+00
1.000000E+00
8.168153E-01
1.000000E+00
1.000000E+00
1.000000E+00
8.850902E-01
9.298915E-01
7.690666E-01
1.000000E+00
9.176532E-01
8.705234E-01
6.894573E-01
1.000000E+00
1.000000E+00
8.474223E-01
1.000000E+00
1.000000E+00
8.163371E-01
8.865516E-01
8.463320E-01
1.000000E+00
8.480026E-01
8.706130E-01
1.000000E+00
6.894573E-01
1.000000E+00
1.000000E+00
1.000000E+00
9.240720E-01
1.000000E+00
1.000000E+00
6.894573E-01
1.000000E+00
7.703070E-01
8.852793E-01
6.894573E-01
6.894573E-01
1.000000E+00
8.483111E-01
8.479648E-01
8.690165E-01
1.000000E+00
1.000000E+00
9.166137E-01
0.000000E+00
1.000000E+00
1.000000E+00
1.000000E+00
7.700561E-01
1.000000E+00
9.161379E-01
8.472858E-01
1.000000E+00
1.000000E+00
8.158906E-01
9.227071E-01
1.000000E+00
1.000000E+00
1.000000E+00
9.173007E-01
1.000000E+00
1.000000E+00
9.084431E-01
9.395988E-01
1.000000E+00
1.000000E+00
8.480836E-01
1.000000E+00
9.171843E-01
9.086926E-01
1.000000E+00
1.000000E+00
1.000000E+00
1.000000E+00
1.000000E+00
1.000000E+00
1.000000E+00
8.166718E-01
8.160207E-01
8.165136E-01
1.000000E+00
9.243012E-01
1.000000E+00
1.000000E+00
8.482233E-01
8.166718E-01
1.000000E+00
8.159527E-01
8.979522E-01
9.077333E-01
1.000000E+00
1.000000E+00
1.000000E+00
8.689193E-01
1.000000E+00
1.000000E+00
1.000000E+00
8.988101E-01
9.075869E-01
1.000000E+00
8.168752E-01
8.159527E-01
1.000000E+00
1.000000E+00
1.000000E+00
8.703057E-01
1.000000E+00
1.000000E+00
8.168752E-01
1.000000E+00
1.000000E+00
8.695851E-01
8.166718E-01
1.000000E+00
8.699152E-01
8.479750E-01
1.000000E+00
9.344254E-01
1.000000E+00
1.000000E+00
1.000000E+00
1.000000E+00
8.477459E-01
1.000000E+00
1.000000E+00
1.000000E+00
8.470659E-01
9.086750E-01
1.000000E+00
1.000000E+00
0.000000E+00
7.692070E-01
8.986176E-01
1.000000E+00
8.849655E-01
1.000000E+00
1.000000E+00
1.000000E+00
1.000000E+00
5.235071E-01
8.958866E-01
1.000000E+00
1.000000E+00
1.000000E+00
8.858331E-01
1.000000E+00
1.000000E+00
8.682352E-01
9.243747E-01
1.000000E+00
1.000000E+00
6.922775E-01
1.000000E+00
8.856113E-01
8.687515E-01
1.000000E+00
1.000000E+00
1.000000E+00
1.000000E+00
1.000000E+00
1.000000E+00
1.000000E+00
5.287044E-01
5.243775E-01
5.276579E-01
1.000000E+00
8.987583E-01
1.000000E+00
1.000000E+00
6.928503E-01
5.287044E-01
1.000000E+00
5.239229E-01
8.453555E-01
8.667601E-01
1.000000E+00
1.000000E+00
1.000000E+00
7.672254E-01
1.000000E+00
1.000000E+00
1.000000E+00
8.473171E-01
8.664545E-01
1.000000E+00
5.300467E-01
5.239229E-01
1.000000E+00
1.000000E+00
1.000000E+00
7.715618E-01
1.000000E+00
1.000000E+00
5.300467E-01
1.000000E+00
1.000000E+00
7.693169E-01
5.287044E-01
1.000000E+00
7.703477E-01
6.918318E-01
1.000000E+00
9.160857E-01
1.000000E+00
1.000000E+00
1.000000E+00
1.000000E+00
6.908886E-01
1.000000E+00
1.000000E+00
1.000000E+00
6.880727E-01
8.687150E-01
1.000000E+00
1.000000E+00
7.692070E-01
0.000000E+00
8.468783E-01
1.000000E+00
8.134382E-01
1.000000E+00
1.000000E+00
1.000000E+00
9.159399E-01
8.689285E-01
7.522177E-01
1.000000E+00
1.000000E+00
1.000000E+00
9.300203E-01
1.000000E+00
1.000000E+00
8.245868E-01
8.822117E-01
1.000000E+00
1.000000E+00
8.861104E-01
1.000000E+00
7.345040E-01
9.239537E-01
1.000000E+00
1.000000E+00
1.000000E+00
8.988913E-01
1.000000E+00
1.000000E+00
1.000000E+00
8.693249E-01
8.689944E-01
8.692445E-01
1.000000E+00
7.573305E-01
1.000000E+00
1.000000E+00
8.861890E-01
8.693249E-01
1.000000E+00
8.689599E-01
9.166472E-01
7.041875E-01
1.000000E+00
1.000000E+00
1.000000E+00
8.982370E-01
1.000000E+00
1.000000E+00
1.000000E+00
9.172204E-01
9.231882E-01
1.000000E+00
8.694283E-01
8.689599E-01
1.000000E+00
1.000000E+00
1.000000E+00
8.990746E-01
1.000000E+00
1.000000E+00
8.694283E-01
1.000000E+00
1.000000E+00
8.986388E-01
8.693249E-01
1.000000E+00
8.988383E-01
8.860494E-01
1.000000E+00
8.717497E-01
1.000000E+00
1.000000E+00
1.000000E+00
1.000000E+00
8.859207E-01
1.000000E+00
1.000000E+00
1.000000E+00
8.855394E-01
9.239415E-01
7.456180E-01
1.000000E+00
8.986176E-01
8.468783E-01
0.000000E+00
1.000000E+00
9.081803E-01
1.000000E+00
1.000000E+00
7.710372E-01
8.866735E-01
1.000000E+00
1.000000E+00
8.847731E-01
8.167312E-01
7.688130E-01
1.000000E+00
5.302339E-01
6.889986E-01
1.000000E+00
1.000000E+00
8.868664E-01
1.000000E+00
1.000000E+00
6.940315E-01
1.000000E+00
1.000000E+00
7.683508E-01
8.146998E-01
6.918266E-01
8.485019E-01
8.177713E-01
7.710372E-01
8.187942E-01
1.000000E+00
1.000000E+00
1.000000E+00
7.712405E-01
1.000000E+00
5.302339E-01
8.486402E-01
1.000000E+00
1.000000E+00
7.710372E-01
1.000000E+00
1.000000E+00
1.000000E+00
8.686117E-01
9.240823E-01
6.912440E-01
1.000000E+00
9.095212E-01
8.492148E-01
5.302339E-01
1.000000E+00
1.000000E+00
8.169366E-01
1.000000E+00
1.000000E+00
7.702896E-01
8.705189E-01
8.153648E-01
1.000000E+00
8.177713E-01
8.493364E-01
1.000000E+00
5.302339E-01
1.000000E+00
1.000000E+00
1.000000E+00
9.172111E-01
1.000000E+00
1.000000E+00
5.302339E-01
1.000000E+00
6.934572E-01
8.688589E-01
5.302339E-01
5.302339E-01
1.000000E+00
8.182146E-01
8.177169E-01
8.471672E-01
1.000000E+00
1.000000E+00
9.082647E-01
7.700561E-01
1.000000E+00
1.000000E+00
1.000000E+00
0.000000E+00
1.000000E+00
9.076886E-01
8.167400E-01
1.000000E+00
1.000000E+00
8.451730E-01
8.404170E-01
1.000000E+00
1.000000E+00
1.000000E+00
9.237762E-01
1.000000E+00
1.000000E+00
9.163140E-01
9.431276E-01
1.000000E+00
1.000000E+00
8.685911E-01
1.000000E+00
9.236774E-01
9.165226E-01
1.000000E+00
1.000000E+00
1.000000E+00
1.000000E+00
1.000000E+00
1.000000E+00
1.000000E+00
8.457258E-01
8.452650E-01
8.456138E-01
1.000000E+00
9.297630E-01
1.000000E+00
1.000000E+00
8.686957E-01
8.457258E-01
1.000000E+00
8.452169E-01
9.076349E-01
9.157214E-01
1.000000E+00
1.000000E+00
1.000000E+00
8.844753E-01
1.000000E+00
1.000000E+00
1.000000E+00
7.824665E-01
9.155993E-01
1.000000E+00
8.458699E-01
8.452169E-01
1.000000E+00
1.000000E+00
1.000000E+00
8.855535E-01
1.000000E+00
1.000000E+00
8.458699E-01
1.000000E+00
1.000000E+00
8.849928E-01
8.457258E-01
1.000000E+00
8.852496E-01
8.685099E-01
1.000000E+00
9.385639E-01
1.000000E+00
1.000000E+00
1.000000E+00
1.000000E+00
8.683385E-01
1.000000E+00
1.000000E+00
1.000000E+00
8.678303E-01
9.165078E-01
1.000000E+00
1.000000E+00
8.849655E-01
8.134382E-01
9.081803E-01
1.000000E+00
0.000000E+00
1.000000E+00
1.000000E+00
9.162688E-01
9.390226E-01
1.000000E+00
9.421483E-01
8.663631E-01
9.232653E-01
9.159732E-01
1.000000E+00
8.969516E-01
9.073291E-01
9.367160E-01
1.000000E+00
9.390785E-01
1.000000E+00
1.000000E+00
9.077811E-01
1.000000E+00
1.000000E+00
9.159122E-01
9.229115E-01
9.075818E-01
9.294592E-01
9.234483E-01
9.162688E-01
9.236294E-01
1.000000E+00
1.000000E+00
1.000000E+00
9.162960E-01
1.000000E+00
8.969516E-01
9.294892E-01
1.000000E+00
1.000000E+00
9.162688E-01
1.000000E+00
9.319938E-01
9.363855E-01
8.545514E-01
8.956263E-01
9.075295E-01
1.000000E+00
9.463167E-01
9.296142E-01
8.969516E-01
1.000000E+00
9.345145E-01
9.233014E-01
1.000000E+00
1.000000E+00
9.161690E-01
9.346345E-01
9.230268E-01
1.000000E+00
9.234483E-01
9.296407E-01
1.000000E+00
8.969516E-01
1.000000E+00
1.000000E+00
1.000000E+00
9.491207E-01
1.000000E+00
1.000000E+00
8.969516E-01
1.000000E+00
9.077290E-01
9.342141E-01
8.969516E-01
8.969516E-01
1.000000E+00
9.235266E-01
9.234387E-01
9.291712E-01
1.000000E+00
1.000000E+00
9.458769E-01
9.161379E-01
1.000000E+00
1.000000E+00
1.000000E+00
9.076886E-01
1.000000E+00
0.000000E+00
9.232669E-01
8.477191E-01
9.092835E-01
7.920568E-01
1.000000E+00
9.080698E-01
6.776367E-01
6.103053E-01
1.000000E+00
7.689470E-01
8.153179E-01
1.000000E+00
1.000000E+00
9.094071E-01
1.000000E+00
1.000000E+00
8.171045E-01
1.000000E+00
1.000000E+00
6.096831E-01
8.683507E-01
8.163189E-01
8.863641E-01
8.699086E-01
6.133060E-01
8.704307E-01
1.000000E+00
1.000000E+00
1.000000E+00
8.478091E-01
1.000000E+00
7.689470E-01
8.864419E-01
1.000000E+00
1.000000E+00
8.477191E-01
1.000000E+00
1.000000E+00
1.000000E+00
7.574682E-01
9.349443E-01
5.124586E-01
1.000000E+00
9.245374E-01
8.867657E-01
7.689470E-01
1.000000E+00
1.000000E+00
8.694837E-01
1.000000E+00
1.000000E+00
8.473888E-01
8.992182E-01
8.686867E-01
1.000000E+00
8.699086E-01
8.868342E-01
1.000000E+00
7.689470E-01
1.000000E+00
1.000000E+00
1.000000E+00
9.299632E-01
8.542735E-01
1.000000E+00
7.689470E-01
1.000000E+00
8.168994E-01
8.982154E-01
7.689470E-01
7.689470E-01
1.000000E+00
8.701346E-01
8.698809E-01
8.856148E-01
8.280836E-01
8.982889E-01
9.236654E-01
8.472858E-01
1.000000E+00
1.000000E+00
1.000000E+00
8.167400E-01
1.000000E+00
9.232669E-01
0.000000E+00
