8.661298E-01
8.967369E-01
9.017027E-01
9.159042E-01
1.000000E+00
8.269462E-01
1.000000E+00
9.154752E-01
9.074485E-01
1.000000E+00
1.000000E+00
8.833269E-01
1.000000E+00
8.665509E-01
9.223612E-01
9.072250E-01
1.000000E+00
1.000000E+00
8.662403E-01
1.000000E+00
8.835738E-01
1.000000E+00
8.969572E-01
0.000000E+00
8.145750E-01
1.000000E+00
8.684248E-01
1.000000E+00
8.837517E-01
1.000000E+00
8.673716E-01
8.464802E-01
1.000000E+00
1.000000E+00
7.663538E-01
1.000000E+00
6.877450E-01
8.835744E-01
8.458641E-01
1.000000E+00
1.000000E+00
6.860395E-01
1.000000E+00
7.673420E-01
1.000000E+00
8.152841E-01
8.145750E-01
0.000000E+00
1.000000E+00
8.981078E-01
1.000000E+00
9.075474E-01
1.000000E+00
8.974773E-01
8.854248E-01
1.000000E+00
1.000000E+00
8.460129E-01
1.000000E+00
8.153818E-01
9.074353E-01
8.850820E-01
1.000000E+00
1.000000E+00
8.147870E-01
1.000000E+00
6.146847E-01
1.000000E+00
8.689005E-01
1.000000E+00
1.000000E+00
0.000000E+00
1.000000E+00
8.829068E-01
9.111275E-01
8.657849E-01
1.000000E+00
1.000000E+00
9.286968E-01
9.143170E-01
1.000000E+00
1.000000E+00
1.000000E+00
9.107532E-01
1.000000E+00
8.960011E-01
1.000000E+00
1.000000E+00
7.607561E-01
1.000000E+00
8.097517E-01
1.000000E+00
8.684248E-01
8.981078E-01
1.000000E+00
0.000000E+00
1.000000E+00
9.232161E-01
1.000000E+00
8.099576E-01
9.085513E-01
1.000000E+00
9.176010E-01
8.850740E-01
1.000000E+00
8.688316E-01
8.217838E-01
9.083331E-01
1.000000E+00
1.000000E+00
8.685316E-01
1.000000E+00
8.853136E-01
1.000000E+00
8.983223E-01
1.000000E+00
1.000000E+00
8.829068E-01
1.000000E+00
0.000000E+00
1.000000E+00
8.456398E-01
1.000000E+00
1.000000E+00
9.233849E-01
9.065294E-01
1.000000E+00
1.000000E+00
1.000000E+00
1.000000E+00
1.000000E+00
8.843010E-01
1.000000E+00
1.000000E+00
8.832767E-01
1.000000E+00
7.665687E-01
1.000000E+00
8.837517E-01
9.075474E-01
9.111275E-01
9.232161E-01
1.000000E+00
0.000000E+00
1.000000E+00
9.228585E-01
9.162279E-01
1.000000E+00
1.000000E+00
8.969424E-01
1.000000E+00
8.840694E-01
9.286352E-01
9.160448E-01
1.000000E+00
1.000000E+00
8.838351E-01
1.000000E+00
8.971351E-01
1.000000E+00
9.077240E-01
1.000000E+00
1.000000E+00
8.657849E-01
1.000000E+00
8.456398E-01
1.000000E+00
0.000000E+00
1.000000E+00
1.000000E+00
9.164073E-01
8.959317E-01
1.000000E+00
1.000000E+00
1.000000E+00
1.000000E+00
1.000000E+00
8.676135E-01
1.000000E+00
1.000000E+00
8.662707E-01
1.000000E+00
6.869558E-01
1.000000E+00
8.673716E-01
8.974773E-01
1.000000E+00
8.099576E-01
1.000000E+00
9.228585E-01
1.000000E+00
0.000000E+00
9.080438E-01
1.000000E+00
8.186220E-01
8.842713E-01
1.000000E+00
8.677849E-01
9.227805E-01
9.078231E-01
1.000000E+00
1.000000E+00
8.674801E-01
1.000000E+00
8.845142E-01
1.000000E+00
8.976944E-01
8.464802E-01
8.854248E-01
1.000000E+00
9.085513E-01
1.000000E+00
9.162279E-01
1.000000E+00
9.080438E-01
0.000000E+00
1.000000E+00
1.000000E+00
8.686777E-01
1.000000E+00
8.470337E-01
8.089714E-01
8.981946E-01
1.000000E+00
1.000000E+00
8.466255E-01
1.000000E+00
8.689904E-01
1.000000E+00
8.856959E-01
1.000000E+00
1.000000E+00
9.286968E-01
1.000000E+00
9.233849E-01
1.000000E+00
9.164073E-01
1.000000E+00
1.000000E+00
0.000000E+00
9.382066E-01
1.000000E+00
1.000000E+00
1.000000E+00
1.000000E+00
1.000000E+00
9.292163E-01
1.000000E+00
1.000000E+00
9.288342E-01
1.000000E+00
8.976284E-01
1.000000E+00
1.000000E+00
1.000000E+00
9.143170E-01
9.176010E-01
9.065294E-01
1.000000E+00
8.959317E-01
8.186220E-01
1.000000E+00
9.382066E-01
0.000000E+00
1.000000E+00
1.000000E+00
1.000000E+00
1.000000E+00
1.000000E+00
9.150659E-01
1.000000E+00
1.000000E+00
9.145152E-01
1.000000E+00
8.651316E-01
1.000000E+00
7.663538E-01
8.460129E-01
1.000000E+00
8.850740E-01
1.000000E+00
8.969424E-01
1.000000E+00
8.842713E-01
8.686777E-01
1.000000E+00
1.000000E+00
0.000000E+00
1.000000E+00
7.676334E-01
8.968031E-01
8.682272E-01
1.000000E+00
1.000000E+00
7.666903E-01
1.000000E+00
8.147870E-01
1.000000E+00
8.465023E-01
1.000000E+00
1.000000E+00
1.000000E+00
1.000000E+00
1.000000E+00
1.000000E+00
1.000000E+00
1.000000E+00
1.000000E+00
1.000000E+00
1.000000E+00
1.000000E+00
0.000000E+00
1.000000E+00
1.000000E+00
1.000000E+00
1.000000E+00
1.000000E+00
1.000000E+00
1.000000E+00
1.000000E+00
1.000000E+00
1.000000E+00
6.877450E-01
8.153818E-01
1.000000E+00
8.688316E-01
1.000000E+00
8.840694E-01
1.000000E+00
8.677849E-01
8.470337E-01
1.000000E+00
1.000000E+00
7.676334E-01
1.000000E+00
0.000000E+00
8.838930E-01
8.464221E-01
1.000000E+00
1.000000E+00
6.883456E-01
1.000000E+00
7.686108E-01
1.000000E+00
8.160848E-01
8.835744E-01
9.074353E-01
9.107532E-01
8.217838E-01
1.000000E+00
9.286352E-01
1.000000E+00
9.227805E-01
8.089714E-01
1.000000E+00
1.000000E+00
8.968031E-01
1.000000E+00
8.838930E-01
0.000000E+00
9.159524E-01
1.000000E+00
1.000000E+00
8.836580E-01
9.109611E-01
8.969963E-01
1.000000E+00
9.076123E-01
8.458641E-01
8.850820E-01
1.000000E+00
9.083331E-01
1.000000E+00
9.160448E-01
1.000000E+00
9.078231E-01
8.981946E-01
1.000000E+00
1.000000E+00
8.682272E-01
1.000000E+00
8.464221E-01
9.159524E-01
0.000000E+00
1.000000E+00
1.000000E+00
8.460106E-01
1.000000E+00
8.685420E-01
1.000000E+00
8.853548E-01
1.000000E+00
1.000000E+00
8.960011E-01
1.000000E+00
8.843010E-01
1.000000E+00
8.676135E-01
1.000000E+00
1.000000E+00
9.292163E-01
9.150659E-01
1.000000E+00
1.000000E+00
1.000000E+00
1.000000E+00
1.000000E+00
0.000000E+00
1.000000E+00
1.000000E+00
8.962931E-01
1.000000E+00
8.134051E-01
1.000000E+00
1.000000E+00
1.000000E+00
1.000000E+00
1.000000E+00
1.000000E+00
1.000000E+00
1.000000E+00
1.000000E+00
1.000000E+00
1.000000E+00
1.000000E+00
1.000000E+00
1.000000E+00
1.000000E+00
1.000000E+00
1.000000E+00
1.000000E+00
0.000000E+00
1.000000E+00
1.000000E+00
1.000000E+00
1.000000E+00
1.000000E+00
6.860395E-01
8.147870E-01
1.000000E+00
8.685316E-01
1.000000E+00
8.838351E-01
1.000000E+00
8.674801E-01
8.466255E-01
1.000000E+00
1.000000E+00
7.666903E-01
1.000000E+00
6.883456E-01
8.836580E-01
8.460106E-01
1.000000E+00
1.000000E+00
0.000000E+00
1.000000E+00
7.676755E-01
1.000000E+00
8.154945E-01
1.000000E+00
1.000000E+00
7.607561E-01
1.000000E+00
8.832767E-01
1.000000E+00
8.662707E-01
1.000000E+00
1.000000E+00
9.288342E-01
9.145152E-01
1.000000E+00
1.000000E+00
1.000000E+00
9.109611E-01
1.000000E+00
8.962931E-01
1.000000E+00
1.000000E+00
0.000000E+00
1.000000E+00
8.107264E-01
1.000000E+00
7.673420E-01
6.146847E-01
1.000000E+00
8.853136E-01
1.000000E+00
8.971351E-01
1.000000E+00
8.845142E-01
8.689904E-01
1.000000E+00
1.000000E+00
8.147870E-01
1.000000E+00
7.686108E-01
8.969963E-01
8.685420E-01
1.000000E+00
1.000000E+00
7.676755E-01
1.000000E+00
0.000000E+00
1.000000E+00
8.469294E-01
1.000000E+00
1.000000E+00
8.097517E-01
1.000000E+00
7.665687E-01
1.000000E+00
6.869558E-01
1.000000E+00
1.000000E+00
8.976284E-01
8.651316E-01
1.000000E+00
1.000000E+00
1.000000E+00
1.000000E+00
1.000000E+00
8.134051E-01
1.000000E+00
1.000000E+00
8.107264E-01
1.000000E+00
0.000000E+00
1.000000E+00
8.152841E-01
8.689005E-01
1.000000E+00
8.983223E-01
1.000000E+00
9.077240E-01
1.000000E+00
8.976944E-01
8.856959E-01
1.000000E+00
1.000000E+00
8.465023E-01
1.000000E+00
8.160848E-01
9.076123E-01
8.853548E-01
1.000000E+00
1.000000E+00
8.154945E-01
1.000000E+00
8.469294E-01
1.000000E+00
0.000000E+00
