9.060645E-01
8.406712E-01
8.540790E-01
1.000000E+00
8.826485E-01
9.425555E-01
8.662855E-01
8.373572E-01
9.380404E-01
9.234521E-01
8.432713E-01
1.000000E+00
8.426341E-01
8.960772E-01
9.083126E-01
1.000000E+00
7.636172E-01
1.000000E+00
6.862884E-01
8.974546E-01
9.156017E-01
8.860105E-01
5.214100E-01
1.000000E+00
8.832961E-01
9.155163E-01
9.237846E-01
1.000000E+00
8.448289E-01
1.000000E+00
8.148736E-01
9.164289E-01
9.288896E-01
9.089818E-01
7.676334E-01
1.000000E+00
1.000000E+00
9.181945E-01
1.000000E+00
9.145483E-01
1.000000E+00
8.725803E-01
1.000000E+00
1.000000E+00
9.300771E-01
1.000000E+00
1.000000E+00
9.416091E-01
9.072003E-01
9.287942E-01
9.347595E-01
1.000000E+00
8.844158E-01
9.417994E-01
8.685753E-01
9.294436E-01
9.385366E-01
9.242081E-01
8.464078E-01
1.000000E+00
1.000000E+00
1.000000E+00
1.000000E+00
9.068046E-01
1.000000E+00
9.375205E-01
1.000000E+00
1.000000E+00
1.000000E+00
1.000000E+00
1.000000E+00
9.380943E-01
9.150956E-01
8.535616E-01
9.387629E-01
9.238373E-01
8.964135E-01
9.459079E-01
8.838692E-01
9.341027E-01
9.421025E-01
9.295580E-01
8.668940E-01
1.000000E+00
1.000000E+00
1.000000E+00
1.000000E+00
8.962727E-01
1.000000E+00
9.329569E-01
1.000000E+00
1.000000E+00
1.000000E+00
1.000000E+00
1.000000E+00
9.336171E-01
9.066776E-01
9.284869E-01
8.535128E-01
1.000000E+00
8.836038E-01
8.754061E-01
8.675244E-01
9.291418E-01
9.383078E-01
9.238598E-01
8.449706E-01
1.000000E+00
8.967954E-01
9.228240E-01
9.297827E-01
1.000000E+00
8.678176E-01
1.000000E+00
8.466849E-01
9.235863E-01
9.341388E-01
9.174073E-01
8.156460E-01
1.000000E+00
1.000000E+00
1.000000E+00
1.000000E+00
9.383270E-01
1.000000E+00
9.534660E-01
1.000000E+00
1.000000E+00
1.000000E+00
1.000000E+00
1.000000E+00
9.537850E-01
9.101002E-01
1.000000E+00
9.337566E-01
9.278544E-01
1.000000E+00
8.172037E-01
1.000000E+00
1.000000E+00
1.000000E+00
1.000000E+00
1.000000E+00
8.882741E-01
8.658736E-01
9.067474E-01
9.167198E-01
1.000000E+00
8.124341E-01
1.000000E+00
7.668277E-01
9.078580E-01
9.227776E-01
8.987216E-01
6.865700E-01
1.000000E+00
1.000000E+00
1.000000E+00
1.000000E+00
1.000000E+00
1.000000E+00
1.000000E+00
1.000000E+00
1.000000E+00
1.000000E+00
1.000000E+00
1.000000E+00
1.000000E+00
8.432156E-01
8.963311E-01
9.085103E-01
1.000000E+00
7.649268E-01
1.000000E+00
6.885908E-01
8.977019E-01
9.157692E-01
8.863159E-01
5.267481E-01
1.000000E+00
9.150011E-01
9.334786E-01
9.387137E-01
1.000000E+00
8.962727E-01
9.448092E-01
8.836922E-01
9.340457E-01
7.937728E-01
9.294929E-01
8.666614E-01
1.000000E+00
8.965174E-01
9.226686E-01
9.296541E-01
1.000000E+00
8.673611E-01
1.000000E+00
8.460705E-01
9.234340E-01
9.340257E-01
9.172294E-01
8.147569E-01
1.000000E+00
1.000000E+00
1.000000E+00
1.000000E+00
9.152932E-01
1.000000E+00
9.414539E-01
1.000000E+00
1.000000E+00
1.000000E+00
1.000000E+00
1.000000E+00
9.419579E-01
1.000000E+00
1.000000E+00
1.000000E+00
1.000000E+00
1.000000E+00
1.000000E+00
1.000000E+00
1.000000E+00
1.000000E+00
1.000000E+00
1.000000E+00
1.000000E+00
8.427868E-01
8.961438E-01
9.083645E-01
1.000000E+00
7.639615E-01
1.000000E+00
6.868946E-01
8.975195E-01
9.156456E-01
8.860907E-01
5.228194E-01
1.000000E+00
1.000000E+00
1.000000E+00
1.000000E+00
9.147455E-01
1.000000E+00
9.411927E-01
1.000000E+00
1.000000E+00
9.302048E-01
1.000000E+00
1.000000E+00
9.417013E-01
8.661998E-01
9.069052E-01
9.168457E-01
1.000000E+00
8.130714E-01
1.000000E+00
7.678119E-01
9.080121E-01
9.228858E-01
8.989077E-01
6.883456E-01
1.000000E+00
1.000000E+00
1.000000E+00
1.000000E+00
8.657038E-01
1.000000E+00
9.213920E-01
1.000000E+00
1.000000E+00
1.000000E+00
1.000000E+00
1.000000E+00
9.222980E-01
8.835774E-01
9.156638E-01
9.239046E-01
1.000000E+00
8.453258E-01
1.000000E+00
8.155805E-01
9.165732E-01
9.289942E-01
9.091530E-01
7.687460E-01
1.000000E+00
