1.000000E+00
1.000000E+00
9.438126E-01
1.000000E+00
1.000000E+00
8.848998E-01
1.000000E+00
8.979802E-01
1.000000E+00
8.459990E-01
9.161900E-01
1.000000E+00
1.000000E+00
1.000000E+00
1.000000E+00
1.000000E+00
9.424069E-01
9.303083E-01
8.684863E-01
1.000000E+00
1.000000E+00
1.000000E+00
8.975815E-01
8.852995E-01
9.044391E-01
1.000000E+00
8.973227E-01
1.000000E+00
1.000000E+00
1.000000E+00
1.000000E+00
9.132430E-01
1.000000E+00
8.937848E-01
1.000000E+00
1.000000E+00
1.000000E+00
1.000000E+00
9.366165E-01
1.000000E+00
1.000000E+00
9.069621E-01
9.495405E-01
1.000000E+00
1.000000E+00
1.000000E+00
8.686090E-01
1.000000E+00
1.000000E+00
8.844824E-01
1.000000E+00
8.459990E-01
1.000000E+00
1.000000E+00
1.000000E+00
1.000000E+00
1.000000E+00
1.000000E+00
1.000000E+00
1.000000E+00
1.000000E+00
1.000000E+00
1.000000E+00
1.000000E+00
1.000000E+00
1.000000E+00
8.459990E-01
1.000000E+00
1.000000E+00
1.000000E+00
1.000000E+00
1.000000E+00
1.000000E+00
8.678757E-01
1.000000E+00
8.848267E-01
1.000000E+00
8.139193E-01
9.075128E-01
1.000000E+00
1.000000E+00
1.000000E+00
1.000000E+00
1.000000E+00
8.660036E-01
9.244111E-01
8.457818E-01
1.000000E+00
1.000000E+00
1.000000E+00
8.843183E-01
8.684021E-01
1.000000E+00
1.000000E+00
8.839880E-01
1.000000E+00
1.000000E+00
1.000000E+00
1.000000E+00
1.000000E+00
1.000000E+00
1.000000E+00
9.584539E-01
1.000000E+00
9.463965E-01
1.000000E+00
1.000000E+00
1.000000E+00
1.000000E+00
8.961455E-01
9.465195E-01
1.000000E+00
1.000000E+00
1.000000E+00
8.459504E-01
1.000000E+00
1.000000E+00
8.673254E-01
1.000000E+00
8.139193E-01
1.000000E+00
1.000000E+00
1.000000E+00
1.000000E+00
1.000000E+00
1.000000E+00
1.000000E+00
1.000000E+00
1.000000E+00
1.000000E+00
1.000000E+00
1.000000E+00
1.000000E+00
1.000000E+00
8.139193E-01
1.000000E+00
1.000000E+00
1.000000E+00
1.000000E+00
1.000000E+00
1.000000E+00
1.000000E+00
1.000000E+00
1.000000E+00
1.000000E+00
1.000000E+00
1.000000E+00
1.000000E+00
1.000000E+00
1.000000E+00
1.000000E+00
1.000000E+00
1.000000E+00
1.000000E+00
1.000000E+00
1.000000E+00
1.000000E+00
1.000000E+00
1.000000E+00
1.000000E+00
1.000000E+00
1.000000E+00
1.000000E+00
1.000000E+00
1.000000E+00
1.000000E+00
1.000000E+00
1.000000E+00
1.000000E+00
1.000000E+00
1.000000E+00
1.000000E+00
1.000000E+00
1.000000E+00
1.000000E+00
1.000000E+00
1.000000E+00
1.000000E+00
1.000000E+00
1.000000E+00
1.000000E+00
1.000000E+00
1.000000E+00
   NaN
1.000000E+00
1.000000E+00
1.000000E+00
1.000000E+00
1.000000E+00
1.000000E+00
1.000000E+00
1.000000E+00
1.000000E+00
1.000000E+00
1.000000E+00
1.000000E+00
1.000000E+00
1.000000E+00
1.000000E+00
1.000000E+00
1.000000E+00
1.000000E+00
1.000000E+00
1.000000E+00
1.000000E+00
1.000000E+00
1.000000E+00
1.000000E+00
1.000000E+00
1.000000E+00
1.000000E+00
1.000000E+00
1.000000E+00
1.000000E+00
1.000000E+00
1.000000E+00
1.000000E+00
1.000000E+00
1.000000E+00
1.000000E+00
1.000000E+00
1.000000E+00
1.000000E+00
1.000000E+00
1.000000E+00
1.000000E+00
1.000000E+00
1.000000E+00
1.000000E+00
1.000000E+00
1.000000E+00
1.000000E+00
1.000000E+00
1.000000E+00
1.000000E+00
1.000000E+00
1.000000E+00
1.000000E+00
1.000000E+00
1.000000E+00
1.000000E+00
1.000000E+00
1.000000E+00
1.000000E+00
1.000000E+00
1.000000E+00
1.000000E+00
1.000000E+00
1.000000E+00
1.000000E+00
1.000000E+00
   NaN
1.000000E+00
1.000000E+00
1.000000E+00
1.000000E+00
1.000000E+00
1.000000E+00
1.000000E+00
1.000000E+00
1.000000E+00
1.000000E+00
1.000000E+00
1.000000E+00
1.000000E+00
1.000000E+00
1.000000E+00
1.000000E+00
1.000000E+00
1.000000E+00
1.000000E+00
1.000000E+00
1.000000E+00
1.000000E+00
1.000000E+00
1.000000E+00
1.000000E+00
8.692467E-01
1.000000E+00
8.858698E-01
1.000000E+00
8.166271E-01
9.081866E-01
1.000000E+00
1.000000E+00
1.000000E+00
1.000000E+00
1.000000E+00
9.387371E-01
9.248618E-01
8.476463E-01
1.000000E+00
1.000000E+00
1.000000E+00
8.853706E-01
8.697622E-01
1.000000E+00
1.000000E+00
8.850463E-01
1.000000E+00
8.851488E-01
1.000000E+00
1.000000E+00
1.000000E+00
1.000000E+00
1.000000E+00
1.000000E+00
1.000000E+00
1.000000E+00
1.000000E+00
1.000000E+00
1.000000E+00
1.000000E+00
8.969945E-01
9.467455E-01
1.000000E+00
1.000000E+00
1.000000E+00
8.478109E-01
1.000000E+00
1.000000E+00
8.687077E-01
1.000000E+00
8.166271E-01
1.000000E+00
1.000000E+00
1.000000E+00
1.000000E+00
1.000000E+00
1.000000E+00
1.000000E+00
1.000000E+00
1.000000E+00
1.000000E+00
1.000000E+00
1.000000E+00
1.000000E+00
1.000000E+00
8.166271E-01
1.000000E+00
1.000000E+00
1.000000E+00
1.000000E+00
1.000000E+00
1.000000E+00
1.000000E+00
1.000000E+00
1.000000E+00
1.000000E+00
1.000000E+00
1.000000E+00
1.000000E+00
1.000000E+00
1.000000E+00
1.000000E+00
1.000000E+00
1.000000E+00
1.000000E+00
1.000000E+00
1.000000E+00
1.000000E+00
1.000000E+00
1.000000E+00
1.000000E+00
1.000000E+00
1.000000E+00
1.000000E+00
1.000000E+00
1.000000E+00
1.000000E+00
1.000000E+00
1.000000E+00
1.000000E+00
1.000000E+00
1.000000E+00
1.000000E+00
1.000000E+00
1.000000E+00
1.000000E+00
1.000000E+00
1.000000E+00
1.000000E+00
1.000000E+00
1.000000E+00
1.000000E+00
1.000000E+00
1.000000E+00
   NaN
1.000000E+00
1.000000E+00
1.000000E+00
1.000000E+00
1.000000E+00
1.000000E+00
1.000000E+00
1.000000E+00
1.000000E+00
1.000000E+00
1.000000E+00
1.000000E+00
1.000000E+00
1.000000E+00
1.000000E+00
1.000000E+00
1.000000E+00
1.000000E+00
1.000000E+00
1.000000E+00
1.000000E+00
1.000000E+00
1.000000E+00
1.000000E+00
1.000000E+00
9.239978E-01
9.486099E-01
9.299300E-01
1.000000E+00
9.087832E-01
9.390288E-01
1.000000E+00
1.000000E+00
1.000000E+00
1.000000E+00
1.000000E+00
9.541970E-01
9.468603E-01
9.171719E-01
1.000000E+00
1.000000E+00
1.000000E+00
9.297422E-01
9.241722E-01
1.000000E+00
1.000000E+00
9.296205E-01
1.000000E+00
1.000000E+00
1.000000E+00
1.000000E+00
1.000000E+00
9.643410E-01
1.000000E+00
1.000000E+00
1.000000E+00
1.000000E+00
1.000000E+00
1.000000E+00
1.000000E+00
1.000000E+00
9.342872E-01
9.588262E-01
1.000000E+00
1.000000E+00
1.000000E+00
9.172205E-01
1.000000E+00
1.000000E+00
9.238160E-01
1.000000E+00
9.087832E-01
1.000000E+00
1.000000E+00
1.000000E+00
1.000000E+00
1.000000E+00
1.000000E+00
1.000000E+00
1.000000E+00
1.000000E+00
1.000000E+00
1.000000E+00
1.000000E+00
1.000000E+00
1.000000E+00
9.087832E-01
1.000000E+00
8.998563E-01
8.701588E-01
9.464133E-01
8.480689E-01
1.000000E+00
1.000000E+00
9.392865E-01
1.000000E+00
9.176264E-01
1.000000E+00
1.000000E+00
9.252189E-01
9.300747E-01
8.857652E-01
8.480689E-01
9.089247E-01
1.000000E+00
1.000000E+00
1.000000E+00
8.697991E-01
8.705921E-01
8.480689E-01
1.000000E+00
1.000000E+00
9.089817E-01
9.496337E-01
1.000000E+00
8.480689E-01
9.085591E-01
8.480689E-01
8.705921E-01
9.173428E-01
9.611053E-01
8.988697E-01
9.623177E-01
9.357475E-01
9.520003E-01
9.708479E-01
9.395648E-01
9.436098E-01
1.000000E+00
1.000000E+00
1.000000E+00
9.433211E-01
8.982053E-01
9.400972E-01
1.000000E+00
1.000000E+00
8.868599E-01
1.000000E+00
8.868422E-01
1.000000E+00
9.768094E-01
8.703430E-01
9.306527E-01
8.866351E-01
8.697153E-01
8.699888E-01
9.569206E-01
8.987694E-01
1.000000E+00
9.249832E-01
8.699668E-01
9.174126E-01
8.697153E-01
1.000000E+00
1.000000E+00
8.858695E-01
1.000000E+00
1.000000E+00
1.000000E+00
1.000000E+00
1.000000E+00
1.000000E+00
1.000000E+00
1.000000E+00
1.000000E+00
1.000000E+00
1.000000E+00
1.000000E+00
1.000000E+00
1.000000E+00
1.000000E+00
1.000000E+00
1.000000E+00
1.000000E+00
1.000000E+00
1.000000E+00
1.000000E+00
1.000000E+00
1.000000E+00
1.000000E+00
1.000000E+00
1.000000E+00
1.000000E+00
1.000000E+00
1.000000E+00
1.000000E+00
1.000000E+00
1.000000E+00
1.000000E+00
1.000000E+00
1.000000E+00
1.000000E+00
1.000000E+00
1.000000E+00
1.000000E+00
1.000000E+00
1.000000E+00
1.000000E+00
1.000000E+00
1.000000E+00
1.000000E+00
1.000000E+00
1.000000E+00
   NaN
1.000000E+00
1.000000E+00
1.000000E+00
1.000000E+00
1.000000E+00
1.000000E+00
1.000000E+00
1.000000E+00
1.000000E+00
1.000000E+00
1.000000E+00
1.000000E+00
1.000000E+00
1.000000E+00
1.000000E+00
1.000000E+00
1.000000E+00
1.000000E+00
1.000000E+00
1.000000E+00
9.010611E-01
8.721770E-01
9.467603E-01
8.508251E-01
1.000000E+00
1.000000E+00
9.397315E-01
1.000000E+00
9.184434E-01
1.000000E+00
1.000000E+00
9.258928E-01
9.306643E-01
8.873304E-01
8.508251E-01
9.099224E-01
1.000000E+00
1.000000E+00
1.000000E+00
8.718284E-01
8.725970E-01
8.508251E-01
1.000000E+00
1.000000E+00
9.099781E-01
9.499403E-01
1.000000E+00
8.508251E-01
9.095647E-01
8.508251E-01
8.725970E-01
9.181654E-01
9.612884E-01
9.000983E-01
9.624896E-01
9.362457E-01
9.522789E-01
9.709509E-01
9.400057E-01
9.439939E-01
1.000000E+00
1.000000E+00
1.000000E+00
9.437091E-01
8.994499E-01
9.405304E-01
1.000000E+00
1.000000E+00
8.883954E-01
1.000000E+00
8.883782E-01
1.000000E+00
9.768747E-01
8.723555E-01
9.312326E-01
8.881766E-01
8.717473E-01
8.720123E-01
9.571451E-01
9.000004E-01
1.000000E+00
9.256614E-01
8.719910E-01
9.182338E-01
8.717473E-01
1.000000E+00
1.000000E+00
8.874319E-01
1.000000E+00
1.000000E+00
1.000000E+00
1.000000E+00
1.000000E+00
1.000000E+00
1.000000E+00
1.000000E+00
1.000000E+00
1.000000E+00
1.000000E+00
1.000000E+00
1.000000E+00
1.000000E+00
1.000000E+00
1.000000E+00
1.000000E+00
1.000000E+00
1.000000E+00
1.000000E+00
1.000000E+00
1.000000E+00
1.000000E+00
1.000000E+00
1.000000E+00
1.000000E+00
1.000000E+00
1.000000E+00
1.000000E+00
1.000000E+00
1.000000E+00
1.000000E+00
1.000000E+00
1.000000E+00
1.000000E+00
1.000000E+00
1.000000E+00
1.000000E+00
1.000000E+00
1.000000E+00
1.000000E+00
1.000000E+00
1.000000E+00
1.000000E+00
1.000000E+00
1.000000E+00
1.000000E+00
   NaN
1.000000E+00
1.000000E+00
1.000000E+00
1.000000E+00
1.000000E+00
1.000000E+00
1.000000E+00
1.000000E+00
1.000000E+00
1.000000E+00
1.000000E+00
1.000000E+00
1.000000E+00
1.000000E+00
1.000000E+00
1.000000E+00
1.000000E+00
1.000000E+00
1.000000E+00
1.000000E+00
1.000000E+00
1.000000E+00
1.000000E+00
1.000000E+00
1.000000E+00
7.683431E-01
1.000000E+00
8.158606E-01
1.000000E+00
5.287712E-01
8.677319E-01
1.000000E+00
1.000000E+00
1.000000E+00
1.000000E+00
1.000000E+00
9.230287E-01
8.997750E-01
6.906340E-01
1.000000E+00
1.000000E+00
1.000000E+00
8.145576E-01
7.699565E-01
1.000000E+00
1.000000E+00
8.137073E-01
1.000000E+00
1.000000E+00
1.000000E+00
1.000000E+00
1.000000E+00
1.000000E+00
1.000000E+00
1.000000E+00
1.000000E+00
1.000000E+00
1.000000E+00
1.000000E+00
1.000000E+00
1.000000E+00
8.431854E-01
9.352604E-01
1.000000E+00
1.000000E+00
1.000000E+00
6.913118E-01
1.000000E+00
1.000000E+00
7.666462E-01
1.000000E+00
5.287712E-01
1.000000E+00
1.000000E+00
1.000000E+00
1.000000E+00
1.000000E+00
1.000000E+00
1.000000E+00
1.000000E+00
1.000000E+00
1.000000E+00
1.000000E+00
1.000000E+00
1.000000E+00
1.000000E+00
5.287712E-01
1.000000E+00
1.000000E+00
1.000000E+00
1.000000E+00
1.000000E+00
1.000000E+00
1.000000E+00
1.000000E+00
1.000000E+00
1.000000E+00
1.000000E+00
1.000000E+00
1.000000E+00
1.000000E+00
1.000000E+00
1.000000E+00
1.000000E+00
1.000000E+00
1.000000E+00
1.000000E+00
1.000000E+00
1.000000E+00
1.000000E+00
1.000000E+00
1.000000E+00
1.000000E+00
1.000000E+00
1.000000E+00
1.000000E+00
1.000000E+00
1.000000E+00
1.000000E+00
1.000000E+00
1.000000E+00
1.000000E+00
1.000000E+00
1.000000E+00
1.000000E+00
1.000000E+00
1.000000E+00
1.000000E+00
1.000000E+00
1.000000E+00
1.000000E+00
1.000000E+00
1.000000E+00
1.000000E+00
1.000000E+00
   NaN
1.000000E+00
1.000000E+00
1.000000E+00
1.000000E+00
1.000000E+00
1.000000E+00
1.000000E+00
1.000000E+00
1.000000E+00
1.000000E+00
1.000000E+00
1.000000E+00
1.000000E+00
1.000000E+00
1.000000E+00
1.000000E+00
1.000000E+00
1.000000E+00
1.000000E+00
1.000000E+00
9.254940E-01
9.102158E-01
9.011500E-01
9.001800E-01
1.000000E+00
1.000000E+00
9.497662E-01
1.000000E+00
9.357983E-01
1.000000E+00
1.000000E+00
9.405062E-01
9.436209E-01
9.179656E-01
9.001800E-01
9.306328E-01
1.000000E+00
1.000000E+00
1.000000E+00
9.100439E-01
9.104232E-01
9.001800E-01
1.000000E+00
1.000000E+00
9.306658E-01
9.570643E-01
1.000000E+00
9.001800E-01
9.304209E-01
9.001800E-01
9.104232E-01
9.356262E-01
9.656906E-01
9.249493E-01
9.666375E-01
9.473676E-01
9.587962E-01
9.735022E-01
9.499568E-01
9.527626E-01
1.000000E+00
1.000000E+00
1.000000E+00
9.525602E-01
9.245840E-01
9.503225E-01
1.000000E+00
1.000000E+00
9.185316E-01
1.000000E+00
9.185224E-01
1.000000E+00
9.785210E-01
9.103039E-01
9.439973E-01
9.184151E-01
9.100039E-01
9.101345E-01
9.624752E-01
9.248941E-01
1.000000E+00
9.403571E-01
9.101240E-01
9.356685E-01
9.100039E-01
1.000000E+00
1.000000E+00
9.180193E-01
1.000000E+00
1.000000E+00
1.000000E+00
1.000000E+00
1.000000E+00
9.299823E-01
1.000000E+00
9.350482E-01
1.000000E+00
9.172698E-01
9.429412E-01
1.000000E+00
1.000000E+00
1.000000E+00
1.000000E+00
1.000000E+00
9.564407E-01
9.498569E-01
9.242297E-01
1.000000E+00
1.000000E+00
1.000000E+00
9.348869E-01
9.301304E-01
1.000000E+00
1.000000E+00
9.347823E-01
1.000000E+00
1.000000E+00
1.000000E+00
1.000000E+00
1.000000E+00
1.000000E+00
1.000000E+00
1.000000E+00
1.000000E+00
9.598892E-01
9.734184E-01
1.000000E+00
9.038313E-01
1.000000E+00
9.388092E-01
9.606483E-01
1.000000E+00
1.000000E+00
1.000000E+00
9.242705E-01
1.000000E+00
1.000000E+00
9.298281E-01
1.000000E+00
9.172698E-01
9.782265E-01
1.000000E+00
1.000000E+00
1.000000E+00
1.000000E+00
1.000000E+00
1.000000E+00
1.000000E+00
1.000000E+00
1.000000E+00
1.000000E+00
1.000000E+00
1.000000E+00
1.000000E+00
9.172698E-01
1.000000E+00
9.669531E-01
9.642551E-01
9.743166E-01
9.627648E-01
1.000000E+00
1.000000E+00
9.727855E-01
1.000000E+00
9.691493E-01
1.000000E+00
9.679296E-01
9.702794E-01
9.392422E-01
9.655508E-01
9.627648E-01
9.680044E-01
9.726000E-01
1.000000E+00
1.000000E+00
9.642279E-01
9.642881E-01
9.627648E-01
1.000000E+00
1.000000E+00
9.680114E-01
9.462341E-01
9.655599E-01
9.627648E-01
9.324663E-01
9.627648E-01
9.642881E-01
9.691096E-01
9.782537E-01
9.668463E-01
9.536968E-01
9.720966E-01
9.756737E-01
9.619407E-01
9.728416E-01
9.736897E-01
1.000000E+00
9.666926E-01
1.000000E+00
9.736270E-01
9.667752E-01
9.729496E-01
1.000000E+00
1.000000E+00
9.656510E-01
1.000000E+00
9.656494E-01
1.000000E+00
9.673228E-01
9.642691E-01
9.711770E-01
9.656303E-01
9.642216E-01
9.642423E-01
9.770048E-01
9.668356E-01
1.000000E+00
9.702423E-01
9.642406E-01
9.691193E-01
9.642216E-01
1.000000E+00
1.000000E+00
9.655603E-01
8.474281E-01
7.658274E-01
9.343401E-01
6.825975E-01
1.000000E+00
1.000000E+00
9.233096E-01
1.000000E+00
8.851691E-01
1.000000E+00
1.000000E+00
8.994065E-01
9.080005E-01
8.121199E-01
6.825975E-01
8.675246E-01
1.000000E+00
1.000000E+00
1.000000E+00
7.646548E-01
7.672331E-01
6.825975E-01
1.000000E+00
1.000000E+00
8.676450E-01
9.391104E-01
1.000000E+00
6.825975E-01
8.667496E-01
6.825975E-01
7.672331E-01
8.846172E-01
9.551149E-01
8.451263E-01
9.567217E-01
9.175750E-01
9.425357E-01
9.676076E-01
9.237531E-01
9.300808E-01
1.000000E+00
8.544749E-01
1.000000E+00
9.296365E-01
2.572479E-01
9.245987E-01
1.000000E+00
1.000000E+00
8.150627E-01
1.000000E+00
8.150154E-01
1.000000E+00
9.748045E-01
7.664259E-01
9.089984E-01
8.144612E-01
7.643810E-01
7.652740E-01
9.494479E-01
8.448909E-01
1.000000E+00
8.989796E-01
7.652024E-01
7.274689E-01
7.643810E-01
1.000000E+00
1.000000E+00
8.124018E-01
1.000000E+00
1.000000E+00
1.000000E+00
1.000000E+00
1.000000E+00
8.130411E-01
1.000000E+00
8.452661E-01
1.000000E+00
6.829574E-01
8.836186E-01
1.000000E+00
1.000000E+00
1.000000E+00
1.000000E+00
1.000000E+00
9.286931E-01
9.091701E-01
7.655035E-01
1.000000E+00
1.000000E+00
1.000000E+00
8.443470E-01
8.140933E-01
1.000000E+00
1.000000E+00
8.437484E-01
1.000000E+00
1.000000E+00
1.000000E+00
1.000000E+00
1.000000E+00
1.000000E+00
1.000000E+00
1.000000E+00
1.000000E+00
1.000000E+00
9.643362E-01
1.000000E+00
1.000000E+00
1.000000E+00
8.650289E-01
9.393150E-01
1.000000E+00
1.000000E+00
9.177378E-01
7.658932E-01
1.000000E+00
1.000000E+00
8.119373E-01
1.000000E+00
6.829574E-01
1.000000E+00
1.000000E+00
1.000000E+00
1.000000E+00
1.000000E+00
1.000000E+00
9.442948E-01
1.000000E+00
1.000000E+00
1.000000E+00
1.000000E+00
1.000000E+00
1.000000E+00
1.000000E+00
6.829574E-01
1.000000E+00
8.181805E-01
6.890573E-01
9.294566E-01
5.229569E-01
1.000000E+00
1.000000E+00
9.165632E-01
1.000000E+00
8.693516E-01
1.000000E+00
1.000000E+00
8.874720E-01
8.981182E-01
7.657102E-01
5.229569E-01
8.460175E-01
1.000000E+00
1.000000E+00
1.000000E+00
6.869865E-01
6.915310E-01
5.229569E-01
1.000000E+00
1.000000E+00
8.461801E-01
9.349333E-01
1.000000E+00
5.229569E-01
8.449694E-01
5.229569E-01
6.915310E-01
8.686367E-01
9.528853E-01
8.149021E-01
9.546526E-01
9.097303E-01
9.388297E-01
9.664622E-01
9.170879E-01
9.245163E-01
1.000000E+00
1.000000E+00
1.000000E+00
9.239982E-01
8.126640E-01
9.180867E-01
1.000000E+00
1.000000E+00
7.702687E-01
1.000000E+00
7.701957E-01
1.000000E+00
9.741169E-01
6.901117E-01
8.993405E-01
7.693399E-01
6.865019E-01
6.880808E-01
9.466019E-01
8.145659E-01
1.000000E+00
8.869375E-01
6.879544E-01
8.688129E-01
6.865019E-01
1.000000E+00
1.000000E+00
7.661484E-01
8.867941E-01
8.473173E-01
9.428871E-01
8.158294E-01
1.000000E+00
1.000000E+00
9.347200E-01
1.000000E+00
9.089886E-01
1.000000E+00
1.000000E+00
9.181681E-01
9.239474E-01
8.684508E-01
8.158294E-01
8.982473E-01
1.000000E+00
1.000000E+00
1.000000E+00
8.468196E-01
8.479161E-01
8.158294E-01
1.000000E+00
1.000000E+00
8.983183E-01
9.465308E-01
1.000000E+00
8.158294E-01
8.977907E-01
8.158294E-01
8.479161E-01
7.887256E-01
9.592805E-01
8.855318E-01
9.606074E-01
9.306106E-01
9.491903E-01
9.698347E-01
9.350416E-01
9.396915E-01
1.000000E+00
1.000000E+00
9.426373E-01
9.393612E-01
8.846798E-01
9.356563E-01
1.000000E+00
1.000000E+00
8.699003E-01
1.000000E+00
8.698769E-01
1.000000E+00
9.761728E-01
8.475719E-01
9.246306E-01
8.696029E-01
8.467037E-01
8.470822E-01
9.546706E-01
8.854033E-01
1.000000E+00
9.178859E-01
8.470518E-01
9.087275E-01
8.467037E-01
1.000000E+00
1.000000E+00
8.685891E-01
1.000000E+00
1.000000E+00
1.000000E+00
1.000000E+00
1.000000E+00
9.424512E-01
1.000000E+00
9.459181E-01
1.000000E+00
9.341322E-01
9.515039E-01
1.000000E+00
1.000000E+00
1.000000E+00
1.000000E+00
1.000000E+00
9.185430E-01
9.565923E-01
9.386211E-01
1.000000E+00
1.000000E+00
1.000000E+00
9.458063E-01
9.425513E-01
1.000000E+00
1.000000E+00
9.457339E-01
1.000000E+00
1.000000E+00
1.000000E+00
1.000000E+00
1.000000E+00
1.000000E+00
1.000000E+00
9.701692E-01
9.554135E-01
9.259239E-01
9.495136E-01
1.000000E+00
9.157164E-01
1.000000E+00
9.485511E-01
9.649201E-01
1.000000E+00
1.000000E+00
1.000000E+00
9.386478E-01
1.000000E+00
1.000000E+00
9.423470E-01
1.000000E+00
9.341322E-01
9.111878E-01
1.000000E+00
1.000000E+00
1.000000E+00
1.000000E+00
1.000000E+00
9.660839E-01
1.000000E+00
1.000000E+00
1.000000E+00
1.000000E+00
1.000000E+00
1.000000E+00
9.493757E-01
9.341322E-01
1.000000E+00
1.000000E+00
1.000000E+00
1.000000E+00
1.000000E+00
1.000000E+00
8.853147E-01
1.000000E+00
8.983063E-01
1.000000E+00
8.467408E-01
9.164102E-01
1.000000E+00
1.000000E+00
1.000000E+00
1.000000E+00
1.000000E+00
9.425110E-01
9.304606E-01
8.690277E-01
1.000000E+00
1.000000E+00
1.000000E+00
8.979102E-01
8.857115E-01
1.000000E+00
1.000000E+00
8.976530E-01
1.000000E+00
1.000000E+00
1.000000E+00
1.000000E+00
1.000000E+00
9.566705E-01
1.000000E+00
1.000000E+00
1.000000E+00
1.000000E+00
1.000000E+00
1.000000E+00
1.000000E+00
1.000000E+00
9.072334E-01
9.496204E-01
1.000000E+00
1.000000E+00
1.000000E+00
8.691493E-01
1.000000E+00
1.000000E+00
8.849003E-01
1.000000E+00
8.467408E-01
1.000000E+00
1.000000E+00
1.000000E+00
1.000000E+00
1.000000E+00
1.000000E+00
1.000000E+00
1.000000E+00
1.000000E+00
1.000000E+00
1.000000E+00
1.000000E+00
1.000000E+00
1.000000E+00
8.467408E-01
1.000000E+00
1.000000E+00
1.000000E+00
9.338514E-01
1.000000E+00
1.000000E+00
1.000000E+00
1.000000E+00
1.000000E+00
1.000000E+00
1.000000E+00
1.000000E+00
1.000000E+00
1.000000E+00
8.356202E-01
1.000000E+00
1.000000E+00
1.000000E+00
1.000000E+00
1.000000E+00
1.000000E+00
1.000000E+00
1.000000E+00
1.000000E+00
1.000000E+00
1.000000E+00
1.000000E+00
1.000000E+00
1.000000E+00
1.000000E+00
1.000000E+00
1.000000E+00
1.000000E+00
1.000000E+00
1.000000E+00
1.000000E+00
1.000000E+00
1.000000E+00
1.000000E+00
1.000000E+00
1.000000E+00
1.000000E+00
1.000000E+00
1.000000E+00
1.000000E+00
1.000000E+00
1.000000E+00
1.000000E+00
1.000000E+00
1.000000E+00
1.000000E+00
1.000000E+00
1.000000E+00
1.000000E+00
1.000000E+00
1.000000E+00
1.000000E+00
1.000000E+00
1.000000E+00
9.491830E-01
8.571657E-01
1.000000E+00
1.000000E+00
1.000000E+00
1.000000E+00
1.000000E+00
1.000000E+00
1.000000E+00
1.000000E+00
1.000000E+00
1.000000E+00
1.000000E+00
1.000000E+00
1.000000E+00
7.678832E-01
1.000000E+00
8.155701E-01
1.000000E+00
5.268641E-01
8.675821E-01
1.000000E+00
1.000000E+00
1.000000E+00
1.000000E+00
1.000000E+00
9.229779E-01
8.996890E-01
6.898132E-01
1.000000E+00
1.000000E+00
1.000000E+00
8.142630E-01
7.695029E-01
1.000000E+00
1.000000E+00
8.134100E-01
1.000000E+00
1.000000E+00
1.000000E+00
1.000000E+00
1.000000E+00
1.000000E+00
1.000000E+00
1.000000E+00
1.000000E+00
1.000000E+00
1.000000E+00
1.000000E+00
1.000000E+00
1.000000E+00
8.429748E-01
9.352246E-01
1.000000E+00
1.000000E+00
1.000000E+00
6.904946E-01
1.000000E+00
1.000000E+00
7.661794E-01
1.000000E+00
5.268641E-01
1.000000E+00
1.000000E+00
1.000000E+00
1.000000E+00
1.000000E+00
1.000000E+00
1.000000E+00
1.000000E+00
1.000000E+00
1.000000E+00
1.000000E+00
1.000000E+00
1.000000E+00
1.000000E+00
5.268641E-01
1.000000E+00
9.467497E-01
9.393767E-01
8.736563E-01
9.349616E-01
8.945075E-01
1.000000E+00
9.604186E-01
1.000000E+00
9.522295E-01
1.000000E+00
9.502920E-01
9.548858E-01
9.076174E-01
9.430118E-01
9.349616E-01
9.494273E-01
9.165131E-01
1.000000E+00
1.000000E+00
9.392984E-01
9.394714E-01
9.349616E-01
1.000000E+00
1.000000E+00
9.494449E-01
9.650937E-01
9.443579E-01
9.349616E-01
8.909866E-01
9.349616E-01
9.394714E-01
9.521342E-01
9.710179E-01
9.464721E-01
9.716964E-01
9.589444E-01
9.662471E-01
9.234124E-01
9.605371E-01
9.169976E-01
1.000000E+00
9.472558E-01
1.000000E+00
9.181510E-01
9.462865E-01
9.607648E-01
1.000000E+00
1.000000E+00
9.432856E-01
1.000000E+00
9.432811E-01
1.000000E+00
9.599490E-01
9.394169E-01
9.569221E-01
9.432291E-01
9.392802E-01
9.393397E-01
9.320770E-01
8.816296E-01
1.000000E+00
9.548001E-01
9.393349E-01
9.521577E-01
9.392802E-01
1.000000E+00
1.000000E+00
9.430378E-01
1.000000E+00
1.000000E+00
1.000000E+00
1.000000E+00
1.000000E+00
1.000000E+00
1.000000E+00
1.000000E+00
1.000000E+00
1.000000E+00
1.000000E+00
1.000000E+00
1.000000E+00
1.000000E+00
1.000000E+00
1.000000E+00
1.000000E+00
1.000000E+00
1.000000E+00
1.000000E+00
1.000000E+00
1.000000E+00
1.000000E+00
1.000000E+00
1.000000E+00
1.000000E+00
1.000000E+00
1.000000E+00
1.000000E+00
1.000000E+00
1.000000E+00
1.000000E+00
1.000000E+00
1.000000E+00
1.000000E+00
1.000000E+00
1.000000E+00
1.000000E+00
1.000000E+00
1.000000E+00
1.000000E+00
1.000000E+00
1.000000E+00
1.000000E+00
1.000000E+00
1.000000E+00
1.000000E+00
   NaN
1.000000E+00
1.000000E+00
1.000000E+00
1.000000E+00
1.000000E+00
1.000000E+00
1.000000E+00
1.000000E+00
1.000000E+00
1.000000E+00
1.000000E+00
1.000000E+00
1.000000E+00
1.000000E+00
1.000000E+00
1.000000E+00
1.000000E+00
1.000000E+00
1.000000E+00
1.000000E+00
1.000000E+00
1.000000E+00
9.034574E-01
1.000000E+00
1.000000E+00
9.232890E-01
1.000000E+00
9.293280E-01
1.000000E+00
9.077604E-01
9.385735E-01
1.000000E+00
1.000000E+00
1.000000E+00
1.000000E+00
1.000000E+00
9.539405E-01
8.045290E-01
9.163294E-01
1.000000E+00
1.000000E+00
1.000000E+00
9.291369E-01
9.234668E-01
9.318938E-01
1.000000E+00
9.290131E-01
1.000000E+00
1.000000E+00
1.000000E+00
1.000000E+00
9.364873E-01
9.642684E-01
9.266501E-01
1.000000E+00
1.000000E+00
1.000000E+00
9.715425E-01
9.499885E-01
1.000000E+00
1.000000E+00
9.337580E-01
9.586191E-01
1.000000E+00
1.000000E+00
1.000000E+00
9.163791E-01
1.000000E+00
1.000000E+00
9.231038E-01
1.000000E+00
9.077604E-01
1.000000E+00
1.000000E+00
1.000000E+00
1.000000E+00
1.000000E+00
1.000000E+00
9.600833E-01
1.000000E+00
1.000000E+00
1.000000E+00
1.000000E+00
9.347421E-01
1.000000E+00
1.000000E+00
9.077604E-01
1.000000E+00
1.000000E+00
1.000000E+00
1.000000E+00
1.000000E+00
1.000000E+00
6.869736E-01
1.000000E+00
7.679037E-01
1.000000E+00
0.000000E+00
8.446792E-01
1.000000E+00
1.000000E+00
1.000000E+00
1.000000E+00
1.000000E+00
9.157521E-01
8.870751E-01
5.261350E-01
1.000000E+00
1.000000E+00
1.000000E+00
7.658298E-01
6.899122E-01
1.000000E+00
1.000000E+00
7.644723E-01
1.000000E+00
1.000000E+00
1.000000E+00
1.000000E+00
1.000000E+00
1.000000E+00
1.000000E+00
1.000000E+00
1.000000E+00
1.000000E+00
1.000000E+00
1.000000E+00
1.000000E+00
1.000000E+00
8.096994E-01
9.301890E-01
1.000000E+00
1.000000E+00
1.000000E+00
5.277235E-01
1.000000E+00
1.000000E+00
6.838671E-01
1.000000E+00
0.000000E+00
1.000000E+00
1.000000E+00
1.000000E+00
1.000000E+00
1.000000E+00
1.000000E+00
1.000000E+00
1.000000E+00
1.000000E+00
1.000000E+00
1.000000E+00
1.000000E+00
1.000000E+00
1.000000E+00
0.000000E+00
1.000000E+00
1.000000E+00
1.000000E+00
9.476710E-01
1.000000E+00
1.000000E+00
9.069315E-01
9.421629E-01
9.156738E-01
1.000000E+00
8.830431E-01
9.285124E-01
1.000000E+00
1.000000E+00
1.000000E+00
1.000000E+00
1.000000E+00
9.485064E-01
9.390452E-01
8.964853E-01
1.000000E+00
1.000000E+00
1.000000E+00
9.154016E-01
9.071930E-01
1.000000E+00
9.497766E-01
9.152251E-01
1.000000E+00
1.000000E+00
1.000000E+00
1.000000E+00
1.000000E+00
1.000000E+00
1.000000E+00
1.000000E+00
1.000000E+00
9.525749E-01
1.000000E+00
1.000000E+00
1.000000E+00
1.000000E+00
8.252275E-01
9.542848E-01
1.000000E+00
1.000000E+00
1.000000E+00
8.965613E-01
1.000000E+00
1.000000E+00
9.066588E-01
1.000000E+00
8.830431E-01
9.763010E-01
1.000000E+00
1.000000E+00
1.000000E+00
1.000000E+00
1.000000E+00
1.000000E+00
7.996998E-01
1.000000E+00
1.000000E+00
1.000000E+00
1.000000E+00
1.000000E+00
1.000000E+00
8.830431E-01
1.000000E+00
1.000000E+00
1.000000E+00
1.000000E+00
1.000000E+00
1.000000E+00
1.000000E+00
9.075051E-01
1.000000E+00
1.000000E+00
1.000000E+00
1.000000E+00
1.000000E+00
1.000000E+00
1.000000E+00
1.000000E+00
1.000000E+00
1.000000E+00
1.000000E+00
1.000000E+00
1.000000E+00
1.000000E+00
1.000000E+00
1.000000E+00
1.000000E+00
1.000000E+00
1.000000E+00
1.000000E+00
1.000000E+00
1.000000E+00
1.000000E+00
1.000000E+00
1.000000E+00
1.000000E+00
1.000000E+00
1.000000E+00
1.000000E+00
1.000000E+00
1.000000E+00
1.000000E+00
1.000000E+00
1.000000E+00
1.000000E+00
1.000000E+00
1.000000E+00
1.000000E+00
1.000000E+00
1.000000E+00
1.000000E+00
1.000000E+00
1.000000E+00
1.000000E+00
1.000000E+00
1.000000E+00
1.000000E+00
1.000000E+00
1.000000E+00
1.000000E+00
1.000000E+00
1.000000E+00
1.000000E+00
1.000000E+00
1.000000E+00
1.000000E+00
1.000000E+00
1.000000E+00
1.000000E+00
1.000000E+00
1.000000E+00
9.253375E-01
9.099884E-01
9.546882E-01
8.998989E-01
1.000000E+00
1.000000E+00
9.496951E-01
1.000000E+00
9.356821E-01
1.000000E+00
1.000000E+00
9.404064E-01
9.435314E-01
9.177758E-01
8.998989E-01
9.304971E-01
1.000000E+00
1.000000E+00
1.000000E+00
9.098157E-01
9.101969E-01
8.998989E-01
1.000000E+00
1.000000E+00
9.305303E-01
9.570124E-01
1.000000E+00
8.998989E-01
9.302844E-01
8.998989E-01
9.101969E-01
9.355094E-01
9.237192E-01
9.247905E-01
9.666061E-01
9.472895E-01
9.094958E-01
9.734824E-01
9.498863E-01
9.526998E-01
1.000000E+00
1.000000E+00
1.000000E+00
8.930388E-01
9.244237E-01
9.502529E-01
1.000000E+00
1.000000E+00
9.183444E-01
1.000000E+00
9.183352E-01
1.000000E+00
9.785080E-01
9.100770E-01
9.439089E-01
9.182274E-01
9.097755E-01
9.099068E-01
9.164101E-01
9.247351E-01
1.000000E+00
9.402568E-01
9.098962E-01
9.355519E-01
9.097755E-01
1.000000E+00
1.000000E+00
9.178298E-01
9.005373E-01
8.713014E-01
9.466090E-01
8.496311E-01
1.000000E+00
1.000000E+00
9.395375E-01
1.000000E+00
9.180878E-01
1.000000E+00
1.000000E+00
9.255993E-01
9.304075E-01
8.866506E-01
8.496311E-01
9.094884E-01
1.000000E+00
1.000000E+00
1.000000E+00
8.709480E-01
8.717271E-01
8.496311E-01
1.000000E+00
1.000000E+00
9.095446E-01
9.498065E-01
1.000000E+00
8.496311E-01
9.091273E-01
8.496311E-01
8.717271E-01
9.178074E-01
9.612085E-01
8.995642E-01
9.624145E-01
9.360286E-01
9.521574E-01
9.709059E-01
9.398135E-01
9.438264E-01
1.000000E+00
1.000000E+00
1.000000E+00
9.435400E-01
8.989089E-01
9.403416E-01
1.000000E+00
1.000000E+00
8.877284E-01
1.000000E+00
8.877110E-01
1.000000E+00
9.768462E-01
8.714823E-01
9.309800E-01
8.875070E-01
8.708657E-01
8.711344E-01
9.570471E-01
8.994653E-01
1.000000E+00
9.253661E-01
8.711128E-01
9.178764E-01
8.708657E-01
1.000000E+00
1.000000E+00
8.867533E-01
8.886393E-01
8.506548E-01
9.433606E-01
8.206638E-01
1.000000E+00
1.000000E+00
9.353378E-01
1.000000E+00
9.101850E-01
1.000000E+00
1.000000E+00
9.191367E-01
9.247847E-01
8.709359E-01
8.206638E-01
8.997405E-01
1.000000E+00
1.000000E+00
1.000000E+00
8.501788E-01
8.512279E-01
8.206638E-01
1.000000E+00
1.000000E+00
8.998095E-01
9.469460E-01
1.000000E+00
8.206638E-01
8.992972E-01
8.206638E-01
8.512279E-01
9.098478E-01
9.595218E-01
8.874180E-01
9.608332E-01
9.313082E-01
9.495654E-01
9.699673E-01
9.356534E-01
9.402192E-01
1.000000E+00
1.000000E+00
1.000000E+00
9.398946E-01
8.865940E-01
9.362566E-01
1.000000E+00
1.000000E+00
8.723315E-01
1.000000E+00
8.723089E-01
1.000000E+00
9.762556E-01
8.508985E-01
9.254530E-01
8.720451E-01
8.500679E-01
8.504300E-01
9.549694E-01
8.872937E-01
1.000000E+00
9.188611E-01
8.504009E-01
9.099308E-01
8.500679E-01
1.000000E+00
1.000000E+00
8.710690E-01
1.000000E+00
1.000000E+00
1.000000E+00
1.000000E+00
1.000000E+00
7.677079E-01
1.000000E+00
8.154594E-01
1.000000E+00
5.261350E-01
8.675250E-01
1.000000E+00
1.000000E+00
1.000000E+00
1.000000E+00
1.000000E+00
9.229586E-01
8.996563E-01
6.894999E-01
1.000000E+00
1.000000E+00
1.000000E+00
8.141507E-01
7.693300E-01
1.000000E+00
1.000000E+00
8.132967E-01
1.000000E+00
1.000000E+00
1.000000E+00
1.000000E+00
1.000000E+00
1.000000E+00
1.000000E+00
1.000000E+00
1.000000E+00
1.000000E+00
1.000000E+00
1.000000E+00
1.000000E+00
1.000000E+00
8.428945E-01
9.352109E-01
1.000000E+00
1.000000E+00
1.000000E+00
6.901828E-01
1.000000E+00
1.000000E+00
7.660015E-01
1.000000E+00
5.261350E-01
1.000000E+00
1.000000E+00
1.000000E+00
1.000000E+00
1.000000E+00
1.000000E+00
1.000000E+00
1.000000E+00
1.000000E+00
1.000000E+00
1.000000E+00
1.000000E+00
1.000000E+00
1.000000E+00
5.261350E-01
1.000000E+00
8.175785E-01
6.872925E-01
9.293662E-01
5.187905E-01
1.000000E+00
1.000000E+00
9.164367E-01
1.000000E+00
8.690410E-01
1.000000E+00
1.000000E+00
8.872417E-01
8.979294E-01
7.647096E-01
5.187905E-01
8.455859E-01
1.000000E+00
1.000000E+00
1.000000E+00
6.851981E-01
6.897943E-01
5.187905E-01
1.000000E+00
1.000000E+00
8.457495E-01
9.348564E-01
1.000000E+00
5.187905E-01
8.445320E-01
5.187905E-01
6.897943E-01
8.683228E-01
9.528449E-01
8.142782E-01
9.546152E-01
9.095822E-01
9.387617E-01
9.664418E-01
9.169629E-01
9.244128E-01
1.000000E+00
8.298417E-01
1.000000E+00
9.238932E-01
5.100858E-01
9.179648E-01
1.000000E+00
1.000000E+00
7.693068E-01
1.000000E+00
7.692332E-01
1.000000E+00
9.741048E-01
6.883589E-01
8.991563E-01
7.683701E-01
6.847079E-01
6.863049E-01
9.465501E-01
8.139396E-01
1.000000E+00
8.867050E-01
6.861771E-01
8.684998E-01
6.847079E-01
1.000000E+00
1.000000E+00
7.651516E-01
1.000000E+00
1.000000E+00
1.000000E+00
1.000000E+00
1.000000E+00
1.000000E+00
1.000000E+00
1.000000E+00
1.000000E+00
1.000000E+00
1.000000E+00
1.000000E+00
1.000000E+00
1.000000E+00
1.000000E+00
1.000000E+00
1.000000E+00
1.000000E+00
1.000000E+00
1.000000E+00
1.000000E+00
1.000000E+00
1.000000E+00
1.000000E+00
1.000000E+00
1.000000E+00
1.000000E+00
1.000000E+00
1.000000E+00
1.000000E+00
1.000000E+00
1.000000E+00
1.000000E+00
1.000000E+00
1.000000E+00
1.000000E+00
1.000000E+00
1.000000E+00
1.000000E+00
1.000000E+00
1.000000E+00
1.000000E+00
1.000000E+00
1.000000E+00
1.000000E+00
1.000000E+00
1.000000E+00
   NaN
1.000000E+00
1.000000E+00
1.000000E+00
1.000000E+00
1.000000E+00
1.000000E+00
1.000000E+00
1.000000E+00
1.000000E+00
1.000000E+00
1.000000E+00
1.000000E+00
1.000000E+00
1.000000E+00
1.000000E+00
1.000000E+00
1.000000E+00
1.000000E+00
1.000000E+00
1.000000E+00
1.000000E+00
1.000000E+00
1.000000E+00
1.000000E+00
1.000000E+00
8.850593E-01
1.000000E+00
8.981055E-01
1.000000E+00
8.462843E-01
9.162746E-01
1.000000E+00
1.000000E+00
1.000000E+00
1.000000E+00
1.000000E+00
9.424469E-01
9.303668E-01
8.686944E-01
1.000000E+00
1.000000E+00
1.000000E+00
8.977078E-01
8.854579E-01
1.000000E+00
1.000000E+00
8.974496E-01
1.000000E+00
1.000000E+00
1.000000E+00
1.000000E+00
1.000000E+00
1.000000E+00
1.000000E+00
1.000000E+00
1.000000E+00
1.000000E+00
1.000000E+00
1.000000E+00
1.000000E+00
1.000000E+00
9.070663E-01
9.495711E-01
1.000000E+00
1.000000E+00
1.000000E+00
8.688167E-01
1.000000E+00
1.000000E+00
8.846430E-01
1.000000E+00
8.462843E-01
1.000000E+00
1.000000E+00
1.000000E+00
1.000000E+00
1.000000E+00
1.000000E+00
9.536006E-01
1.000000E+00
1.000000E+00
1.000000E+00
1.000000E+00
1.000000E+00
1.000000E+00
1.000000E+00
8.462843E-01
1.000000E+00
7.729189E-01
5.282529E-01
9.235441E-01
0.000000E+00
1.000000E+00
1.000000E+00
9.081631E-01
1.000000E+00
8.475117E-01
1.000000E+00
1.000000E+00
8.716374E-01
8.853086E-01
6.847386E-01
0.000000E+00
8.147461E-01
1.000000E+00
1.000000E+00
1.000000E+00
5.234700E-01
5.339234E-01
0.000000E+00
1.000000E+00
1.000000E+00
8.149815E-01
9.299357E-01
1.000000E+00
0.000000E+00
8.132271E-01
0.000000E+00
5.339234E-01
8.465370E-01
9.503193E-01
7.677821E-01
9.522803E-01
8.998164E-01
9.344329E-01
9.651821E-01
9.087984E-01
9.177066E-01
1.000000E+00
1.000000E+00
1.000000E+00
9.170904E-01
7.642486E-01
9.100055E-01
1.000000E+00
1.000000E+00
6.929374E-01
1.000000E+00
6.928070E-01
1.000000E+00
9.733611E-01
5.306756E-01
8.868553E-01
6.912757E-01
5.223460E-01
5.260017E-01
9.432817E-01
7.672526E-01
1.000000E+00
8.709414E-01
5.257097E-01
8.467775E-01
5.223460E-01
1.000000E+00
1.000000E+00
6.855315E-01
1.000000E+00
1.000000E+00
1.000000E+00
1.000000E+00
1.000000E+00
1.000000E+00
1.000000E+00
1.000000E+00
1.000000E+00
1.000000E+00
1.000000E+00
1.000000E+00
1.000000E+00
1.000000E+00
1.000000E+00
1.000000E+00
1.000000E+00
1.000000E+00
1.000000E+00
1.000000E+00
1.000000E+00
1.000000E+00
1.000000E+00
1.000000E+00
1.000000E+00
1.000000E+00
1.000000E+00
1.000000E+00
1.000000E+00
1.000000E+00
1.000000E+00
1.000000E+00
1.000000E+00
1.000000E+00
1.000000E+00
1.000000E+00
1.000000E+00
1.000000E+00
1.000000E+00
1.000000E+00
1.000000E+00
1.000000E+00
1.000000E+00
1.000000E+00
1.000000E+00
1.000000E+00
1.000000E+00
   NaN
1.000000E+00
1.000000E+00
1.000000E+00
1.000000E+00
1.000000E+00
1.000000E+00
1.000000E+00
1.000000E+00
1.000000E+00
1.000000E+00
1.000000E+00
1.000000E+00
1.000000E+00
1.000000E+00
1.000000E+00
1.000000E+00
1.000000E+00
1.000000E+00
1.000000E+00
1.000000E+00
1.000000E+00
1.000000E+00
1.000000E+00
1.000000E+00
1.000000E+00
1.000000E+00
1.000000E+00
1.000000E+00
1.000000E+00
1.000000E+00
1.000000E+00
1.000000E+00
1.000000E+00
1.000000E+00
1.000000E+00
1.000000E+00
1.000000E+00
1.000000E+00
1.000000E+00
1.000000E+00
1.000000E+00
1.000000E+00
1.000000E+00
1.000000E+00
1.000000E+00
1.000000E+00
1.000000E+00
1.000000E+00
1.000000E+00
1.000000E+00
1.000000E+00
1.000000E+00
1.000000E+00
1.000000E+00
9.684400E-01
1.000000E+00
1.000000E+00
1.000000E+00
1.000000E+00
1.000000E+00
1.000000E+00
1.000000E+00
1.000000E+00
9.565574E-01
1.000000E+00
1.000000E+00
1.000000E+00
1.000000E+00
1.000000E+00
1.000000E+00
1.000000E+00
1.000000E+00
1.000000E+00
1.000000E+00
1.000000E+00
1.000000E+00
1.000000E+00
1.000000E+00
1.000000E+00
1.000000E+00
1.000000E+00
1.000000E+00
1.000000E+00
1.000000E+00
1.000000E+00
1.000000E+00
1.000000E+00
1.000000E+00
