9.079823E-01
1.000000E+00
1.000000E+00
9.086494E-01
1.000000E+00
9.392332E-01
1.000000E+00
1.000000E+00
1.000000E+00
1.000000E+00
8.686902E-01
1.000000E+00
1.000000E+00
9.431203E-01
1.000000E+00
1.000000E+00
8.843612E-01
1.000000E+00
1.000000E+00
9.516333E-01
9.167940E-01
1.000000E+00
8.685425E-01
1.000000E+00
1.000000E+00
8.673113E-01
8.459990E-01
9.287933E-01
1.000000E+00
1.000000E+00
1.000000E+00
1.000000E+00
8.684863E-01
1.000000E+00
1.000000E+00
9.166596E-01
1.000000E+00
1.000000E+00
1.000000E+00
0.000000E+00
1.000000E+00
1.000000E+00
8.982435E-01
1.000000E+00
9.347978E-01
1.000000E+00
1.000000E+00
1.000000E+00
1.000000E+00
8.460621E-01
1.000000E+00
1.000000E+00
9.392522E-01
1.000000E+00
1.000000E+00
8.671655E-01
1.000000E+00
1.000000E+00
8.899701E-01
9.082477E-01
1.000000E+00
8.458591E-01
1.000000E+00
1.000000E+00
9.342768E-01
8.139193E-01
9.226256E-01
1.000000E+00
1.000000E+00
1.000000E+00
1.000000E+00
8.457818E-01
1.000000E+00
1.000000E+00
9.080843E-01
1.000000E+00
1.000000E+00
1.000000E+00
1.000000E+00
   NaN
   NaN
1.000000E+00
   NaN
1.000000E+00
1.000000E+00
   NaN
1.000000E+00
   NaN
1.000000E+00
   NaN
1.000000E+00
1.000000E+00
1.000000E+00
1.000000E+00
1.000000E+00
1.000000E+00
1.000000E+00
1.000000E+00
1.000000E+00
1.000000E+00
1.000000E+00
1.000000E+00
   NaN
1.000000E+00
1.000000E+00
1.000000E+00
1.000000E+00
1.000000E+00
1.000000E+00
1.000000E+00
1.000000E+00
1.000000E+00
   NaN
1.000000E+00
1.000000E+00
   NaN
1.000000E+00
1.000000E+00
   NaN
   NaN
1.000000E+00
   NaN
1.000000E+00
1.000000E+00
   NaN
1.000000E+00
   NaN
1.000000E+00
   NaN
1.000000E+00
1.000000E+00
1.000000E+00
1.000000E+00
1.000000E+00
1.000000E+00
1.000000E+00
1.000000E+00
1.000000E+00
1.000000E+00
1.000000E+00
1.000000E+00
   NaN
1.000000E+00
1.000000E+00
1.000000E+00
1.000000E+00
1.000000E+00
1.000000E+00
1.000000E+00
1.000000E+00
1.000000E+00
   NaN
1.000000E+00
1.000000E+00
   NaN
1.000000E+00
8.982435E-01
1.000000E+00
1.000000E+00
0.000000E+00
1.000000E+00
9.351334E-01
1.000000E+00
1.000000E+00
1.000000E+00
1.000000E+00
8.479199E-01
1.000000E+00
1.000000E+00
9.395436E-01
1.000000E+00
1.000000E+00
8.685511E-01
1.000000E+00
1.000000E+00
9.490713E-01
9.089109E-01
1.000000E+00
8.477218E-01
1.000000E+00
1.000000E+00
9.346179E-01
8.166271E-01
9.230978E-01
1.000000E+00
1.000000E+00
1.000000E+00
1.000000E+00
8.476463E-01
1.000000E+00
1.000000E+00
9.087499E-01
1.000000E+00
1.000000E+00
1.000000E+00
1.000000E+00
   NaN
   NaN
1.000000E+00
   NaN
1.000000E+00
1.000000E+00
   NaN
1.000000E+00
   NaN
1.000000E+00
   NaN
1.000000E+00
1.000000E+00
1.000000E+00
1.000000E+00
1.000000E+00
1.000000E+00
1.000000E+00
1.000000E+00
1.000000E+00
1.000000E+00
1.000000E+00
1.000000E+00
   NaN
1.000000E+00
1.000000E+00
1.000000E+00
1.000000E+00
1.000000E+00
1.000000E+00
1.000000E+00
1.000000E+00
1.000000E+00
   NaN
1.000000E+00
1.000000E+00
   NaN
1.000000E+00
9.347978E-01
1.000000E+00
1.000000E+00
9.351334E-01
1.000000E+00
0.000000E+00
1.000000E+00
1.000000E+00
1.000000E+00
1.000000E+00
9.172528E-01
1.000000E+00
1.000000E+00
9.546493E-01
1.000000E+00
1.000000E+00
9.237633E-01
1.000000E+00
1.000000E+00
9.602304E-01
9.393490E-01
1.000000E+00
9.171942E-01
1.000000E+00
1.000000E+00
9.519328E-01
9.087832E-01
9.459840E-01
1.000000E+00
1.000000E+00
1.000000E+00
1.000000E+00
9.171719E-01
1.000000E+00
1.000000E+00
9.392777E-01
1.000000E+00
1.000000E+00
1.000000E+00
1.000000E+00
1.000000E+00
1.000000E+00
1.000000E+00
1.000000E+00
1.000000E+00
0.000000E+00
1.000000E+00
9.186030E-01
1.000000E+00
1.000000E+00
1.000000E+00
9.358973E-01
1.000000E+00
9.691722E-01
8.854853E-01
1.000000E+00
8.697608E-01
9.091873E-01
1.000000E+00
1.000000E+00
1.000000E+00
1.000000E+00
9.522843E-01
1.000000E+00
1.000000E+00
1.000000E+00
1.000000E+00
1.000000E+00
9.357815E-01
9.182488E-01
9.103786E-01
1.000000E+00
8.694522E-01
1.000000E+00
1.000000E+00
8.480689E-01
1.000000E+00
1.000000E+00
1.000000E+00
   NaN
   NaN
1.000000E+00
   NaN
1.000000E+00
1.000000E+00
   NaN
1.000000E+00
   NaN
1.000000E+00
   NaN
1.000000E+00
1.000000E+00
1.000000E+00
1.000000E+00
1.000000E+00
1.000000E+00
1.000000E+00
1.000000E+00
1.000000E+00
1.000000E+00
1.000000E+00
1.000000E+00
   NaN
1.000000E+00
1.000000E+00
1.000000E+00
1.000000E+00
1.000000E+00
1.000000E+00
1.000000E+00
1.000000E+00
1.000000E+00
   NaN
1.000000E+00
1.000000E+00
   NaN
1.000000E+00
1.000000E+00
1.000000E+00
1.000000E+00
1.000000E+00
1.000000E+00
1.000000E+00
9.186030E-01
1.000000E+00
0.000000E+00
1.000000E+00
1.000000E+00
1.000000E+00
9.363931E-01
1.000000E+00
9.692873E-01
8.870581E-01
1.000000E+00
8.717913E-01
9.101793E-01
1.000000E+00
1.000000E+00
1.000000E+00
1.000000E+00
9.525596E-01
1.000000E+00
1.000000E+00
1.000000E+00
1.000000E+00
1.000000E+00
9.362791E-01
9.190536E-01
9.113448E-01
1.000000E+00
8.714923E-01
1.000000E+00
1.000000E+00
8.508251E-01
1.000000E+00
1.000000E+00
1.000000E+00
   NaN
   NaN
1.000000E+00
   NaN
1.000000E+00
1.000000E+00
   NaN
1.000000E+00
   NaN
1.000000E+00
   NaN
1.000000E+00
1.000000E+00
1.000000E+00
1.000000E+00
1.000000E+00
1.000000E+00
1.000000E+00
1.000000E+00
1.000000E+00
1.000000E+00
1.000000E+00
1.000000E+00
   NaN
1.000000E+00
1.000000E+00
1.000000E+00
1.000000E+00
1.000000E+00
1.000000E+00
1.000000E+00
1.000000E+00
1.000000E+00
   NaN
1.000000E+00
1.000000E+00
   NaN
1.000000E+00
8.460621E-01
1.000000E+00
1.000000E+00
8.479199E-01
1.000000E+00
9.172528E-01
1.000000E+00
1.000000E+00
1.000000E+00
1.000000E+00
0.000000E+00
1.000000E+00
1.000000E+00
9.242975E-01
1.000000E+00
1.000000E+00
7.661509E-01
1.000000E+00
1.000000E+00
9.386655E-01
8.692299E-01
1.000000E+00
6.909449E-01
1.000000E+00
1.000000E+00
9.164120E-01
5.287712E-01
8.966116E-01
1.000000E+00
1.000000E+00
1.000000E+00
1.000000E+00
6.906340E-01
1.000000E+00
1.000000E+00
8.688977E-01
1.000000E+00
1.000000E+00
1.000000E+00
1.000000E+00
   NaN
   NaN
1.000000E+00
   NaN
1.000000E+00
1.000000E+00
   NaN
1.000000E+00
   NaN
1.000000E+00
   NaN
1.000000E+00
1.000000E+00
1.000000E+00
1.000000E+00
1.000000E+00
1.000000E+00
1.000000E+00
1.000000E+00
1.000000E+00
1.000000E+00
1.000000E+00
1.000000E+00
   NaN
1.000000E+00
1.000000E+00
1.000000E+00
1.000000E+00
1.000000E+00
1.000000E+00
1.000000E+00
1.000000E+00
1.000000E+00
   NaN
1.000000E+00
1.000000E+00
   NaN
1.000000E+00
1.000000E+00
1.000000E+00
1.000000E+00
1.000000E+00
1.000000E+00
1.000000E+00
9.358973E-01
1.000000E+00
9.363931E-01
1.000000E+00
1.000000E+00
1.000000E+00
0.000000E+00
1.000000E+00
9.721249E-01
9.178213E-01
1.000000E+00
9.100256E-01
9.307852E-01
1.000000E+00
1.000000E+00
1.000000E+00
1.000000E+00
9.590056E-01
1.000000E+00
1.000000E+00
1.000000E+00
1.000000E+00
1.000000E+00
9.473904E-01
9.361770E-01
9.314794E-01
1.000000E+00
9.098785E-01
1.000000E+00
1.000000E+00
9.001800E-01
1.000000E+00
1.000000E+00
9.392522E-01
1.000000E+00
1.000000E+00
9.395436E-01
1.000000E+00
9.546493E-01
1.000000E+00
1.000000E+00
1.000000E+00
1.000000E+00
9.242975E-01
1.000000E+00
1.000000E+00
0.000000E+00
1.000000E+00
1.000000E+00
9.297833E-01
1.000000E+00
1.000000E+00
8.712550E-01
9.432218E-01
1.000000E+00
9.242484E-01
1.000000E+00
1.000000E+00
9.543979E-01
9.172698E-01
9.490774E-01
1.000000E+00
1.000000E+00
1.000000E+00
1.000000E+00
9.242297E-01
1.000000E+00
1.000000E+00
9.431592E-01
1.000000E+00
1.000000E+00
1.000000E+00
1.000000E+00
1.000000E+00
1.000000E+00
1.000000E+00
1.000000E+00
1.000000E+00
9.691722E-01
1.000000E+00
9.692873E-01
1.000000E+00
1.000000E+00
1.000000E+00
9.721249E-01
1.000000E+00
0.000000E+00
9.655254E-01
1.000000E+00
9.642251E-01
9.680368E-01
1.000000E+00
1.000000E+00
1.000000E+00
1.000000E+00
9.493042E-01
1.000000E+00
1.000000E+00
1.000000E+00
1.000000E+00
1.000000E+00
9.721030E-01
9.692370E-01
9.681857E-01
1.000000E+00
9.642018E-01
1.000000E+00
1.000000E+00
9.627648E-01
1.000000E+00
1.000000E+00
1.000000E+00
1.000000E+00
1.000000E+00
1.000000E+00
1.000000E+00
1.000000E+00
8.854853E-01
1.000000E+00
8.870581E-01
1.000000E+00
1.000000E+00
1.000000E+00
9.178213E-01
1.000000E+00
9.655254E-01
0.000000E+00
1.000000E+00
7.645297E-01
8.680795E-01
1.000000E+00
1.000000E+00
1.000000E+00
1.000000E+00
9.429423E-01
1.000000E+00
1.000000E+00
1.000000E+00
1.000000E+00
1.000000E+00
9.176309E-01
8.863750E-01
8.705785E-01
1.000000E+00
3.404068E-01
1.000000E+00
1.000000E+00
6.825975E-01
1.000000E+00
1.000000E+00
8.671655E-01
1.000000E+00
1.000000E+00
8.685511E-01
1.000000E+00
9.237633E-01
1.000000E+00
1.000000E+00
1.000000E+00
1.000000E+00
7.661509E-01
1.000000E+00
1.000000E+00
9.297833E-01
1.000000E+00
1.000000E+00
0.000000E+00
1.000000E+00
1.000000E+00
9.423168E-01
8.847800E-01
1.000000E+00
7.656822E-01
9.371067E-01
1.000000E+00
8.251784E-01
6.829574E-01
9.065797E-01
1.000000E+00
1.000000E+00
1.000000E+00
1.000000E+00
7.655035E-01
1.000000E+00
1.000000E+00
8.845221E-01
1.000000E+00
1.000000E+00
1.000000E+00
1.000000E+00
1.000000E+00
1.000000E+00
1.000000E+00
1.000000E+00
1.000000E+00
8.697608E-01
1.000000E+00
8.717913E-01
1.000000E+00
1.000000E+00
1.000000E+00
9.100256E-01
1.000000E+00
9.642251E-01
7.645297E-01
1.000000E+00
0.000000E+00
8.467667E-01
1.000000E+00
1.000000E+00
1.000000E+00
1.000000E+00
9.392901E-01
1.000000E+00
1.000000E+00
1.000000E+00
1.000000E+00
1.000000E+00
9.097973E-01
8.709104E-01
8.501281E-01
1.000000E+00
6.849742E-01
1.000000E+00
1.000000E+00
5.229569E-01
1.000000E+00
1.000000E+00
1.000000E+00
1.000000E+00
1.000000E+00
1.000000E+00
1.000000E+00
1.000000E+00
9.091873E-01
1.000000E+00
9.101793E-01
1.000000E+00
1.000000E+00
1.000000E+00
9.307852E-01
1.000000E+00
9.680368E-01
8.680795E-01
1.000000E+00
8.467667E-01
0.000000E+00
1.000000E+00
1.000000E+00
1.000000E+00
1.000000E+00
9.495084E-01
1.000000E+00
1.000000E+00
1.000000E+00
1.000000E+00
1.000000E+00
9.306502E-01
9.097478E-01
9.000586E-01
1.000000E+00
8.463393E-01
1.000000E+00
1.000000E+00
8.158294E-01
1.000000E+00
9.412277E-01
8.899701E-01
1.000000E+00
1.000000E+00
9.490713E-01
1.000000E+00
9.602304E-01
1.000000E+00
1.000000E+00
1.000000E+00
1.000000E+00
9.386655E-01
1.000000E+00
1.000000E+00
8.712550E-01
1.000000E+00
1.000000E+00
9.423168E-01
1.000000E+00
1.000000E+00
0.000000E+00
9.517067E-01
1.000000E+00
9.386333E-01
1.000000E+00
1.000000E+00
9.600372E-01
9.341322E-01
9.560093E-01
1.000000E+00
1.000000E+00
1.000000E+00
1.000000E+00
9.386211E-01
1.000000E+00
1.000000E+00
9.516615E-01
1.000000E+00
1.000000E+00
1.000000E+00
9.082477E-01
1.000000E+00
1.000000E+00
9.089109E-01
1.000000E+00
9.393490E-01
1.000000E+00
1.000000E+00
1.000000E+00
1.000000E+00
8.692299E-01
1.000000E+00
1.000000E+00
9.432218E-01
1.000000E+00
1.000000E+00
8.847800E-01
1.000000E+00
1.000000E+00
9.517067E-01
0.000000E+00
1.000000E+00
8.690834E-01
1.000000E+00
1.000000E+00
9.388985E-01
8.467408E-01
9.289523E-01
1.000000E+00
1.000000E+00
1.000000E+00
1.000000E+00
8.690277E-01
1.000000E+00
1.000000E+00
9.168773E-01
1.000000E+00
1.000000E+00
1.000000E+00
1.000000E+00
1.000000E+00
1.000000E+00
1.000000E+00
1.000000E+00
1.000000E+00
1.000000E+00
1.000000E+00
1.000000E+00
1.000000E+00
1.000000E+00
1.000000E+00
1.000000E+00
1.000000E+00
1.000000E+00
1.000000E+00
1.000000E+00
1.000000E+00
1.000000E+00
1.000000E+00
1.000000E+00
0.000000E+00
1.000000E+00
9.419931E-01
1.000000E+00
1.000000E+00
1.000000E+00
9.095329E-01
1.000000E+00
1.000000E+00
1.000000E+00
1.000000E+00
1.000000E+00
1.000000E+00
1.000000E+00
1.000000E+00
1.000000E+00
1.000000E+00
1.000000E+00
8.458591E-01
1.000000E+00
1.000000E+00
8.477218E-01
1.000000E+00
9.171942E-01
1.000000E+00
1.000000E+00
1.000000E+00
1.000000E+00
6.909449E-01
1.000000E+00
1.000000E+00
9.242484E-01
1.000000E+00
1.000000E+00
7.656822E-01
1.000000E+00
1.000000E+00
9.386333E-01
8.690834E-01
1.000000E+00
0.000000E+00
1.000000E+00
1.000000E+00
9.163522E-01
5.268641E-01
8.965201E-01
1.000000E+00
1.000000E+00
1.000000E+00
1.000000E+00
6.898132E-01
1.000000E+00
1.000000E+00
8.687505E-01
1.000000E+00
1.000000E+00
1.000000E+00
1.000000E+00
1.000000E+00
1.000000E+00
1.000000E+00
1.000000E+00
1.000000E+00
9.522843E-01
1.000000E+00
9.525596E-01
1.000000E+00
1.000000E+00
1.000000E+00
9.590056E-01
1.000000E+00
9.493042E-01
9.429423E-01
9.371067E-01
9.392901E-01
9.495084E-01
1.000000E+00
1.000000E+00
9.419931E-01
1.000000E+00
0.000000E+00
1.000000E+00
9.565226E-01
1.000000E+00
9.529006E-01
1.000000E+00
9.589583E-01
9.524395E-01
9.498788E-01
1.000000E+00
9.392231E-01
1.000000E+00
1.000000E+00
9.349616E-01
1.000000E+00
1.000000E+00
1.000000E+00
   NaN
   NaN
1.000000E+00
   NaN
1.000000E+00
1.000000E+00
   NaN
1.000000E+00
   NaN
1.000000E+00
   NaN
1.000000E+00
1.000000E+00
1.000000E+00
1.000000E+00
1.000000E+00
1.000000E+00
1.000000E+00
1.000000E+00
1.000000E+00
1.000000E+00
1.000000E+00
1.000000E+00
   NaN
1.000000E+00
1.000000E+00
1.000000E+00
1.000000E+00
1.000000E+00
1.000000E+00
1.000000E+00
1.000000E+00
1.000000E+00
   NaN
1.000000E+00
1.000000E+00
   NaN
1.000000E+00
9.342768E-01
1.000000E+00
1.000000E+00
9.346179E-01
1.000000E+00
9.519328E-01
1.000000E+00
1.000000E+00
1.000000E+00
1.000000E+00
9.164120E-01
1.000000E+00
1.000000E+00
9.543979E-01
1.000000E+00
1.000000E+00
8.251784E-01
1.000000E+00
1.000000E+00
9.600372E-01
9.388985E-01
1.000000E+00
9.163522E-01
9.565226E-01
1.000000E+00
0.000000E+00
9.077604E-01
9.456270E-01
1.000000E+00
1.000000E+00
1.000000E+00
1.000000E+00
9.163294E-01
1.000000E+00
1.000000E+00
9.388261E-01
1.000000E+00
1.000000E+00
1.000000E+00
8.139193E-01
1.000000E+00
1.000000E+00
8.166271E-01
1.000000E+00
9.087832E-01
1.000000E+00
1.000000E+00
1.000000E+00
1.000000E+00
5.287712E-01
1.000000E+00
1.000000E+00
9.172698E-01
1.000000E+00
1.000000E+00
6.829574E-01
1.000000E+00
1.000000E+00
9.341322E-01
8.467408E-01
1.000000E+00
5.268641E-01
1.000000E+00
1.000000E+00
9.077604E-01
0.000000E+00
8.830431E-01
1.000000E+00
1.000000E+00
1.000000E+00
1.000000E+00
5.261350E-01
1.000000E+00
1.000000E+00
8.462843E-01
1.000000E+00
1.000000E+00
1.000000E+00
9.226256E-01
1.000000E+00
1.000000E+00
9.230978E-01
1.000000E+00
9.459840E-01
1.000000E+00
1.000000E+00
1.000000E+00
1.000000E+00
8.966116E-01
1.000000E+00
1.000000E+00
9.490774E-01
1.000000E+00
1.000000E+00
9.065797E-01
1.000000E+00
1.000000E+00
9.560093E-01
9.289523E-01
9.095329E-01
8.965201E-01
9.529006E-01
1.000000E+00
9.456270E-01
8.830431E-01
0.000000E+00
1.000000E+00
1.000000E+00
1.000000E+00
1.000000E+00
8.964853E-01
1.000000E+00
1.000000E+00
9.288544E-01
1.000000E+00
1.000000E+00
1.000000E+00
1.000000E+00
1.000000E+00
1.000000E+00
1.000000E+00
1.000000E+00
1.000000E+00
1.000000E+00
1.000000E+00
1.000000E+00
1.000000E+00
1.000000E+00
1.000000E+00
1.000000E+00
1.000000E+00
1.000000E+00
1.000000E+00
1.000000E+00
1.000000E+00
1.000000E+00
1.000000E+00
1.000000E+00
1.000000E+00
1.000000E+00
1.000000E+00
1.000000E+00
1.000000E+00
1.000000E+00
1.000000E+00
0.000000E+00
1.000000E+00
1.000000E+00
1.000000E+00
1.000000E+00
1.000000E+00
1.000000E+00
1.000000E+00
1.000000E+00
1.000000E+00
1.000000E+00
1.000000E+00
1.000000E+00
1.000000E+00
1.000000E+00
1.000000E+00
1.000000E+00
9.357815E-01
1.000000E+00
9.362791E-01
1.000000E+00
1.000000E+00
1.000000E+00
9.473904E-01
1.000000E+00
9.721030E-01
9.176309E-01
1.000000E+00
9.097973E-01
9.306502E-01
1.000000E+00
1.000000E+00
1.000000E+00
1.000000E+00
9.589583E-01
1.000000E+00
1.000000E+00
1.000000E+00
1.000000E+00
1.000000E+00
0.000000E+00
9.360622E-01
9.313471E-01
1.000000E+00
9.096494E-01
1.000000E+00
1.000000E+00
8.998989E-01
1.000000E+00
1.000000E+00
1.000000E+00
1.000000E+00
1.000000E+00
1.000000E+00
1.000000E+00
1.000000E+00
9.182488E-01
1.000000E+00
9.190536E-01
1.000000E+00
1.000000E+00
1.000000E+00
9.361770E-01
1.000000E+00
9.692370E-01
8.863750E-01
1.000000E+00
8.709104E-01
9.097478E-01
1.000000E+00
1.000000E+00
1.000000E+00
1.000000E+00
9.524395E-01
1.000000E+00
1.000000E+00
1.000000E+00
1.000000E+00
1.000000E+00
9.360622E-01
0.000000E+00
9.109245E-01
1.000000E+00
8.706072E-01
1.000000E+00
1.000000E+00
8.496311E-01
1.000000E+00
1.000000E+00
1.000000E+00
1.000000E+00
1.000000E+00
1.000000E+00
1.000000E+00
1.000000E+00
9.103786E-01
1.000000E+00
9.113448E-01
1.000000E+00
1.000000E+00
1.000000E+00
9.314794E-01
1.000000E+00
9.681857E-01
8.705785E-01
1.000000E+00
8.501281E-01
9.000586E-01
1.000000E+00
1.000000E+00
1.000000E+00
1.000000E+00
9.498788E-01
1.000000E+00
1.000000E+00
1.000000E+00
1.000000E+00
1.000000E+00
9.313471E-01
9.109245E-01
0.000000E+00
1.000000E+00
8.497193E-01
1.000000E+00
1.000000E+00
8.206638E-01
1.000000E+00
1.000000E+00
8.457818E-01
1.000000E+00
1.000000E+00
8.476463E-01
1.000000E+00
9.171719E-01
1.000000E+00
1.000000E+00
1.000000E+00
1.000000E+00
6.906340E-01
1.000000E+00
1.000000E+00
9.242297E-01
1.000000E+00
1.000000E+00
7.655035E-01
1.000000E+00
1.000000E+00
9.386211E-01
8.690277E-01
1.000000E+00
6.898132E-01
1.000000E+00
1.000000E+00
9.163294E-01
5.261350E-01
8.964853E-01
1.000000E+00
1.000000E+00
1.000000E+00
1.000000E+00
0.000000E+00
1.000000E+00
1.000000E+00
8.686944E-01
1.000000E+00
1.000000E+00
1.000000E+00
1.000000E+00
1.000000E+00
1.000000E+00
1.000000E+00
1.000000E+00
1.000000E+00
8.694522E-01
1.000000E+00
8.714923E-01
1.000000E+00
1.000000E+00
1.000000E+00
9.098785E-01
1.000000E+00
9.642018E-01
3.404068E-01
1.000000E+00
6.849742E-01
8.463393E-01
1.000000E+00
1.000000E+00
1.000000E+00
1.000000E+00
9.392231E-01
1.000000E+00
1.000000E+00
1.000000E+00
1.000000E+00
1.000000E+00
9.096494E-01
8.706072E-01
8.497193E-01
1.000000E+00
0.000000E+00
1.000000E+00
1.000000E+00
5.187905E-01
1.000000E+00
1.000000E+00
1.000000E+00
   NaN
   NaN
1.000000E+00
   NaN
1.000000E+00
1.000000E+00
   NaN
1.000000E+00
   NaN
1.000000E+00
   NaN
1.000000E+00
1.000000E+00
1.000000E+00
1.000000E+00
1.000000E+00
1.000000E+00
1.000000E+00
1.000000E+00
1.000000E+00
1.000000E+00
1.000000E+00
1.000000E+00
   NaN
1.000000E+00
1.000000E+00
1.000000E+00
1.000000E+00
1.000000E+00
1.000000E+00
1.000000E+00
1.000000E+00
1.000000E+00
   NaN
1.000000E+00
1.000000E+00
   NaN
1.000000E+00
9.080843E-01
1.000000E+00
1.000000E+00
9.087499E-01
1.000000E+00
9.392777E-01
1.000000E+00
1.000000E+00
1.000000E+00
1.000000E+00
8.688977E-01
1.000000E+00
1.000000E+00
9.431592E-01
1.000000E+00
1.000000E+00
8.845221E-01
1.000000E+00
1.000000E+00
9.516615E-01
9.168773E-01
1.000000E+00
8.687505E-01
1.000000E+00
1.000000E+00
9.388261E-01
8.462843E-01
9.288544E-01
1.000000E+00
1.000000E+00
1.000000E+00
1.000000E+00
8.686944E-01
1.000000E+00
1.000000E+00
0.000000E+00
1.000000E+00
1.000000E+00
1.000000E+00
1.000000E+00
1.000000E+00
1.000000E+00
1.000000E+00
1.000000E+00
1.000000E+00
8.480689E-01
1.000000E+00
8.508251E-01
1.000000E+00
1.000000E+00
1.000000E+00
9.001800E-01
1.000000E+00
9.627648E-01
6.825975E-01
1.000000E+00
5.229569E-01
8.158294E-01
1.000000E+00
1.000000E+00
1.000000E+00
1.000000E+00
9.349616E-01
1.000000E+00
1.000000E+00
1.000000E+00
1.000000E+00
1.000000E+00
8.998989E-01
8.496311E-01
8.206638E-01
1.000000E+00
5.187905E-01
1.000000E+00
1.000000E+00
0.000000E+00
1.000000E+00
1.000000E+00
1.000000E+00
   NaN
   NaN
1.000000E+00
   NaN
1.000000E+00
1.000000E+00
   NaN
1.000000E+00
   NaN
1.000000E+00
   NaN
1.000000E+00
1.000000E+00
1.000000E+00
1.000000E+00
1.000000E+00
1.000000E+00
1.000000E+00
1.000000E+00
1.000000E+00
1.000000E+00
1.000000E+00
1.000000E+00
   NaN
1.000000E+00
1.000000E+00
1.000000E+00
1.000000E+00
1.000000E+00
1.000000E+00
1.000000E+00
1.000000E+00
1.000000E+00
   NaN
1.000000E+00
1.000000E+00
   NaN
1.000000E+00
1.000000E+00
1.000000E+00
1.000000E+00
1.000000E+00
1.000000E+00
1.000000E+00
1.000000E+00
1.000000E+00
1.000000E+00
1.000000E+00
1.000000E+00
1.000000E+00
1.000000E+00
1.000000E+00
1.000000E+00
1.000000E+00
1.000000E+00
1.000000E+00
9.412277E-01
1.000000E+00
1.000000E+00
1.000000E+00
1.000000E+00
1.000000E+00
1.000000E+00
1.000000E+00
1.000000E+00
1.000000E+00
1.000000E+00
1.000000E+00
1.000000E+00
1.000000E+00
1.000000E+00
1.000000E+00
1.000000E+00
1.000000E+00
1.000000E+00
1.000000E+00
0.000000E+00
