8.661021E-01
7.269106E-01
8.130544E-01
8.130544E-01
8.962792E-01
8.660011E-01
9.152732E-01
1.000000E+00
9.074182E-01
8.445357E-01
8.439266E-01
8.663681E-01
1.000000E+00
8.965253E-01
8.108364E-01
8.436665E-01
6.842640E-01
6.842640E-01
8.659395E-01
8.106348E-01
8.960574E-01
1.000000E+00
8.839814E-01
7.647280E-01
7.633303E-01
8.113670E-01
1.000000E+00
8.663503E-01
6.794077E-01
7.635588E-01
0.000000E+00
0.000000E+00
8.110397E-01
6.788282E-01
8.658348E-01
1.000000E+00
8.450119E-01
5.199685E-01
5.141138E-01
6.809288E-01
1.000000E+00
8.118549E-01
1.000000E+00
1.000000E+00
1.000000E+00
1.000000E+00
1.000000E+00
1.000000E+00
1.000000E+00
8.531083E-01
1.000000E+00
1.000000E+00
1.000000E+00
1.000000E+00
8.269885E-01
9.116860E-01
7.889698E-01
9.153060E-01
8.834203E-01
8.834203E-01
9.222996E-01
7.888467E-01
9.334722E-01
1.000000E+00
9.287238E-01
8.964913E-01
8.962216E-01
7.892941E-01
1.000000E+00
8.238277E-01
1.000000E+00
9.346805E-01
1.000000E+00
1.000000E+00
9.383592E-01
1.000000E+00
1.000000E+00
8.919738E-01
9.423878E-01
1.000000E+00
9.242693E-01
1.000000E+00
9.435228E-01
9.398399E-01
1.000000E+00
1.000000E+00
1.000000E+00
1.000000E+00
1.000000E+00
1.000000E+00
9.118823E-01
8.268508E-01
1.000000E+00
1.000000E+00
1.000000E+00
1.000000E+00
9.058398E-01
1.000000E+00
8.124797E-01
8.447906E-01
6.888157E-01
6.888157E-01
8.667670E-01
8.122816E-01
8.965556E-01
1.000000E+00
8.846017E-01
7.672647E-01
7.658970E-01
8.130011E-01
1.000000E+00
8.671728E-01
1.000000E+00
1.000000E+00
1.000000E+00
1.000000E+00
1.000000E+00
1.000000E+00
1.000000E+00
9.144963E-01
1.000000E+00
1.000000E+00
1.000000E+00
1.000000E+00
8.960085E-01
1.000000E+00
6.794077E-01
7.635588E-01
0.000000E+00
0.000000E+00
8.110397E-01
6.788282E-01
8.658348E-01
1.000000E+00
8.450119E-01
5.199685E-01
5.141138E-01
6.809288E-01
1.000000E+00
8.118549E-01
8.658990E-01
8.832760E-01
8.126583E-01
8.126583E-01
8.961574E-01
8.657977E-01
9.151920E-01
1.000000E+00
9.073211E-01
8.442619E-01
8.436507E-01
8.661659E-01
1.000000E+00
8.964040E-01
6.807622E-01
8.828122E-01
8.114605E-01
8.114605E-01
8.957904E-01
6.804805E-01
8.070882E-01
1.000000E+00
9.070290E-01
8.434351E-01
8.428173E-01
6.815039E-01
1.000000E+00
8.960388E-01
8.102456E-01
8.432632E-01
6.826145E-01
6.826145E-01
6.805726E-01
8.100427E-01
8.958793E-01
1.000000E+00
8.837595E-01
7.638133E-01
7.624047E-01
8.107795E-01
1.000000E+00
8.660557E-01
8.837903E-01
8.970694E-01
8.458196E-01
8.458196E-01
9.072186E-01
8.837142E-01
9.227167E-01
1.000000E+00
9.162340E-01
8.678840E-01
8.674444E-01
8.839908E-01
1.000000E+00
9.074156E-01
8.412798E-01
8.650572E-01
7.608324E-01
7.608324E-01
7.248763E-01
8.411379E-01
7.878118E-01
9.113528E-01
8.961931E-01
8.100435E-01
8.091334E-01
8.416535E-01
1.000000E+00
8.823005E-01
9.216466E-01
8.359709E-01
9.060457E-01
9.060457E-01
9.330458E-01
9.216121E-01
7.943155E-01
8.788236E-01
9.378711E-01
9.147243E-01
9.145413E-01
9.217378E-01
9.353276E-01
7.556711E-01
8.814562E-01
8.952425E-01
8.416838E-01
8.416838E-01
7.862979E-01
8.813770E-01
7.095055E-01
9.250408E-01
9.150280E-01
8.648588E-01
8.643988E-01
8.816648E-01
1.000000E+00
9.059401E-01
5.104035E-01
8.415628E-01
6.755637E-01
6.755637E-01
6.771175E-01
5.097407E-01
8.951316E-01
1.000000E+00
8.828268E-01
7.599308E-01
7.584753E-01
5.121460E-01
1.000000E+00
8.648158E-01
6.320812E-01
9.145840E-01
8.820481E-01
8.820481E-01
9.216924E-01
7.866410E-01
7.570771E-01
9.350994E-01
9.282132E-01
8.954109E-01
8.951356E-01
7.870978E-01
9.252381E-01
8.266570E-01
8.957122E-01
9.065333E-01
8.661244E-01
8.661244E-01
9.149786E-01
8.956509E-01
8.406934E-01
1.000000E+00
9.226110E-01
8.830795E-01
8.827353E-01
8.958737E-01
1.000000E+00
9.151440E-01
1.000000E+00
1.000000E+00
1.000000E+00
1.000000E+00
9.070141E-01
1.000000E+00
9.239512E-01
1.000000E+00
1.000000E+00
1.000000E+00
1.000000E+00
1.000000E+00
1.000000E+00
1.000000E+00
8.414442E-01
8.651761E-01
7.612055E-01
7.612055E-01
8.820729E-01
8.413026E-01
9.060256E-01
9.112985E-01
7.601767E-01
8.102790E-01
5.085382E-01
8.418172E-01
8.917910E-01
7.270327E-01
7.627539E-01
8.122132E-01
5.228566E-01
5.228566E-01
8.434546E-01
7.624367E-01
8.830314E-01
1.000000E+00
8.675131E-01
6.854359E-01
6.829324E-01
7.635880E-01
1.000000E+00
8.440145E-01
1.000000E+00
1.000000E+00
1.000000E+00
1.000000E+00
1.000000E+00
1.000000E+00
1.000000E+00
8.948824E-01
1.000000E+00
1.000000E+00
1.000000E+00
1.000000E+00
8.654815E-01
1.000000E+00
8.591180E-01
1.000000E+00
1.000000E+00
1.000000E+00
1.000000E+00
8.590103E-01
1.000000E+00
8.258895E-01
1.000000E+00
1.000000E+00
1.000000E+00
8.594017E-01
7.879426E-01
8.915247E-01
1.000000E+00
1.000000E+00
1.000000E+00
1.000000E+00
1.000000E+00
1.000000E+00
9.245406E-01
9.326264E-01
1.000000E+00
1.000000E+00
1.000000E+00
1.000000E+00
8.226540E-01
9.080437E-01
1.000000E+00
1.000000E+00
1.000000E+00
1.000000E+00
1.000000E+00
1.000000E+00
9.235838E-01
9.326280E-01
1.000000E+00
1.000000E+00
1.000000E+00
1.000000E+00
9.216530E-01
1.000000E+00
1.000000E+00
1.000000E+00
1.000000E+00
1.000000E+00
1.000000E+00
1.000000E+00
1.000000E+00
8.813495E-01
1.000000E+00
1.000000E+00
1.000000E+00
1.000000E+00
8.424919E-01
1.000000E+00
8.106303E-01
6.149500E-01
6.836892E-01
6.836892E-01
8.658360E-01
8.104282E-01
8.959952E-01
1.000000E+00
8.839039E-01
7.644090E-01
7.630075E-01
8.111620E-01
1.000000E+00
8.662475E-01
7.278247E-01
8.962369E-01
8.439440E-01
8.439440E-01
9.065427E-01
7.276200E-01
9.222483E-01
1.000000E+00
9.156834E-01
8.665092E-01
8.660604E-01
7.283641E-01
1.000000E+00
9.067425E-01
8.095829E-01
8.428114E-01
6.807562E-01
6.807562E-01
8.653111E-01
8.093786E-01
7.617821E-01
9.026188E-01
8.835111E-01
7.627858E-01
7.613649E-01
8.101205E-01
1.000000E+00
8.657258E-01
8.095829E-01
8.428114E-01
6.807562E-01
6.807562E-01
8.653111E-01
8.093786E-01
7.617821E-01
9.026188E-01
8.835111E-01
7.627858E-01
7.613649E-01
8.101205E-01
1.000000E+00
8.657258E-01
8.829868E-01
7.576288E-01
8.444019E-01
8.444019E-01
9.067071E-01
8.829096E-01
9.223621E-01
1.000000E+00
9.158173E-01
8.668444E-01
8.663978E-01
8.831900E-01
1.000000E+00
9.069063E-01
9.018095E-01
9.096091E-01
1.000000E+00
1.000000E+00
9.166650E-01
9.017572E-01
9.294672E-01
8.613812E-01
1.000000E+00
1.000000E+00
1.000000E+00
9.019474E-01
9.271252E-01
1.000000E+00
6.146213E-01
8.655463E-01
7.623644E-01
7.623644E-01
8.823563E-01
6.142108E-01
7.850646E-01
1.000000E+00
8.964828E-01
8.110112E-01
8.101104E-01
6.157018E-01
1.000000E+00
8.826728E-01
8.661302E-01
8.834512E-01
8.131092E-01
8.131092E-01
8.962961E-01
8.660293E-01
8.108592E-01
9.194129E-01
9.074316E-01
8.445736E-01
8.439649E-01
8.663962E-01
1.000000E+00
8.965421E-01
1.000000E+00
1.000000E+00
1.000000E+00
1.000000E+00
1.000000E+00
1.000000E+00
9.091613E-01
9.210449E-01
1.000000E+00
1.000000E+00
1.000000E+00
1.000000E+00
9.055374E-01
1.000000E+00
8.827973E-01
8.962912E-01
8.440667E-01
8.440667E-01
7.863653E-01
8.827199E-01
9.222787E-01
9.237177E-01
8.095593E-01
8.665990E-01
6.790744E-01
8.830012E-01
1.000000E+00
9.067864E-01
7.606122E-01
8.108738E-01
5.141138E-01
5.141138E-01
8.425249E-01
7.602892E-01
8.825131E-01
1.000000E+00
6.810197E-01
6.816596E-01
0.000000E+00
7.614613E-01
1.000000E+00
8.430915E-01
8.649825E-01
8.825823E-01
8.108647E-01
8.108647E-01
7.605282E-01
8.648798E-01
9.148263E-01
1.000000E+00
9.068843E-01
8.430244E-01
8.424034E-01
8.652530E-01
1.000000E+00
8.958579E-01
8.441999E-01
8.671738E-01
7.674014E-01
7.674014E-01
8.836041E-01
8.440631E-01
9.070005E-01
1.000000E+00
8.974502E-01
8.142110E-01
8.133405E-01
8.445600E-01
1.000000E+00
7.204318E-01
9.152700E-01
9.225547E-01
8.967258E-01
8.967258E-01
9.284441E-01
9.152295E-01
9.380285E-01
9.396475E-01
9.339283E-01
9.071164E-01
9.068993E-01
9.153766E-01
9.312097E-01
8.427728E-01
8.969283E-01
9.075114E-01
8.681219E-01
8.681219E-01
9.157886E-01
8.968685E-01
9.287559E-01
1.000000E+00
9.232827E-01
8.846059E-01
8.842707E-01
8.970861E-01
1.000000E+00
9.159509E-01
8.416434E-01
8.653201E-01
7.616570E-01
7.616570E-01
7.254110E-01
8.415021E-01
7.847846E-01
1.000000E+00
8.963488E-01
8.105641E-01
8.096590E-01
8.420154E-01
1.000000E+00
8.825006E-01
8.963691E-01
9.070613E-01
8.672050E-01
8.672050E-01
9.154157E-01
8.963086E-01
8.414420E-01
1.000000E+00
9.229733E-01
8.839045E-01
8.835652E-01
8.965285E-01
9.139610E-01
9.155794E-01
1.000000E+00
9.010807E-01
1.000000E+00
1.000000E+00
9.110409E-01
1.000000E+00
1.000000E+00
9.324765E-01
1.000000E+00
1.000000E+00
1.000000E+00
1.000000E+00
9.214480E-01
1.000000E+00
8.339322E-01
1.000000E+00
1.000000E+00
1.000000E+00
1.000000E+00
8.337825E-01
1.000000E+00
8.076476E-01
1.000000E+00
1.000000E+00
1.000000E+00
8.343262E-01
7.602503E-01
7.124401E-01
1.000000E+00
1.000000E+00
1.000000E+00
1.000000E+00
1.000000E+00
1.000000E+00
1.000000E+00
8.815271E-01
1.000000E+00
1.000000E+00
1.000000E+00
1.000000E+00
8.651014E-01
9.312832E-01
8.429657E-01
8.662778E-01
7.646399E-01
7.646399E-01
8.829167E-01
8.428268E-01
9.065622E-01
1.000000E+00
8.969170E-01
8.124533E-01
8.115662E-01
8.433316E-01
1.000000E+00
8.832302E-01
8.402946E-01
8.482999E-01
9.143974E-01
9.143974E-01
8.618413E-01
8.402242E-01
8.799707E-01
8.842890E-01
8.719763E-01
9.216613E-01
8.238216E-01
8.404805E-01
9.392585E-01
7.739722E-01
8.122625E-01
8.446418E-01
6.882169E-01
6.882169E-01
8.666573E-01
8.120639E-01
8.964895E-01
1.000000E+00
8.845194E-01
7.669299E-01
7.655583E-01
8.127851E-01
1.000000E+00
8.670638E-01
8.776393E-01
1.000000E+00
1.000000E+00
1.000000E+00
9.019987E-01
8.775581E-01
1.000000E+00
9.272312E-01
1.000000E+00
1.000000E+00
1.000000E+00
8.778533E-01
9.142582E-01
1.000000E+00
9.222340E-01
8.387251E-01
9.068890E-01
9.068890E-01
9.334752E-01
9.222000E-01
7.920184E-01
8.795022E-01
9.382410E-01
9.154196E-01
9.152396E-01
9.223239E-01
9.357138E-01
8.546279E-01
8.114944E-01
8.441162E-01
6.860929E-01
6.860929E-01
8.662703E-01
8.112942E-01
8.962564E-01
1.000000E+00
8.842293E-01
7.657450E-01
7.643594E-01
8.120214E-01
1.000000E+00
8.666792E-01
8.428853E-01
8.662195E-01
7.644593E-01
7.644593E-01
8.828720E-01
8.427463E-01
9.065337E-01
1.000000E+00
8.968823E-01
8.123386E-01
8.114505E-01
8.432515E-01
1.000000E+00
8.831857E-01
1.000000E+00
1.000000E+00
1.000000E+00
1.000000E+00
1.000000E+00
1.000000E+00
1.000000E+00
8.813495E-01
1.000000E+00
1.000000E+00
1.000000E+00
1.000000E+00
8.424919E-01
1.000000E+00
7.633692E-01
8.125988E-01
5.253386E-01
5.253386E-01
8.437227E-01
7.630536E-01
8.831811E-01
1.000000E+00
8.677051E-01
6.865166E-01
6.840303E-01
7.641989E-01
1.000000E+00
8.442807E-01
8.827049E-01
8.962188E-01
8.439032E-01
8.439032E-01
9.065280E-01
7.212320E-01
9.222381E-01
1.000000E+00
9.156715E-01
8.664793E-01
8.660303E-01
8.829091E-01
1.000000E+00
9.067280E-01
5.176775E-01
8.431234E-01
6.820406E-01
6.820406E-01
8.655403E-01
5.170343E-01
8.958176E-01
1.000000E+00
8.836826E-01
7.634956E-01
7.620832E-01
5.193687E-01
1.000000E+00
8.659536E-01
1.000000E+00
1.000000E+00
1.000000E+00
1.000000E+00
1.000000E+00
1.000000E+00
8.916649E-01
7.874577E-01
1.000000E+00
1.000000E+00
1.000000E+00
1.000000E+00
8.817389E-01
1.000000E+00
8.425359E-01
8.659662E-01
7.636730E-01
7.636730E-01
8.826779E-01
8.423962E-01
9.064102E-01
1.000000E+00
8.967319E-01
8.118399E-01
8.109469E-01
8.429037E-01
1.000000E+00
8.829926E-01
1.000000E+00
1.000000E+00
1.000000E+00
1.000000E+00
9.094737E-01
1.000000E+00
9.233708E-01
8.513412E-01
1.000000E+00
1.000000E+00
1.000000E+00
1.000000E+00
9.214182E-01
1.000000E+00
1.000000E+00
1.000000E+00
1.000000E+00
1.000000E+00
1.000000E+00
1.000000E+00
1.000000E+00
1.000000E+00
1.000000E+00
1.000000E+00
1.000000E+00
1.000000E+00
1.000000E+00
1.000000E+00
8.664650E-01
7.235493E-01
8.137610E-01
8.137610E-01
8.964971E-01
8.663646E-01
9.154187E-01
1.000000E+00
9.075918E-01
8.450247E-01
8.444195E-01
8.667296E-01
1.000000E+00
8.967421E-01
6.792969E-01
8.824102E-01
8.104178E-01
8.104178E-01
7.601780E-01
6.790126E-01
9.147358E-01
1.000000E+00
9.067761E-01
8.427167E-01
8.420933E-01
6.800454E-01
1.000000E+00
8.957226E-01
1.000000E+00
1.000000E+00
1.000000E+00
1.000000E+00
1.000000E+00
1.000000E+00
1.000000E+00
8.813495E-01
1.000000E+00
1.000000E+00
1.000000E+00
1.000000E+00
8.424919E-01
1.000000E+00
6.797920E-01
8.825459E-01
8.107704E-01
8.107704E-01
8.955799E-01
6.795087E-01
9.148072E-01
1.000000E+00
9.068615E-01
8.429595E-01
8.423380E-01
6.805383E-01
1.000000E+00
8.958293E-01
1.000000E+00
1.000000E+00
1.000000E+00
1.000000E+00
1.000000E+00
1.000000E+00
1.000000E+00
1.000000E+00
1.000000E+00
1.000000E+00
1.000000E+00
1.000000E+00
1.000000E+00
1.000000E+00
1.000000E+00
8.334440E-01
1.000000E+00
1.000000E+00
1.000000E+00
1.000000E+00
1.000000E+00
9.051332E-01
1.000000E+00
1.000000E+00
1.000000E+00
1.000000E+00
8.818227E-01
1.000000E+00
9.031776E-01
1.000000E+00
1.000000E+00
1.000000E+00
1.000000E+00
9.031267E-01
1.000000E+00
1.000000E+00
1.000000E+00
1.000000E+00
1.000000E+00
9.033116E-01
9.208087E-01
1.000000E+00
1.000000E+00
1.000000E+00
1.000000E+00
1.000000E+00
1.000000E+00
1.000000E+00
1.000000E+00
8.947202E-01
1.000000E+00
1.000000E+00
1.000000E+00
1.000000E+00
6.738983E-01
1.000000E+00
8.821801E-01
8.958082E-01
8.429723E-01
8.429723E-01
9.061951E-01
8.821019E-01
7.109097E-01
9.253207E-01
9.154006E-01
8.657988E-01
8.653452E-01
8.823861E-01
1.000000E+00
9.063964E-01
9.336133E-01
9.381701E-01
9.227443E-01
9.227443E-01
7.910122E-01
9.335885E-01
9.484470E-01
8.887144E-01
8.074427E-01
9.287100E-01
8.410004E-01
9.336787E-01
1.000000E+00
9.420595E-01
9.071958E-01
9.158640E-01
8.844751E-01
8.844751E-01
9.227695E-01
9.071473E-01
8.552839E-01
9.358878E-01
9.291195E-01
8.973236E-01
8.970583E-01
9.073237E-01
1.000000E+00
9.229061E-01
8.018652E-01
1.000000E+00
1.000000E+00
1.000000E+00
1.000000E+00
8.016522E-01
1.000000E+00
9.051491E-01
1.000000E+00
1.000000E+00
1.000000E+00
8.024259E-01
8.818473E-01
1.000000E+00
8.419556E-01
8.655461E-01
7.623637E-01
7.623637E-01
8.823561E-01
8.418149E-01
9.062055E-01
1.000000E+00
8.964827E-01
8.110108E-01
8.101100E-01
8.423262E-01
1.000000E+00
8.826726E-01
8.423567E-01
8.658364E-01
7.632692E-01
7.632692E-01
8.825784E-01
8.422167E-01
9.063469E-01
1.000000E+00
8.966549E-01
8.115839E-01
8.106886E-01
8.427254E-01
1.000000E+00
8.828937E-01
9.149432E-01
8.260560E-01
8.962400E-01
8.962400E-01
9.282112E-01
9.149025E-01
8.627189E-01
1.000000E+00
9.337298E-01
9.067236E-01
9.065047E-01
9.150507E-01
1.000000E+00
9.283292E-01
5.104035E-01
8.415628E-01
6.755637E-01
6.755637E-01
6.771175E-01
5.097407E-01
8.951316E-01
1.000000E+00
8.828268E-01
7.599308E-01
7.584753E-01
5.121460E-01
1.000000E+00
8.648158E-01
1.000000E+00
1.000000E+00
1.000000E+00
1.000000E+00
1.000000E+00
1.000000E+00
1.000000E+00
8.949496E-01
1.000000E+00
1.000000E+00
1.000000E+00
1.000000E+00
8.655915E-01
1.000000E+00
1.000000E+00
1.000000E+00
1.000000E+00
1.000000E+00
8.344587E-01
1.000000E+00
1.000000E+00
8.942620E-01
1.000000E+00
1.000000E+00
1.000000E+00
1.000000E+00
8.644638E-01
1.000000E+00
1.000000E+00
1.000000E+00
1.000000E+00
1.000000E+00
1.000000E+00
1.000000E+00
8.775842E-01
7.600949E-01
1.000000E+00
1.000000E+00
1.000000E+00
1.000000E+00
8.643300E-01
1.000000E+00
8.907020E-01
1.000000E+00
1.000000E+00
1.000000E+00
9.105175E-01
8.906372E-01
1.000000E+00
8.525361E-01
1.000000E+00
1.000000E+00
1.000000E+00
8.908728E-01
7.073200E-01
9.112767E-01
7.994625E-01
1.000000E+00
1.000000E+00
1.000000E+00
8.578605E-01
7.992443E-01
1.000000E+00
9.045889E-01
1.000000E+00
1.000000E+00
1.000000E+00
8.000368E-01
8.809768E-01
1.000000E+00
1.000000E+00
1.000000E+00
1.000000E+00
1.000000E+00
1.000000E+00
1.000000E+00
1.000000E+00
9.217927E-01
1.000000E+00
1.000000E+00
1.000000E+00
1.000000E+00
9.066057E-01
1.000000E+00
1.000000E+00
1.000000E+00
1.000000E+00
1.000000E+00
1.000000E+00
1.000000E+00
8.917347E-01
7.875936E-01
1.000000E+00
1.000000E+00
1.000000E+00
1.000000E+00
8.818240E-01
1.000000E+00
8.658488E-01
8.832380E-01
8.125603E-01
8.125603E-01
8.961273E-01
8.657474E-01
8.090250E-01
1.000000E+00
9.072972E-01
8.441942E-01
8.435825E-01
8.661159E-01
1.000000E+00
8.963741E-01
7.893331E-01
9.154253E-01
8.836463E-01
8.836463E-01
9.224000E-01
7.892105E-01
8.524790E-01
1.000000E+00
9.288084E-01
8.966695E-01
8.964007E-01
7.896564E-01
1.000000E+00
9.225378E-01
8.018652E-01
1.000000E+00
1.000000E+00
1.000000E+00
1.000000E+00
8.016522E-01
1.000000E+00
9.051491E-01
1.000000E+00
1.000000E+00
1.000000E+00
8.024259E-01
8.818473E-01
1.000000E+00
7.615137E-01
9.065004E-01
8.660568E-01
8.660568E-01
9.149513E-01
7.613566E-01
9.281575E-01
9.307133E-01
9.225884E-01
8.830279E-01
8.826834E-01
7.619279E-01
9.193574E-01
8.103252E-01
8.913911E-01
1.000000E+00
1.000000E+00
1.000000E+00
1.000000E+00
8.913271E-01
9.233515E-01
9.324388E-01
1.000000E+00
1.000000E+00
1.000000E+00
8.915598E-01
9.213970E-01
1.000000E+00
9.067022E-01
8.066080E-01
8.837092E-01
8.837092E-01
9.224280E-01
9.066531E-01
8.546952E-01
9.356610E-01
9.288319E-01
8.967191E-01
8.964506E-01
9.068314E-01
1.000000E+00
9.225657E-01
1.000000E+00
9.016167E-01
1.000000E+00
1.000000E+00
1.000000E+00
1.000000E+00
1.000000E+00
9.327366E-01
1.000000E+00
1.000000E+00
1.000000E+00
1.000000E+00
9.217998E-01
1.000000E+00
1.000000E+00
1.000000E+00
1.000000E+00
1.000000E+00
1.000000E+00
1.000000E+00
1.000000E+00
8.813495E-01
1.000000E+00
1.000000E+00
1.000000E+00
1.000000E+00
8.424919E-01
1.000000E+00
8.285878E-01
9.287730E-01
9.074950E-01
9.074950E-01
9.337851E-01
8.285067E-01
9.420751E-01
1.000000E+00
9.385082E-01
9.159200E-01
9.157421E-01
8.288019E-01
1.000000E+00
9.338855E-01
1.000000E+00
1.000000E+00
1.000000E+00
1.000000E+00
1.000000E+00
1.000000E+00
1.000000E+00
8.813495E-01
1.000000E+00
1.000000E+00
1.000000E+00
1.000000E+00
8.424919E-01
1.000000E+00
1.000000E+00
1.000000E+00
1.000000E+00
1.000000E+00
1.000000E+00
1.000000E+00
1.000000E+00
9.215201E-01
1.000000E+00
1.000000E+00
1.000000E+00
1.000000E+00
9.062167E-01
1.000000E+00
8.837985E-01
8.970758E-01
8.458339E-01
8.458339E-01
9.072238E-01
8.837224E-01
9.227203E-01
1.000000E+00
9.162382E-01
8.678945E-01
8.674550E-01
8.839989E-01
9.080414E-01
9.074208E-01
8.018652E-01
1.000000E+00
1.000000E+00
1.000000E+00
1.000000E+00
8.016522E-01
1.000000E+00
9.051491E-01
1.000000E+00
1.000000E+00
1.000000E+00
8.024259E-01
8.818473E-01
1.000000E+00
8.826843E-01
8.962027E-01
8.438666E-01
8.438666E-01
9.065149E-01
8.826068E-01
8.277236E-01
9.255164E-01
9.156608E-01
8.664526E-01
8.660034E-01
8.828886E-01
1.000000E+00
9.067149E-01
1.000000E+00
1.000000E+00
1.000000E+00
1.000000E+00
1.000000E+00
1.000000E+00
8.960758E-01
9.045397E-01
8.896561E-01
1.000000E+00
9.338667E-01
1.000000E+00
8.941550E-01
9.461678E-01
5.104035E-01
8.415628E-01
6.755637E-01
6.755637E-01
6.771175E-01
5.097407E-01
8.951316E-01
1.000000E+00
8.828268E-01
7.599308E-01
7.584753E-01
5.121460E-01
1.000000E+00
8.648158E-01
8.348043E-01
1.000000E+00
1.000000E+00
1.000000E+00
1.000000E+00
8.346562E-01
8.996605E-01
9.135919E-01
1.000000E+00
1.000000E+00
1.000000E+00
8.351942E-01
8.946675E-01
1.000000E+00
